>CGGAATTC	1-CGGAATTC	6.343290	-31.903908	0	T:125.0(24.18%),B:5727.0(11.99%),P:1e-13	Tpos:348.0,Tstd:522.7,Bpos:219.4,Bstd:142.2,StrandBias:0.1,Multiplicity:1.25
0.254	0.450	0.176	0.120
0.214	0.025	0.601	0.160
0.010	0.151	0.832	0.007
0.804	0.046	0.078	0.072
0.897	0.023	0.001	0.079
0.042	0.023	0.022	0.913
0.042	0.136	0.127	0.695
0.031	0.817	0.067	0.085
>AGGAATGT	2-AGGAATGT	6.814449	-24.320489	0	T:126.0(24.37%),B:6464.5(13.53%),P:1e-10	Tpos:328.0,Tstd:504.3,Bpos:222.9,Bstd:136.8,StrandBias:0.1,Multiplicity:1.40
0.890	0.032	0.050	0.028
0.181	0.001	0.817	0.001
0.089	0.001	0.709	0.201
0.906	0.073	0.020	0.001
0.980	0.001	0.001	0.018
0.001	0.001	0.031	0.967
0.001	0.057	0.876	0.066
0.001	0.001	0.001	0.997
>ATGCGTGA	3-ATGCGTGA	6.571982	-24.149194	0	T:88.0(17.02%),B:3863.3(8.09%),P:1e-10	Tpos:278.3,Tstd:483.9,Bpos:218.5,Bstd:135.0,StrandBias:0.7,Multiplicity:1.20
0.846	0.062	0.001	0.091
0.118	0.179	0.053	0.650
0.043	0.031	0.891	0.035
0.212	0.616	0.109	0.063
0.156	0.139	0.704	0.001
0.027	0.217	0.157	0.599
0.047	0.250	0.702	0.001
0.996	0.002	0.001	0.001
>AGTAGTAG	4-AGTAGTAG	6.769924	-18.943445	0	T:36.0(6.96%),B:1087.8(2.28%),P:1e-8	Tpos:470.5,Tstd:636.6,Bpos:221.9,Bstd:142.7,StrandBias:-0.5,Multiplicity:1.37
0.846	0.001	0.001	0.152
0.001	0.001	0.982	0.016
0.001	0.001	0.001	0.997
0.997	0.001	0.001	0.001
0.001	0.001	0.997	0.001
0.001	0.001	0.001	0.997
0.997	0.001	0.001	0.001
0.001	0.001	0.997	0.001
>AGGCAATT	5-AGGCAATT	7.670185	-18.355034	0	T:50.0(9.67%),B:1893.4(3.96%),P:1e-7	Tpos:364.6,Tstd:470.4,Bpos:223.2,Bstd:136.5,StrandBias:-0.2,Multiplicity:1.04
0.901	0.001	0.001	0.097
0.001	0.049	0.949	0.001
0.001	0.001	0.997	0.001
0.001	0.997	0.001	0.001
0.997	0.001	0.001	0.001
0.853	0.145	0.001	0.001
0.001	0.001	0.001	0.997
0.119	0.001	0.001	0.879
>ACGATACK	6-ACGATACK	5.274446	-18.129356	0	T:93.0(17.99%),B:4724.6(9.89%),P:1e-7	Tpos:242.3,Tstd:158.9,Bpos:219.7,Bstd:143.9,StrandBias:0.0,Multiplicity:1.16
0.895	0.001	0.103	0.001
0.001	0.997	0.001	0.001
0.187	0.001	0.811	0.001
0.792	0.090	0.001	0.117
0.001	0.001	0.092	0.906
0.997	0.001	0.001	0.001
0.001	0.997	0.001	0.001
0.136	0.001	0.369	0.494
>STAAGCTT	7-STAAGCTT	8.570197	-16.605908	0	T:26.0(5.03%),B:685.4(1.43%),P:1e-7	Tpos:233.3,Tstd:156.0,Bpos:225.3,Bstd:136.8,StrandBias:1.4,Multiplicity:1.00
0.035	0.410	0.514	0.041
0.031	0.227	0.178	0.564
0.904	0.001	0.094	0.001
0.812	0.051	0.093	0.044
0.011	0.063	0.925	0.001
0.138	0.714	0.001	0.147
0.010	0.110	0.080	0.800
0.017	0.032	0.054	0.897
>GTCACGGA	8-GTCACGGA	6.911589	-16.085657	0	T:55.0(10.64%),B:2350.3(4.92%),P:1e-6	Tpos:326.0,Tstd:513.4,Bpos:221.8,Bstd:138.7,StrandBias:0.6,Multiplicity:1.15
0.313	0.001	0.685	0.001
0.001	0.001	0.001	0.997
0.001	0.768	0.230	0.001
0.997	0.001	0.001	0.001
0.001	0.915	0.001	0.083
0.001	0.001	0.997	0.001
0.221	0.001	0.777	0.001
0.997	0.001	0.001	0.001
>AGGCCTAG	9-AGGCCTAG	7.027095	-15.710186	0	T:116.0(22.44%),B:6684.2(13.99%),P:1e-6	Tpos:333.5,Tstd:538.9,Bpos:220.2,Bstd:137.0,StrandBias:0.0,Multiplicity:1.24
0.879	0.076	0.044	0.001
0.028	0.040	0.895	0.037
0.021	0.103	0.850	0.026
0.001	0.847	0.151	0.001
0.001	0.985	0.013	0.001
0.001	0.001	0.042	0.956
0.784	0.075	0.060	0.081
0.008	0.071	0.920	0.001
>AAGCCGAA	10-AAGCCGAA	6.039749	-14.725246	0	T:169.0(32.69%),B:11029.4(23.09%),P:1e-6	Tpos:348.9,Tstd:635.1,Bpos:221.7,Bstd:143.7,StrandBias:0.4,Multiplicity:1.35
0.897	0.029	0.027	0.047
0.900	0.026	0.017	0.057
0.238	0.117	0.554	0.091
0.073	0.760	0.105	0.062
0.031	0.638	0.123	0.208
0.155	0.011	0.788	0.046
0.690	0.114	0.151	0.045
0.789	0.110	0.055	0.046
>ACATTCAG	11-ACATTCAG	8.236954	-14.603477	0	T:24.0(4.64%),B:663.1(1.39%),P:1e-6	Tpos:254.9,Tstd:133.3,Bpos:232.6,Bstd:135.0,StrandBias:0.0,Multiplicity:1.08
0.700	0.100	0.100	0.100
0.100	0.700	0.100	0.100
0.700	0.100	0.100	0.100
0.100	0.100	0.100	0.700
0.100	0.100	0.100	0.700
0.100	0.700	0.100	0.100
0.700	0.100	0.100	0.100
0.100	0.100	0.700	0.100
>TATGGCGA	12-TATGGCGA	10.775486	-13.806448	0	T:10.0(1.93%),B:119.6(0.25%),P:1e-5	Tpos:411.0,Tstd:507.8,Bpos:231.0,Bstd:159.0,StrandBias:2.5,Multiplicity:2.70
0.001	0.001	0.001	0.997
0.997	0.001	0.001	0.001
0.001	0.001	0.001	0.997
0.001	0.001	0.997	0.001
0.001	0.001	0.974	0.024
0.001	0.997	0.001	0.001
0.235	0.001	0.763	0.001
0.997	0.001	0.001	0.001
>TCACGTTT	13-TCACGTTT	7.783125	-13.550828	0	T:40.0(7.74%),B:1600.2(3.35%),P:1e-5	Tpos:311.6,Tstd:384.1,Bpos:226.2,Bstd:148.7,StrandBias:-0.7,Multiplicity:1.50
0.001	0.176	0.001	0.822
0.001	0.997	0.001	0.001
0.600	0.001	0.001	0.398
0.001	0.997	0.001	0.001
0.054	0.001	0.944	0.001
0.001	0.001	0.001	0.997
0.043	0.120	0.001	0.836
0.001	0.001	0.001	0.997
>GTCCTACA	14-GTCCTACA	7.846703	-9.138275	0	T:18.0(3.48%),B:590.0(1.24%),P:1e-3	Tpos:449.2,Tstd:667.7,Bpos:224.2,Bstd:146.5,StrandBias:-1.2,Multiplicity:2.33
0.001	0.001	0.997	0.001
0.001	0.001	0.001	0.997
0.001	0.997	0.001	0.001
0.001	0.593	0.405	0.001
0.001	0.001	0.067	0.931
0.997	0.001	0.001	0.001
0.001	0.997	0.001	0.001
0.997	0.001	0.001	0.001
>AAAATGCG	15-AAAATGCG	8.163117	-7.311999	0	T:17.0(3.29%),B:631.1(1.32%),P:1e-3	Tpos:308.6,Tstd:451.0,Bpos:221.5,Bstd:148.9,StrandBias:1.0,Multiplicity:1.06
0.779	0.001	0.133	0.087
0.997	0.001	0.001	0.001
0.844	0.001	0.001	0.154
0.997	0.001	0.001	0.001
0.001	0.145	0.001	0.853
0.001	0.339	0.659	0.001
0.138	0.860	0.001	0.001
0.001	0.001	0.997	0.001
>TAKWRTTA	16-TAKWRTTA	7.900006	-6.312501	0	T:52.0(10.06%),B:3149.3(6.59%),P:1e-2	Tpos:644.2,Tstd:1019.3,Bpos:221.0,Bstd:142.2,StrandBias:0.2,Multiplicity:1.62
0.001	0.001	0.001	0.997
0.997	0.001	0.001	0.001
0.001	0.001	0.454	0.544
0.504	0.001	0.001	0.494
0.427	0.160	0.412	0.001
0.001	0.001	0.315	0.683
0.353	0.001	0.001	0.645
0.997	0.001	0.001	0.001
>TTTCTCAT	17-TTTCTCAT	8.825656	-5.601657	0	T:30.0(5.80%),B:1624.3(3.40%),P:1e-2	Tpos:303.2,Tstd:250.4,Bpos:220.7,Bstd:135.0,StrandBias:-1.1,Multiplicity:1.93
0.001	0.001	0.001	0.997
0.001	0.001	0.093	0.905
0.001	0.001	0.119	0.879
0.001	0.997	0.001	0.001
0.001	0.001	0.001	0.997
0.001	0.997	0.001	0.001
0.979	0.001	0.019	0.001
0.001	0.001	0.001	0.997
>TTTCTTTC	18-TTTCTTTC	8.615914	-2.080758	0	T:49.0(9.48%),B:3822.1(8.00%),P:1e0	Tpos:293.9,Tstd:200.4,Bpos:217.7,Bstd:158.8,StrandBias:1.3,Multiplicity:2.71
0.001	0.001	0.001	0.997
0.001	0.001	0.001	0.997
0.001	0.001	0.001	0.997
0.001	0.997	0.001	0.001
0.001	0.001	0.001	0.997
0.001	0.001	0.001	0.997
0.001	0.001	0.086	0.912
0.001	0.997	0.001	0.001
