>STTATCKS	1-STTATCKS	2.769047	-126.107769	0	T:247.0(27.82%),B:4482.8(9.37%),P:1e-54	Tpos:304.5,Tstd:555.9,Bpos:195.7,Bstd:116.8,StrandBias:0.1,Multiplicity:1.23
0.001	0.560	0.438	0.001
0.001	0.001	0.001	0.997
0.001	0.001	0.001	0.997
0.997	0.001	0.001	0.001
0.001	0.001	0.001	0.997
0.001	0.997	0.001	0.001
0.001	0.001	0.537	0.461
0.001	0.323	0.441	0.235
>ATGACTCA	2-ATGACTCA	6.872609	-71.498597	0	T:172.0(19.37%),B:3476.8(7.27%),P:1e-31	Tpos:225.1,Tstd:194.8,Bpos:196.8,Bstd:113.8,StrandBias:0.0,Multiplicity:1.16
0.554	0.124	0.293	0.029
0.016	0.001	0.001	0.982
0.001	0.016	0.975	0.008
0.980	0.018	0.001	0.001
0.030	0.803	0.166	0.001
0.001	0.001	0.001	0.997
0.021	0.960	0.018	0.001
0.987	0.001	0.011	0.001
>RMATTCCT	3-RMATTCCT	6.707449	-51.528215	0	T:247.0(27.82%),B:7131.3(14.91%),P:1e-22	Tpos:307.1,Tstd:473.5,Bpos:195.7,Bstd:119.4,StrandBias:0.0,Multiplicity:1.41
0.463	0.044	0.370	0.123
0.461	0.481	0.048	0.010
0.902	0.056	0.019	0.023
0.115	0.039	0.066	0.780
0.124	0.050	0.001	0.825
0.283	0.673	0.043	0.001
0.001	0.809	0.052	0.138
0.250	0.083	0.245	0.422
>GTTATCTA	4-GTTATCTA	7.836052	-38.103527	0	T:88.0(9.91%),B:1709.4(3.57%),P:1e-16	Tpos:265.0,Tstd:445.1,Bpos:193.7,Bstd:118.0,StrandBias:-0.4,Multiplicity:1.00
0.292	0.229	0.448	0.031
0.001	0.326	0.001	0.672
0.182	0.001	0.050	0.767
0.965	0.001	0.033	0.001
0.035	0.023	0.183	0.759
0.001	0.854	0.144	0.001
0.006	0.010	0.001	0.983
0.860	0.055	0.063	0.022
>ACTGTAAA	5-ACTGTAAA	8.347904	-28.258077	0	T:104.0(11.71%),B:2616.5(5.47%),P:1e-12	Tpos:308.4,Tstd:287.7,Bpos:196.5,Bstd:117.8,StrandBias:0.2,Multiplicity:1.81
0.997	0.001	0.001	0.001
0.001	0.604	0.001	0.394
0.001	0.001	0.044	0.954
0.227	0.158	0.490	0.124
0.367	0.079	0.001	0.553
0.693	0.001	0.124	0.182
0.996	0.001	0.001	0.002
0.919	0.001	0.001	0.079
>GCCTAAGG	6-GCCTAAGG	5.790634	-26.650181	0	T:348.0(39.19%),B:13573.3(28.37%),P:1e-11	Tpos:246.5,Tstd:364.4,Bpos:195.3,Bstd:120.1,StrandBias:0.1,Multiplicity:1.33
0.057	0.139	0.774	0.030
0.112	0.762	0.037	0.089
0.031	0.837	0.039	0.093
0.054	0.231	0.022	0.693
0.545	0.134	0.171	0.150
0.812	0.033	0.128	0.027
0.162	0.053	0.756	0.029
0.079	0.053	0.828	0.040
>TATGGCGA	7-TATGGCGA	10.991361	-25.313406	0	T:16.0(1.80%),B:84.0(0.18%),P:1e-10	Tpos:454.8,Tstd:455.3,Bpos:153.7,Bstd:113.1,StrandBias:0.5,Multiplicity:3.38
0.001	0.001	0.001	0.997
0.997	0.001	0.001	0.001
0.001	0.001	0.001	0.997
0.001	0.001	0.997	0.001
0.001	0.001	0.925	0.073
0.001	0.997	0.001	0.001
0.001	0.001	0.997	0.001
0.997	0.001	0.001	0.001
>GARTAWTG	8-GARTAWTG	8.548075	-25.244709	0	T:48.0(5.41%),B:825.7(1.73%),P:1e-10	Tpos:280.2,Tstd:467.3,Bpos:194.0,Bstd:116.6,StrandBias:-0.2,Multiplicity:1.04
0.153	0.001	0.607	0.239
0.997	0.001	0.001	0.001
0.505	0.044	0.450	0.001
0.001	0.001	0.239	0.759
0.780	0.001	0.218	0.001
0.482	0.001	0.025	0.492
0.001	0.093	0.001	0.905
0.001	0.001	0.997	0.001
>GSCCGATC	9-GSCCGATC	6.458375	-23.659819	0	T:144.0(16.22%),B:4447.2(9.30%),P:1e-10	Tpos:306.9,Tstd:560.9,Bpos:191.7,Bstd:124.5,StrandBias:0.1,Multiplicity:1.16
0.034	0.157	0.808	0.001
0.033	0.476	0.490	0.001
0.001	0.754	0.244	0.001
0.006	0.787	0.004	0.203
0.184	0.001	0.814	0.001
0.730	0.001	0.001	0.268
0.035	0.001	0.001	0.963
0.001	0.683	0.027	0.289
>ACATTCTT	10-ACATTCTT	8.665086	-21.642329	0	T:49.0(5.52%),B:952.6(1.99%),P:1e-9	Tpos:206.2,Tstd:131.1,Bpos:196.2,Bstd:115.1,StrandBias:-0.5,Multiplicity:1.02
0.592	0.056	0.200	0.152
0.313	0.647	0.031	0.009
0.641	0.001	0.051	0.307
0.059	0.017	0.018	0.906
0.326	0.059	0.034	0.581
0.001	0.919	0.079	0.001
0.152	0.001	0.100	0.747
0.001	0.001	0.001	0.997
>TARASTTA	11-TARASTTA	8.547193	-21.353513	0	T:34.0(3.83%),B:516.6(1.08%),P:1e-9	Tpos:334.8,Tstd:365.8,Bpos:198.5,Bstd:124.8,StrandBias:1.2,Multiplicity:1.09
0.001	0.001	0.016	0.982
0.986	0.007	0.001	0.006
0.457	0.001	0.365	0.177
0.622	0.001	0.314	0.063
0.001	0.572	0.426	0.001
0.001	0.001	0.032	0.966
0.107	0.001	0.093	0.799
0.647	0.038	0.314	0.001
>AATCCACT	12-AATCCACT	5.123103	-20.570682	0	T:193.0(21.73%),B:6814.7(14.25%),P:1e-8	Tpos:275.8,Tstd:400.7,Bpos:193.8,Bstd:114.7,StrandBias:0.3,Multiplicity:1.27
0.997	0.001	0.001	0.001
0.997	0.001	0.001	0.001
0.069	0.001	0.001	0.929
0.028	0.926	0.045	0.001
0.001	0.997	0.001	0.001
0.997	0.001	0.001	0.001
0.001	0.988	0.010	0.001
0.153	0.001	0.001	0.845
>WCACTATC	13-WCACTATC	9.317123	-20.087793	0	T:43.0(4.84%),B:809.7(1.69%),P:1e-8	Tpos:235.8,Tstd:290.2,Bpos:194.4,Bstd:117.0,StrandBias:0.0,Multiplicity:1.16
0.557	0.001	0.001	0.441
0.001	0.997	0.001	0.001
0.606	0.001	0.392	0.001
0.001	0.997	0.001	0.001
0.001	0.001	0.001	0.997
0.997	0.001	0.001	0.001
0.001	0.001	0.001	0.997
0.001	0.997	0.001	0.001
>TTACTCTA	14-TTACTCTA	8.196825	-19.877499	0	T:40.0(4.50%),B:723.4(1.51%),P:1e-8	Tpos:414.4,Tstd:977.0,Bpos:195.9,Bstd:114.6,StrandBias:-0.5,Multiplicity:1.02
0.260	0.200	0.061	0.478
0.313	0.001	0.066	0.620
0.913	0.001	0.073	0.013
0.200	0.488	0.061	0.250
0.001	0.001	0.013	0.985
0.066	0.860	0.073	0.001
0.001	0.085	0.001	0.913
0.997	0.001	0.001	0.001
>TGAGMTTG	15-TGAGMTTG	7.171673	-18.833068	0	T:158.0(17.79%),B:5397.2(11.28%),P:1e-8	Tpos:286.4,Tstd:499.6,Bpos:195.7,Bstd:114.9,StrandBias:-0.2,Multiplicity:1.18
0.045	0.001	0.079	0.875
0.172	0.001	0.510	0.317
0.829	0.060	0.108	0.003
0.037	0.001	0.913	0.049
0.467	0.529	0.003	0.001
0.152	0.001	0.029	0.818
0.381	0.001	0.006	0.612
0.083	0.001	0.574	0.342
>GTCTGCCA	16-GTCTGCCA	8.236954	-17.989634	0	T:36.0(4.05%),B:652.9(1.36%),P:1e-7	Tpos:224.6,Tstd:308.8,Bpos:187.8,Bstd:112.1,StrandBias:0.2,Multiplicity:1.00
0.100	0.100	0.700	0.100
0.100	0.100	0.100	0.700
0.100	0.700	0.100	0.100
0.100	0.100	0.100	0.700
0.100	0.100	0.700	0.100
0.100	0.700	0.100	0.100
0.100	0.700	0.100	0.100
0.700	0.100	0.100	0.100
>ACTCTATG	17-ACTCTATG	11.035766	-16.527668	0	T:25.0(2.82%),B:371.6(0.78%),P:1e-7	Tpos:233.0,Tstd:148.8,Bpos:188.9,Bstd:108.0,StrandBias:0.2,Multiplicity:1.00
0.997	0.001	0.001	0.001
0.001	0.997	0.001	0.001
0.001	0.001	0.031	0.967
0.001	0.997	0.001	0.001
0.001	0.001	0.001	0.997
0.997	0.001	0.001	0.001
0.001	0.001	0.001	0.997
0.001	0.001	0.997	0.001
>GCTAAGCT	18-GCTAAGCT	10.839903	-16.198006	0	T:30.0(3.38%),B:519.5(1.09%),P:1e-7	Tpos:205.8,Tstd:123.0,Bpos:189.9,Bstd:111.7,StrandBias:-0.4,Multiplicity:1.00
0.001	0.001	0.997	0.001
0.001	0.910	0.001	0.088
0.001	0.001	0.001	0.997
0.997	0.001	0.001	0.001
0.997	0.001	0.001	0.001
0.001	0.127	0.871	0.001
0.001	0.997	0.001	0.001
0.001	0.001	0.001	0.997
>CTATAATA	19-CTATAATA	8.236954	-16.132389	0	T:25.0(2.82%),B:379.3(0.79%),P:1e-7	Tpos:253.5,Tstd:201.7,Bpos:198.7,Bstd:114.1,StrandBias:0.5,Multiplicity:1.12
0.100	0.700	0.100	0.100
0.100	0.100	0.100	0.700
0.700	0.100	0.100	0.100
0.100	0.100	0.100	0.700
0.700	0.100	0.100	0.100
0.700	0.100	0.100	0.100
0.100	0.100	0.100	0.700
0.700	0.100	0.100	0.100
>GSCWATTC	20-GSCWATTC	8.539576	-16.066863	0	T:42.0(4.73%),B:901.5(1.88%),P:1e-6	Tpos:281.0,Tstd:572.2,Bpos:198.6,Bstd:119.4,StrandBias:0.2,Multiplicity:1.36
0.051	0.045	0.903	0.001
0.001	0.452	0.546	0.001
0.001	0.997	0.001	0.001
0.403	0.001	0.098	0.498
0.839	0.159	0.001	0.001
0.001	0.001	0.001	0.997
0.253	0.001	0.001	0.745
0.366	0.632	0.001	0.001
>GTCCTACA	21-GTCCTACA	8.236954	-15.444382	0	T:24.0(2.70%),B:366.2(0.77%),P:1e-6	Tpos:352.9,Tstd:291.4,Bpos:185.3,Bstd:113.1,StrandBias:-0.5,Multiplicity:2.79
0.100	0.100	0.700	0.100
0.100	0.100	0.100	0.700
0.100	0.700	0.100	0.100
0.100	0.700	0.100	0.100
0.100	0.100	0.100	0.700
0.700	0.100	0.100	0.100
0.100	0.700	0.100	0.100
0.700	0.100	0.100	0.100
>CTACTAWT	22-CTACTAWT	7.738333	-14.534735	0	T:52.0(5.86%),B:1312.3(2.74%),P:1e-6	Tpos:543.6,Tstd:932.9,Bpos:188.5,Bstd:117.8,StrandBias:0.2,Multiplicity:1.50
0.001	0.997	0.001	0.001
0.001	0.001	0.161	0.837
0.927	0.001	0.001	0.071
0.140	0.541	0.318	0.001
0.001	0.140	0.105	0.754
0.997	0.001	0.001	0.001
0.440	0.001	0.101	0.458
0.192	0.243	0.001	0.564
>YTAGTMTA	23-YTAGTMTA	6.347440	-11.591253	0	T:104.0(11.71%),B:3631.4(7.59%),P:1e-5	Tpos:345.5,Tstd:648.4,Bpos:193.4,Bstd:119.0,StrandBias:0.4,Multiplicity:1.30
0.001	0.327	0.246	0.426
0.057	0.004	0.161	0.778
0.888	0.001	0.050	0.061
0.299	0.001	0.511	0.189
0.343	0.001	0.071	0.585
0.402	0.533	0.064	0.001
0.107	0.056	0.132	0.705
0.596	0.270	0.105	0.029
>CCCCCCCC	24-CCCCCCCC	8.698737	-9.476559	0	T:134.0(15.09%),B:5210.6(10.89%),P:1e-4	Tpos:346.2,Tstd:595.3,Bpos:188.6,Bstd:119.2,StrandBias:0.1,Multiplicity:1.41
0.024	0.974	0.001	0.001
0.049	0.949	0.001	0.001
0.120	0.878	0.001	0.001
0.136	0.813	0.050	0.001
0.187	0.763	0.049	0.001
0.183	0.815	0.001	0.001
0.025	0.973	0.001	0.001
0.001	0.935	0.001	0.063
>CTCATTTT	25-CTCATTTT	10.940339	-3.653500	0	T:34.0(3.83%),B:1279.6(2.67%),P:1e-1	Tpos:400.0,Tstd:352.1,Bpos:197.3,Bstd:120.1,StrandBias:-0.6,Multiplicity:3.38
0.001	0.997	0.001	0.001
0.001	0.001	0.001	0.997
0.001	0.956	0.001	0.042
0.997	0.001	0.001	0.001
0.001	0.001	0.042	0.956
0.001	0.042	0.001	0.956
0.001	0.001	0.001	0.997
0.001	0.001	0.001	0.997
