>TGAGTCAC	1-TGAGTCAC	9.104053	-1172.314358	0	T:4566.0(13.37%),B:2065.7(6.17%),P:1e-509	Tpos:424.1,Tstd:310.1,Bpos:364.9,Bstd:214.7,StrandBias:0.0,Multiplicity:1.13
0.001	0.001	0.001	0.997
0.001	0.001	0.964	0.034
0.997	0.001	0.001	0.001
0.001	0.240	0.758	0.001
0.001	0.001	0.001	0.997
0.001	0.997	0.001	0.001
0.997	0.001	0.001	0.001
0.001	0.602	0.137	0.260
>CCYCAGGC	2-CCYCAGGC	8.148156	-1103.872399	0	T:12958.0(37.95%),B:8808.3(26.33%),P:1e-479	Tpos:477.0,Tstd:345.0,Bpos:374.5,Bstd:219.0,StrandBias:0.0,Multiplicity:1.36
0.001	0.997	0.001	0.001
0.001	0.997	0.001	0.001
0.001	0.437	0.001	0.561
0.137	0.482	0.190	0.192
0.862	0.001	0.136	0.001
0.001	0.001	0.997	0.001
0.001	0.001	0.997	0.001
0.001	0.575	0.423	0.001
>TGAGTCAT	3-TGAGTCAT	7.339676	-934.307347	0	T:7333.0(21.47%),B:4352.2(13.01%),P:1e-405	Tpos:431.3,Tstd:345.5,Bpos:360.5,Bstd:218.0,StrandBias:-0.0,Multiplicity:1.10
0.084	0.056	0.001	0.859
0.119	0.001	0.552	0.328
0.938	0.060	0.001	0.001
0.002	0.243	0.485	0.270
0.001	0.001	0.001	0.997
0.067	0.757	0.175	0.001
0.836	0.124	0.039	0.001
0.001	0.234	0.243	0.522
>GMATTCCT	4-GMATTCCT	7.647586	-536.127401	0	T:9526.0(27.90%),B:6854.1(20.49%),P:1e-232	Tpos:435.9,Tstd:351.4,Bpos:362.0,Bstd:226.3,StrandBias:-0.0,Multiplicity:1.30
0.329	0.001	0.622	0.048
0.500	0.498	0.001	0.001
0.928	0.054	0.001	0.017
0.001	0.001	0.001	0.997
0.001	0.028	0.015	0.956
0.001	0.963	0.035	0.001
0.001	0.975	0.023	0.001
0.235	0.001	0.279	0.485
>CCCTWGGG	5-CCCTWGGG	7.245847	-472.751836	0	T:12419.0(36.37%),B:9600.5(28.70%),P:1e-205	Tpos:511.8,Tstd:367.6,Bpos:369.4,Bstd:226.4,StrandBias:-0.0,Multiplicity:1.30
0.001	0.588	0.410	0.001
0.001	0.838	0.021	0.140
0.001	0.970	0.001	0.028
0.001	0.289	0.001	0.709
0.393	0.214	0.141	0.251
0.186	0.174	0.639	0.001
0.082	0.001	0.916	0.001
0.001	0.001	0.943	0.055
>CCGGAADT	6-CCGGAADT	5.774088	-380.608579	0	T:12096.0(35.42%),B:9557.4(28.57%),P:1e-165	Tpos:523.8,Tstd:358.2,Bpos:371.4,Bstd:223.8,StrandBias:0.0,Multiplicity:1.65
0.075	0.713	0.132	0.080
0.038	0.730	0.231	0.001
0.001	0.063	0.887	0.049
0.093	0.082	0.810	0.015
0.824	0.019	0.121	0.036
0.661	0.047	0.176	0.116
0.261	0.061	0.373	0.306
0.027	0.201	0.273	0.499
>CCCCDGGT	7-CCCCDGGT	7.567436	-370.382767	0	T:9184.0(26.89%),B:6944.3(20.76%),P:1e-160	Tpos:519.0,Tstd:364.4,Bpos:378.5,Bstd:235.7,StrandBias:0.0,Multiplicity:1.19
0.060	0.795	0.001	0.144
0.001	0.810	0.188	0.001
0.001	0.832	0.166	0.001
0.001	0.831	0.001	0.167
0.336	0.145	0.319	0.201
0.045	0.001	0.811	0.143
0.001	0.001	0.997	0.001
0.001	0.001	0.257	0.741
>GCCCCGCC	8-GCCCCGCC	7.874059	-354.503109	0	T:14137.0(41.40%),B:11539.3(34.49%),P:1e-153	Tpos:533.9,Tstd:343.5,Bpos:352.0,Bstd:211.1,StrandBias:-0.0,Multiplicity:2.09
0.143	0.001	0.855	0.001
0.001	0.997	0.001	0.001
0.001	0.728	0.001	0.270
0.292	0.670	0.001	0.037
0.001	0.997	0.001	0.001
0.292	0.001	0.706	0.001
0.001	0.997	0.001	0.001
0.064	0.896	0.001	0.039
>GCGBTAAA	9-GCGBTAAA	5.807093	-276.542195	0	T:9417.0(27.58%),B:7422.6(22.19%),P:1e-120	Tpos:515.1,Tstd:385.0,Bpos:363.2,Bstd:239.9,StrandBias:0.0,Multiplicity:1.32
0.030	0.202	0.767	0.001
0.001	0.997	0.001	0.001
0.001	0.001	0.997	0.001
0.155	0.250	0.265	0.329
0.168	0.001	0.293	0.538
0.597	0.114	0.288	0.001
0.772	0.007	0.164	0.057
0.569	0.034	0.097	0.300
>CCTAGAGG	10-CCTAGAGG	7.500901	-244.067517	0	T:9866.0(28.89%),B:7938.9(23.73%),P:1e-105	Tpos:476.2,Tstd:362.9,Bpos:364.9,Bstd:220.3,StrandBias:-0.0,Multiplicity:1.24
0.126	0.831	0.032	0.011
0.001	0.977	0.009	0.013
0.001	0.117	0.013	0.869
0.734	0.031	0.187	0.048
0.095	0.020	0.884	0.001
0.811	0.065	0.001	0.123
0.026	0.028	0.945	0.001
0.001	0.016	0.982	0.001
>GCGCGATT	11-GCGCGATT	5.628375	-231.127241	0	T:7862.0(23.02%),B:6161.1(18.42%),P:1e-100	Tpos:526.2,Tstd:375.6,Bpos:369.4,Bstd:231.7,StrandBias:-0.0,Multiplicity:1.32
0.087	0.075	0.789	0.049
0.072	0.769	0.061	0.098
0.038	0.063	0.811	0.088
0.083	0.634	0.145	0.138
0.086	0.070	0.732	0.112
0.618	0.128	0.126	0.128
0.083	0.070	0.042	0.805
0.047	0.064	0.047	0.842
>AGTBCGCT	12-AGTBCGCT	5.853806	-187.503830	0	T:9169.0(26.85%),B:7503.9(22.43%),P:1e-81	Tpos:514.6,Tstd:377.7,Bpos:369.3,Bstd:231.7,StrandBias:0.0,Multiplicity:1.36
0.566	0.127	0.148	0.159
0.270	0.232	0.490	0.008
0.033	0.051	0.138	0.778
0.060	0.254	0.314	0.372
0.001	0.997	0.001	0.001
0.001	0.001	0.997	0.001
0.056	0.765	0.081	0.098
0.360	0.001	0.057	0.582
>GTNACGYY	13-GTNACGYY	4.597965	-185.760316	0	T:12432.0(36.41%),B:10554.0(31.55%),P:1e-80	Tpos:514.6,Tstd:365.7,Bpos:364.5,Bstd:224.1,StrandBias:0.0,Multiplicity:1.43
0.114	0.143	0.588	0.155
0.065	0.288	0.151	0.496
0.235	0.211	0.350	0.205
0.602	0.078	0.248	0.072
0.053	0.813	0.062	0.072
0.062	0.128	0.610	0.200
0.044	0.388	0.064	0.504
0.187	0.389	0.113	0.311
>CGAATTCT	14-CGAATTCT	5.938777	-183.211634	0	T:5126.0(15.01%),B:3880.3(11.60%),P:1e-79	Tpos:478.1,Tstd:387.7,Bpos:366.3,Bstd:233.6,StrandBias:-0.0,Multiplicity:1.12
0.001	0.980	0.001	0.018
0.017	0.001	0.981	0.001
0.730	0.001	0.226	0.043
0.997	0.001	0.001	0.001
0.054	0.153	0.001	0.792
0.001	0.001	0.207	0.791
0.070	0.770	0.001	0.159
0.001	0.001	0.064	0.934
>AGGAAGTT	15-AGGAAGTT	8.551425	-155.333730	0	T:7074.0(20.72%),B:5712.1(17.08%),P:1e-67	Tpos:442.6,Tstd:354.4,Bpos:367.9,Bstd:220.6,StrandBias:-0.1,Multiplicity:1.18
0.997	0.001	0.001	0.001
0.001	0.001	0.997	0.001
0.001	0.001	0.997	0.001
0.917	0.001	0.081	0.001
0.946	0.052	0.001	0.001
0.001	0.001	0.997	0.001
0.001	0.152	0.001	0.846
0.279	0.001	0.114	0.606
>CGGTTCCT	16-CGGTTCCT	6.803586	-152.656129	0	T:9580.0(28.05%),B:8026.2(23.99%),P:1e-66	Tpos:498.2,Tstd:372.4,Bpos:370.3,Bstd:229.5,StrandBias:-0.0,Multiplicity:1.26
0.001	0.897	0.001	0.101
0.127	0.045	0.827	0.001
0.001	0.055	0.823	0.121
0.055	0.001	0.081	0.863
0.001	0.060	0.036	0.903
0.045	0.813	0.043	0.099
0.010	0.966	0.001	0.023
0.057	0.001	0.019	0.923
>ATAAGTGC	17-ATAAGTGC	8.236954	-90.803691	0	T:510.0(1.49%),B:262.6(0.79%),P:1e-39	Tpos:430.0,Tstd:376.2,Bpos:369.2,Bstd:230.1,StrandBias:0.1,Multiplicity:1.00
0.700	0.100	0.100	0.100
0.100	0.100	0.100	0.700
0.700	0.100	0.100	0.100
0.700	0.100	0.100	0.100
0.100	0.100	0.700	0.100
0.100	0.100	0.100	0.700
0.100	0.100	0.700	0.100
0.100	0.700	0.100	0.100
>GACAAACG	18-GACAAACG	6.587080	-82.810835	0	T:7360.0(21.55%),B:6302.4(18.84%),P:1e-35	Tpos:455.7,Tstd:373.2,Bpos:359.7,Bstd:227.6,StrandBias:0.0,Multiplicity:1.17
0.052	0.072	0.792	0.084
0.997	0.001	0.001	0.001
0.080	0.707	0.057	0.156
0.737	0.004	0.001	0.258
0.905	0.001	0.093	0.001
0.997	0.001	0.001	0.001
0.005	0.754	0.084	0.157
0.123	0.001	0.763	0.113
>TTAGAAGC	19-TTAGAAGC	8.233667	-78.866989	0	T:2449.0(7.17%),B:1867.4(5.58%),P:1e-34	Tpos:442.2,Tstd:341.2,Bpos:364.3,Bstd:225.0,StrandBias:-0.0,Multiplicity:1.10
0.001	0.001	0.001	0.997
0.001	0.001	0.001	0.997
0.997	0.001	0.001	0.001
0.001	0.001	0.997	0.001
0.997	0.001	0.001	0.001
0.807	0.071	0.121	0.001
0.001	0.174	0.824	0.001
0.001	0.997	0.001	0.001
>ACATTCAG	20-ACATTCAG	8.236954	-66.919716	0	T:1150.0(3.37%),B:796.0(2.38%),P:1e-29	Tpos:422.2,Tstd:320.4,Bpos:362.2,Bstd:219.3,StrandBias:0.1,Multiplicity:1.09
0.700	0.100	0.100	0.100
0.100	0.700	0.100	0.100
0.700	0.100	0.100	0.100
0.100	0.100	0.100	0.700
0.100	0.100	0.100	0.700
0.100	0.700	0.100	0.100
0.700	0.100	0.100	0.100
0.100	0.100	0.700	0.100
>CCCCCCCC	21-CCCCCCCC	9.172870	-66.775092	0	T:7810.0(22.87%),B:6817.1(20.38%),P:1e-28	Tpos:489.6,Tstd:391.0,Bpos:358.8,Bstd:227.9,StrandBias:0.0,Multiplicity:1.37
0.001	0.997	0.001	0.001
0.048	0.950	0.001	0.001
0.217	0.781	0.001	0.001
0.140	0.858	0.001	0.001
0.001	0.997	0.001	0.001
0.157	0.841	0.001	0.001
0.001	0.997	0.001	0.001
0.001	0.997	0.001	0.001
>AAGAATGT	22-AAGAATGT	9.452313	-61.262780	0	T:2073.0(6.07%),B:1598.9(4.78%),P:1e-26	Tpos:430.2,Tstd:352.1,Bpos:371.0,Bstd:231.9,StrandBias:0.0,Multiplicity:1.05
0.997	0.001	0.001	0.001
0.997	0.001	0.001	0.001
0.001	0.001	0.997	0.001
0.997	0.001	0.001	0.001
0.997	0.001	0.001	0.001
0.001	0.001	0.001	0.997
0.001	0.001	0.853	0.145
0.001	0.232	0.001	0.766
>GTATTGCM	23-GTATTGCM	8.100027	-53.727658	0	T:1127.0(3.30%),B:809.9(2.42%),P:1e-23	Tpos:431.7,Tstd:332.6,Bpos:362.6,Bstd:226.0,StrandBias:0.1,Multiplicity:1.10
0.001	0.181	0.522	0.296
0.043	0.161	0.001	0.795
0.930	0.001	0.068	0.001
0.118	0.001	0.001	0.880
0.001	0.198	0.001	0.800
0.134	0.001	0.864	0.001
0.026	0.830	0.001	0.143
0.386	0.455	0.158	0.001
>NTAGCTAA	24-NTAGCTAA	5.265566	-49.718892	0	T:1468.0(4.30%),B:1111.0(3.32%),P:1e-21	Tpos:440.7,Tstd:362.1,Bpos:370.6,Bstd:230.4,StrandBias:-0.0,Multiplicity:1.11
0.248	0.270	0.244	0.237
0.163	0.159	0.127	0.551
0.510	0.117	0.151	0.222
0.281	0.119	0.439	0.160
0.115	0.540	0.124	0.221
0.098	0.173	0.063	0.666
0.536	0.121	0.081	0.262
0.509	0.158	0.301	0.032
>TTTTTTTT	25-TTTTTTTT	8.236954	-0.847478	0	T:6554.0(19.19%),B:6407.9(19.16%),P:1e0	Tpos:455.7,Tstd:414.4,Bpos:355.4,Bstd:259.3,StrandBias:0.0,Multiplicity:1.24
0.100	0.100	0.100	0.700
0.100	0.100	0.100	0.700
0.100	0.100	0.100	0.700
0.100	0.100	0.100	0.700
0.100	0.100	0.100	0.700
0.100	0.100	0.100	0.700
0.100	0.100	0.100	0.700
0.100	0.100	0.100	0.700
