>GGCGGAAH	1-GGCGGAAH	4.644564	-103.568922	0	T:1195.0(31.23%),B:9641.3(21.39%),P:1e-44	Tpos:223.8,Tstd:182.1,Bpos:177.7,Bstd:118.5,StrandBias:0.1,Multiplicity:1.45
0.248	0.105	0.399	0.248
0.134	0.289	0.517	0.060
0.103	0.809	0.019	0.069
0.015	0.252	0.648	0.085
0.170	0.147	0.443	0.240
0.615	0.070	0.171	0.144
0.620	0.083	0.182	0.115
0.227	0.296	0.137	0.339
>CCCCCCCC	2-CCCCCCCC	9.350309	-101.252512	0	T:1120.0(29.27%),B:8918.5(19.79%),P:1e-43	Tpos:196.7,Tstd:142.6,Bpos:169.9,Bstd:108.2,StrandBias:0.1,Multiplicity:1.57
0.044	0.954	0.001	0.001
0.001	0.997	0.001	0.001
0.001	0.997	0.001	0.001
0.001	0.997	0.001	0.001
0.001	0.795	0.203	0.001
0.001	0.997	0.001	0.001
0.001	0.997	0.001	0.001
0.078	0.920	0.001	0.001
>TACTTCCG	3-TACTTCCG	6.490834	-72.700725	0	T:606.0(15.83%),B:4386.0(9.73%),P:1e-31	Tpos:213.0,Tstd:171.7,Bpos:176.4,Bstd:109.3,StrandBias:-0.1,Multiplicity:1.16
0.108	0.138	0.087	0.667
0.656	0.112	0.116	0.116
0.065	0.660	0.166	0.109
0.077	0.044	0.105	0.774
0.082	0.079	0.045	0.794
0.055	0.848	0.020	0.077
0.038	0.818	0.118	0.026
0.045	0.064	0.791	0.100
>CCACGCCC	4-CCACGCCC	7.283881	-71.313476	0	T:1728.0(45.15%),B:16206.0(35.96%),P:1e-30	Tpos:222.4,Tstd:201.1,Bpos:175.8,Bstd:112.7,StrandBias:0.1,Multiplicity:1.48
0.386	0.612	0.001	0.001
0.332	0.635	0.001	0.032
0.700	0.298	0.001	0.001
0.001	0.997	0.001	0.001
0.001	0.312	0.686	0.001
0.001	0.997	0.001	0.001
0.182	0.750	0.001	0.067
0.001	0.595	0.001	0.403
>GCCAATCA	5-GCCAATCA	7.477899	-58.131304	0	T:394.0(10.30%),B:2660.1(5.90%),P:1e-25	Tpos:243.6,Tstd:167.7,Bpos:174.5,Bstd:110.1,StrandBias:0.4,Multiplicity:1.08
0.001	0.030	0.709	0.260
0.001	0.755	0.001	0.243
0.001	0.775	0.092	0.132
0.965	0.012	0.003	0.020
0.863	0.001	0.013	0.123
0.001	0.001	0.001	0.997
0.001	0.817	0.001	0.181
0.563	0.211	0.170	0.056
>DTCACGCC	6-DTCACGCC	5.557674	-53.635138	0	T:1055.0(27.57%),B:9346.8(20.74%),P:1e-23	Tpos:218.1,Tstd:155.6,Bpos:178.2,Bstd:119.0,StrandBias:0.1,Multiplicity:1.36
0.236	0.085	0.383	0.296
0.037	0.059	0.018	0.886
0.163	0.640	0.108	0.089
0.746	0.119	0.001	0.134
0.026	0.883	0.089	0.002
0.019	0.001	0.884	0.096
0.062	0.556	0.056	0.326
0.087	0.518	0.351	0.044
>ACCAATSR	7-ACCAATSR	5.460193	-49.992835	0	T:528.0(13.80%),B:4055.7(9.00%),P:1e-21	Tpos:238.8,Tstd:298.4,Bpos:164.7,Bstd:103.5,StrandBias:-0.0,Multiplicity:1.35
0.974	0.001	0.019	0.006
0.001	0.997	0.001	0.001
0.001	0.992	0.001	0.006
0.994	0.001	0.001	0.004
0.997	0.001	0.001	0.001
0.001	0.001	0.001	0.997
0.184	0.463	0.352	0.001
0.549	0.013	0.437	0.001
>ACATTCCT	8-ACATTCCT	8.321645	-48.998309	0	T:364.0(9.51%),B:2528.8(5.61%),P:1e-21	Tpos:217.7,Tstd:180.0,Bpos:184.1,Bstd:110.3,StrandBias:0.1,Multiplicity:1.10
0.874	0.001	0.124	0.001
0.001	0.772	0.226	0.001
0.997	0.001	0.001	0.001
0.001	0.001	0.001	0.997
0.001	0.001	0.001	0.997
0.001	0.997	0.001	0.001
0.001	0.807	0.001	0.191
0.176	0.001	0.001	0.822
>TGACTCAC	9-TGACTCAC	8.091253	-46.828393	0	T:341.0(8.91%),B:2353.2(5.22%),P:1e-20	Tpos:210.0,Tstd:156.2,Bpos:185.7,Bstd:109.4,StrandBias:0.1,Multiplicity:1.06
0.001	0.001	0.003	0.995
0.030	0.002	0.967	0.001
0.995	0.001	0.001	0.003
0.059	0.559	0.269	0.113
0.001	0.039	0.003	0.957
0.001	0.760	0.238	0.001
0.957	0.001	0.041	0.001
0.036	0.533	0.153	0.278
>CGCGATTT	10-CGCGATTT	5.088442	-45.283993	0	T:1463.0(38.23%),B:14068.8(31.22%),P:1e-19	Tpos:216.7,Tstd:210.6,Bpos:186.2,Bstd:119.7,StrandBias:-0.1,Multiplicity:1.31
0.152	0.449	0.200	0.199
0.001	0.018	0.954	0.027
0.175	0.742	0.001	0.082
0.118	0.026	0.678	0.178
0.642	0.085	0.184	0.089
0.087	0.080	0.088	0.745
0.011	0.024	0.001	0.964
0.021	0.028	0.124	0.827
>AAAGACCG	11-AAAGACCG	5.152803	-42.122462	0	T:1130.0(29.53%),B:10505.7(23.31%),P:1e-18	Tpos:223.3,Tstd:197.6,Bpos:185.4,Bstd:118.3,StrandBias:-0.1,Multiplicity:1.17
0.763	0.079	0.075	0.083
0.735	0.082	0.100	0.083
0.782	0.071	0.071	0.076
0.056	0.105	0.729	0.110
0.655	0.108	0.154	0.083
0.075	0.737	0.088	0.100
0.048	0.793	0.108	0.051
0.020	0.023	0.812	0.145
>TAYCGCKA	12-TAYCGCKA	6.437891	-41.248418	0	T:300.0(7.84%),B:2070.0(4.59%),P:1e-17	Tpos:230.9,Tstd:156.9,Bpos:184.1,Bstd:120.1,StrandBias:0.2,Multiplicity:1.08
0.063	0.001	0.001	0.935
0.594	0.141	0.106	0.159
0.001	0.407	0.072	0.520
0.076	0.918	0.001	0.005
0.001	0.001	0.936	0.062
0.001	0.531	0.381	0.087
0.181	0.001	0.407	0.411
0.926	0.072	0.001	0.001
>GCATGCGC	13-GCATGCGC	8.148657	-33.617099	0	T:311.0(8.13%),B:2301.3(5.11%),P:1e-14	Tpos:213.2,Tstd:139.6,Bpos:162.8,Bstd:108.8,StrandBias:-0.1,Multiplicity:1.19
0.019	0.014	0.947	0.020
0.010	0.988	0.001	0.001
0.820	0.076	0.054	0.050
0.041	0.091	0.001	0.867
0.019	0.001	0.946	0.034
0.001	0.997	0.001	0.001
0.026	0.020	0.953	0.001
0.009	0.841	0.001	0.149
>CTTGGAAT	14-CTTGGAAT	7.767256	-30.647262	0	T:250.0(6.53%),B:1787.5(3.97%),P:1e-13	Tpos:205.8,Tstd:149.0,Bpos:186.2,Bstd:115.4,StrandBias:-0.0,Multiplicity:1.11
0.051	0.947	0.001	0.001
0.001	0.001	0.098	0.900
0.001	0.068	0.001	0.930
0.229	0.001	0.769	0.001
0.001	0.088	0.910	0.001
0.997	0.001	0.001	0.001
0.894	0.001	0.001	0.104
0.001	0.001	0.001	0.997
>GKMAATTC	15-GKMAATTC	8.486396	-29.395497	0	T:166.0(4.34%),B:1057.0(2.35%),P:1e-12	Tpos:197.4,Tstd:143.2,Bpos:185.5,Bstd:116.4,StrandBias:0.0,Multiplicity:1.17
0.001	0.001	0.997	0.001
0.001	0.001	0.535	0.463
0.471	0.527	0.001	0.001
0.997	0.001	0.001	0.001
0.566	0.001	0.299	0.134
0.001	0.001	0.001	0.997
0.001	0.001	0.134	0.864
0.001	0.700	0.001	0.298
>TTACTATC	16-TTACTATC	10.711945	-25.889728	0	T:44.0(1.15%),B:150.4(0.33%),P:1e-11	Tpos:174.2,Tstd:110.4,Bpos:202.3,Bstd:113.5,StrandBias:-0.6,Multiplicity:1.05
0.001	0.001	0.001	0.997
0.001	0.260	0.001	0.738
0.997	0.001	0.001	0.001
0.001	0.997	0.001	0.001
0.001	0.001	0.053	0.945
0.997	0.001	0.001	0.001
0.001	0.001	0.001	0.997
0.001	0.997	0.001	0.001
>CTATAATA	17-CTATAATA	8.236954	-24.726931	0	T:46.0(1.20%),B:168.7(0.37%),P:1e-10	Tpos:180.8,Tstd:129.4,Bpos:182.8,Bstd:116.5,StrandBias:0.0,Multiplicity:1.04
0.100	0.700	0.100	0.100
0.100	0.100	0.100	0.700
0.700	0.100	0.100	0.100
0.100	0.100	0.100	0.700
0.700	0.100	0.100	0.100
0.700	0.100	0.100	0.100
0.100	0.100	0.100	0.700
0.700	0.100	0.100	0.100
>TTGCTAAG	18-TTGCTAAG	8.236954	-22.534708	0	T:77.0(2.01%),B:402.2(0.89%),P:1e-9	Tpos:202.5,Tstd:111.6,Bpos:177.4,Bstd:114.2,StrandBias:0.3,Multiplicity:1.04
0.100	0.100	0.100	0.700
0.100	0.100	0.100	0.700
0.100	0.100	0.700	0.100
0.100	0.700	0.100	0.100
0.100	0.100	0.100	0.700
0.700	0.100	0.100	0.100
0.700	0.100	0.100	0.100
0.100	0.100	0.700	0.100
>TAATAAGT	19-TAATAAGT	8.236954	-21.245973	0	T:45.0(1.18%),B:181.5(0.40%),P:1e-9	Tpos:180.6,Tstd:200.6,Bpos:189.2,Bstd:126.4,StrandBias:-0.5,Multiplicity:1.00
0.100	0.100	0.100	0.700
0.700	0.100	0.100	0.100
0.700	0.100	0.100	0.100
0.100	0.100	0.100	0.700
0.700	0.100	0.100	0.100
0.700	0.100	0.100	0.100
0.100	0.100	0.700	0.100
0.100	0.100	0.100	0.700
>TAGTATTG	20-TAGTATTG	8.236954	-20.825976	0	T:35.0(0.91%),B:120.4(0.27%),P:1e-9	Tpos:304.4,Tstd:611.1,Bpos:181.7,Bstd:120.3,StrandBias:-0.1,Multiplicity:1.06
0.100	0.100	0.100	0.700
0.700	0.100	0.100	0.100
0.100	0.100	0.700	0.100
0.100	0.100	0.100	0.700
0.700	0.100	0.100	0.100
0.100	0.100	0.100	0.700
0.100	0.100	0.100	0.700
0.100	0.100	0.700	0.100
>TAGAATTC	21-TAGAATTC	8.663603	-19.333350	0	T:113.0(2.95%),B:735.4(1.63%),P:1e-8	Tpos:200.6,Tstd:186.7,Bpos:184.0,Bstd:119.3,StrandBias:0.3,Multiplicity:1.04
0.001	0.001	0.001	0.997
0.883	0.115	0.001	0.001
0.001	0.001	0.997	0.001
0.997	0.001	0.001	0.001
0.782	0.001	0.216	0.001
0.001	0.001	0.001	0.997
0.001	0.001	0.001	0.997
0.001	0.997	0.001	0.001
>TGCAATAC	22-TGCAATAC	10.695356	-15.755947	0	T:35.0(0.91%),B:148.9(0.33%),P:1e-6	Tpos:169.3,Tstd:136.5,Bpos:190.3,Bstd:119.8,StrandBias:-0.5,Multiplicity:1.00
0.001	0.001	0.001	0.997
0.001	0.001	0.997	0.001
0.001	0.997	0.001	0.001
0.688	0.310	0.001	0.001
0.997	0.001	0.001	0.001
0.001	0.001	0.001	0.997
0.997	0.001	0.001	0.001
0.001	0.997	0.001	0.001
>AYGTAGTC	23-AYGTAGTC	7.227016	-13.681330	0	T:53.0(1.38%),B:300.9(0.67%),P:1e-5	Tpos:219.7,Tstd:129.3,Bpos:168.9,Bstd:107.0,StrandBias:-0.3,Multiplicity:1.00
0.737	0.082	0.065	0.116
0.060	0.357	0.165	0.419
0.119	0.083	0.575	0.223
0.081	0.121	0.097	0.701
0.746	0.196	0.032	0.026
0.102	0.067	0.633	0.198
0.111	0.046	0.226	0.617
0.043	0.579	0.213	0.165
>TATGTAGT	24-TATGTAGT	9.014703	-12.983324	0	T:110.0(2.87%),B:811.0(1.80%),P:1e-5	Tpos:262.8,Tstd:449.2,Bpos:190.4,Bstd:114.2,StrandBias:-0.2,Multiplicity:1.01
0.080	0.001	0.001	0.918
0.997	0.001	0.001	0.001
0.001	0.001	0.237	0.761
0.001	0.001	0.709	0.289
0.001	0.369	0.001	0.629
0.997	0.001	0.001	0.001
0.001	0.001	0.997	0.001
0.001	0.001	0.001	0.997
>GTGTGTGT	25-GTGTGTGT	8.236954	-5.817445	0	T:279.0(7.29%),B:2787.0(6.18%),P:1e-2	Tpos:221.5,Tstd:117.7,Bpos:185.1,Bstd:100.9,StrandBias:0.3,Multiplicity:1.21
0.100	0.100	0.700	0.100
0.100	0.100	0.100	0.700
0.100	0.100	0.700	0.100
0.100	0.100	0.100	0.700
0.100	0.100	0.700	0.100
0.100	0.100	0.100	0.700
0.100	0.100	0.700	0.100
0.100	0.100	0.100	0.700
