>YCCRCCYW	1-YCCRCCYW	5.934738	-120.658854	0	T:2984.0(59.27%),B:21345.7(48.50%),P:1e-52	Tpos:300.1,Tstd:242.0,Bpos:233.5,Bstd:148.5,StrandBias:-0.0,Multiplicity:1.79
0.084	0.421	0.001	0.495
0.175	0.679	0.029	0.117
0.001	0.912	0.086	0.001
0.410	0.049	0.540	0.001
0.040	0.933	0.026	0.001
0.001	0.922	0.001	0.076
0.033	0.476	0.001	0.490
0.564	0.014	0.001	0.421
>MCGCCYHT	2-MCGCCYHT	6.168789	-89.436041	0	T:1761.0(34.98%),B:11692.9(26.57%),P:1e-38	Tpos:311.9,Tstd:237.5,Bpos:229.1,Bstd:154.4,StrandBias:0.0,Multiplicity:1.64
0.498	0.351	0.001	0.150
0.001	0.997	0.001	0.001
0.166	0.125	0.708	0.001
0.129	0.645	0.181	0.045
0.001	0.877	0.121	0.001
0.082	0.483	0.001	0.434
0.271	0.314	0.001	0.414
0.280	0.233	0.025	0.462
>GACCAATC	3-GACCAATC	6.932062	-86.417339	0	T:689.0(13.68%),B:3633.6(8.26%),P:1e-37	Tpos:306.0,Tstd:311.2,Bpos:224.1,Bstd:146.7,StrandBias:0.2,Multiplicity:1.18
0.148	0.088	0.719	0.045
0.751	0.101	0.059	0.089
0.001	0.997	0.001	0.001
0.001	0.951	0.015	0.033
0.953	0.026	0.020	0.001
0.997	0.001	0.001	0.001
0.001	0.001	0.001	0.997
0.016	0.929	0.054	0.001
>GAAGGTCA	4-GAAGGTCA	7.595797	-73.437077	0	T:708.0(14.06%),B:3934.7(8.94%),P:1e-31	Tpos:301.3,Tstd:246.2,Bpos:246.2,Bstd:150.6,StrandBias:0.0,Multiplicity:1.11
0.187	0.235	0.577	0.001
0.859	0.001	0.002	0.138
0.929	0.069	0.001	0.001
0.001	0.001	0.764	0.234
0.069	0.001	0.929	0.001
0.001	0.001	0.001	0.997
0.138	0.669	0.001	0.192
0.656	0.001	0.342	0.001
>ACAATAGA	5-ACAATAGA	8.236954	-67.095000	0	T:131.0(2.60%),B:355.0(0.81%),P:1e-29	Tpos:301.5,Tstd:175.7,Bpos:245.8,Bstd:156.9,StrandBias:0.2,Multiplicity:1.03
0.700	0.100	0.100	0.100
0.100	0.700	0.100	0.100
0.700	0.100	0.100	0.100
0.700	0.100	0.100	0.100
0.100	0.100	0.100	0.700
0.700	0.100	0.100	0.100
0.100	0.100	0.700	0.100
0.700	0.100	0.100	0.100
>CGGAATTC	6-CGGAATTC	5.718514	-65.070243	0	T:885.0(17.58%),B:5352.4(12.16%),P:1e-28	Tpos:294.5,Tstd:275.2,Bpos:245.3,Bstd:157.3,StrandBias:0.0,Multiplicity:1.21
0.075	0.618	0.113	0.194
0.031	0.015	0.684	0.270
0.014	0.010	0.957	0.019
0.977	0.021	0.001	0.001
0.947	0.033	0.019	0.001
0.018	0.001	0.001	0.980
0.001	0.031	0.029	0.939
0.024	0.922	0.028	0.026
>AACAAAGG	7-AACAAAGG	7.622888	-54.111302	0	T:960.0(19.07%),B:6122.3(13.91%),P:1e-23	Tpos:302.0,Tstd:273.9,Bpos:245.1,Bstd:154.0,StrandBias:-0.0,Multiplicity:1.19
0.839	0.001	0.089	0.071
0.997	0.001	0.001	0.001
0.001	0.997	0.001	0.001
0.997	0.001	0.001	0.001
0.884	0.001	0.114	0.001
0.774	0.001	0.111	0.114
0.107	0.055	0.837	0.001
0.001	0.001	0.997	0.001
>CCGGAAAW	8-CCGGAAAW	5.541390	-52.348695	0	T:1143.0(22.70%),B:7578.3(17.22%),P:1e-22	Tpos:298.0,Tstd:249.1,Bpos:234.7,Bstd:149.5,StrandBias:-0.1,Multiplicity:1.34
0.182	0.816	0.001	0.001
0.001	0.997	0.001	0.001
0.001	0.001	0.997	0.001
0.001	0.001	0.997	0.001
0.997	0.001	0.001	0.001
0.947	0.001	0.001	0.051
0.538	0.279	0.182	0.001
0.405	0.074	0.001	0.520
>TTTCGCGT	9-TTTCGCGT	4.606370	-52.244278	0	T:939.0(18.65%),B:5999.3(13.63%),P:1e-22	Tpos:295.0,Tstd:263.2,Bpos:239.9,Bstd:163.9,StrandBias:-0.0,Multiplicity:1.16
0.178	0.119	0.122	0.581
0.136	0.108	0.108	0.648
0.121	0.124	0.129	0.626
0.166	0.599	0.086	0.149
0.091	0.143	0.708	0.058
0.085	0.687	0.132	0.096
0.148	0.153	0.586	0.113
0.171	0.137	0.124	0.568
>MGGCTTTT	10-MGGCTTTT	6.151194	-46.447074	0	T:1897.0(37.68%),B:13855.4(31.48%),P:1e-20	Tpos:303.3,Tstd:261.6,Bpos:243.1,Bstd:156.4,StrandBias:0.0,Multiplicity:1.33
0.496	0.458	0.045	0.001
0.083	0.043	0.793	0.081
0.022	0.069	0.908	0.001
0.162	0.663	0.082	0.093
0.153	0.147	0.023	0.677
0.240	0.067	0.031	0.662
0.001	0.001	0.041	0.957
0.028	0.001	0.001	0.970
>GAATGCGY	11-GAATGCGY	5.777477	-46.285374	0	T:1514.0(30.07%),B:10699.7(24.31%),P:1e-20	Tpos:296.1,Tstd:275.7,Bpos:235.4,Bstd:153.8,StrandBias:-0.1,Multiplicity:1.31
0.116	0.001	0.627	0.256
0.583	0.219	0.122	0.076
0.714	0.021	0.001	0.264
0.208	0.174	0.001	0.617
0.001	0.001	0.997	0.001
0.001	0.997	0.001	0.001
0.001	0.077	0.841	0.081
0.099	0.390	0.110	0.401
>AGGGTGTG	12-AGGGTGTG	7.872067	-45.877189	0	T:540.0(10.72%),B:3140.8(7.14%),P:1e-19	Tpos:287.3,Tstd:241.3,Bpos:245.8,Bstd:143.7,StrandBias:-0.2,Multiplicity:1.09
0.997	0.001	0.001	0.001
0.001	0.053	0.945	0.001
0.001	0.001	0.997	0.001
0.001	0.001	0.997	0.001
0.150	0.001	0.001	0.848
0.001	0.001	0.997	0.001
0.001	0.001	0.001	0.997
0.094	0.001	0.904	0.001
>TATGCAAA	13-TATGCAAA	8.639600	-45.456481	0	T:426.0(8.46%),B:2337.8(5.31%),P:1e-19	Tpos:283.4,Tstd:220.8,Bpos:240.6,Bstd:153.1,StrandBias:-0.0,Multiplicity:1.11
0.204	0.001	0.001	0.794
0.997	0.001	0.001	0.001
0.001	0.001	0.001	0.997
0.001	0.001	0.997	0.001
0.001	0.839	0.001	0.159
0.985	0.001	0.013	0.001
0.865	0.001	0.133	0.001
0.997	0.001	0.001	0.001
>GTAAATTC	14-GTAAATTC	5.950821	-44.313724	0	T:1159.0(23.02%),B:7895.3(17.94%),P:1e-19	Tpos:307.1,Tstd:327.6,Bpos:241.8,Bstd:160.4,StrandBias:-0.0,Multiplicity:1.24
0.035	0.021	0.876	0.068
0.040	0.126	0.144	0.690
0.788	0.077	0.066	0.069
0.845	0.042	0.086	0.027
0.745	0.131	0.032	0.092
0.078	0.258	0.036	0.628
0.092	0.107	0.076	0.725
0.047	0.708	0.132	0.113
>GTGTATCG	15-GTGTATCG	7.390679	-43.130862	0	T:230.0(4.57%),B:1055.2(2.40%),P:1e-18	Tpos:307.7,Tstd:423.9,Bpos:250.6,Bstd:145.3,StrandBias:0.1,Multiplicity:1.02
0.001	0.001	0.855	0.143
0.001	0.121	0.001	0.877
0.131	0.001	0.791	0.077
0.001	0.001	0.001	0.997
0.997	0.001	0.001	0.001
0.123	0.001	0.315	0.561
0.001	0.923	0.075	0.001
0.001	0.001	0.997	0.001
>ACGCCCCH	16-ACGCCCCH	5.818408	-42.684230	0	T:2454.0(48.74%),B:18705.1(42.50%),P:1e-18	Tpos:303.6,Tstd:250.7,Bpos:235.6,Bstd:153.1,StrandBias:-0.1,Multiplicity:1.71
0.649	0.272	0.001	0.078
0.186	0.812	0.001	0.001
0.001	0.001	0.997	0.001
0.001	0.610	0.001	0.388
0.001	0.511	0.226	0.262
0.337	0.502	0.001	0.160
0.001	0.715	0.001	0.283
0.267	0.274	0.073	0.386
>TTGTAATG	17-TTGTAATG	9.049644	-42.482449	0	T:165.0(3.28%),B:665.7(1.51%),P:1e-18	Tpos:283.2,Tstd:234.8,Bpos:235.6,Bstd:151.8,StrandBias:0.1,Multiplicity:1.02
0.001	0.001	0.116	0.882
0.001	0.001	0.001	0.997
0.001	0.001	0.997	0.001
0.001	0.150	0.001	0.848
0.997	0.001	0.001	0.001
0.997	0.001	0.001	0.001
0.001	0.001	0.001	0.997
0.001	0.001	0.997	0.001
>ATAAGTGC	18-ATAAGTGC	8.236954	-42.112872	0	T:79.0(1.57%),B:210.1(0.48%),P:1e-18	Tpos:315.0,Tstd:510.9,Bpos:256.5,Bstd:148.6,StrandBias:-0.2,Multiplicity:1.01
0.700	0.100	0.100	0.100
0.100	0.100	0.100	0.700
0.700	0.100	0.100	0.100
0.700	0.100	0.100	0.100
0.100	0.100	0.700	0.100
0.100	0.100	0.100	0.700
0.100	0.100	0.700	0.100
0.100	0.700	0.100	0.100
>GCTAWTBA	19-GCTAWTBA	6.155093	-32.598504	0	T:1201.0(23.85%),B:8555.4(19.44%),P:1e-14	Tpos:322.4,Tstd:358.4,Bpos:235.9,Bstd:153.5,StrandBias:-0.1,Multiplicity:1.36
0.204	0.251	0.414	0.131
0.001	0.997	0.001	0.001
0.092	0.247	0.025	0.636
0.997	0.001	0.001	0.001
0.396	0.001	0.229	0.374
0.001	0.046	0.001	0.952
0.044	0.326	0.307	0.324
0.579	0.001	0.097	0.323
>ATAGCTAA	20-ATAGCTAA	8.236954	-31.327517	0	T:77.0(1.53%),B:247.8(0.56%),P:1e-13	Tpos:273.9,Tstd:234.9,Bpos:227.0,Bstd:146.0,StrandBias:0.2,Multiplicity:1.06
0.700	0.100	0.100	0.100
0.100	0.100	0.100	0.700
0.700	0.100	0.100	0.100
0.100	0.100	0.700	0.100
0.100	0.700	0.100	0.100
0.100	0.100	0.100	0.700
0.700	0.100	0.100	0.100
0.700	0.100	0.100	0.100
>ATCTGAAT	21-ATCTGAAT	9.337717	-28.970464	0	T:160.0(3.18%),B:748.4(1.70%),P:1e-12	Tpos:293.4,Tstd:226.3,Bpos:239.4,Bstd:141.5,StrandBias:-0.1,Multiplicity:1.01
0.997	0.001	0.001	0.001
0.001	0.001	0.001	0.997
0.177	0.821	0.001	0.001
0.001	0.001	0.001	0.997
0.001	0.001	0.997	0.001
0.997	0.001	0.001	0.001
0.997	0.001	0.001	0.001
0.001	0.001	0.001	0.997
>TAATACTA	22-TAATACTA	8.236954	-28.723073	0	T:67.0(1.33%),B:210.0(0.48%),P:1e-12	Tpos:454.1,Tstd:811.8,Bpos:242.2,Bstd:156.5,StrandBias:-0.4,Multiplicity:1.02
0.100	0.100	0.100	0.700
0.700	0.100	0.100	0.100
0.700	0.100	0.100	0.100
0.100	0.100	0.100	0.700
0.700	0.100	0.100	0.100
0.100	0.700	0.100	0.100
0.100	0.100	0.100	0.700
0.700	0.100	0.100	0.100
>GAATGTTA	23-GAATGTTA	8.236954	-25.908295	0	T:80.0(1.59%),B:294.0(0.67%),P:1e-11	Tpos:287.2,Tstd:212.6,Bpos:247.3,Bstd:148.3,StrandBias:-0.5,Multiplicity:1.20
0.100	0.100	0.700	0.100
0.700	0.100	0.100	0.100
0.700	0.100	0.100	0.100
0.100	0.100	0.100	0.700
0.100	0.100	0.700	0.100
0.100	0.100	0.100	0.700
0.100	0.100	0.100	0.700
0.700	0.100	0.100	0.100
>TTAGAAGC	24-TTAGAAGC	9.192005	-15.820034	0	T:160.0(3.18%),B:907.0(2.06%),P:1e-6	Tpos:296.9,Tstd:236.7,Bpos:232.9,Bstd:158.3,StrandBias:-0.0,Multiplicity:1.09
0.001	0.001	0.001	0.997
0.001	0.001	0.001	0.997
0.997	0.001	0.001	0.001
0.001	0.001	0.997	0.001
0.997	0.001	0.001	0.001
0.997	0.001	0.001	0.001
0.001	0.001	0.845	0.153
0.001	0.997	0.001	0.001
>TATGGCGA	25-TATGGCGA	4.161567	-9.483522	0	T:59.0(1.17%),B:300.3(0.68%),P:1e-4	Tpos:343.6,Tstd:346.6,Bpos:225.5,Bstd:151.6,StrandBias:0.3,Multiplicity:1.31
0.001	0.001	0.001	0.997
0.997	0.001	0.001	0.001
0.001	0.001	0.001	0.997
0.001	0.001	0.915	0.083
0.001	0.001	0.997	0.001
0.001	0.997	0.001	0.001
0.001	0.001	0.997	0.001
0.997	0.001	0.001	0.001
