>AGATAAGA	1-AGATAAGA	6.124257	-1060.872028	0	T:3268.0(21.82%),B:3137.0(9.26%),P:1e-460	Tpos:255.9,Tstd:254.8,Bpos:193.8,Bstd:118.0,StrandBias:0.0,Multiplicity:1.28
0.749	0.001	0.001	0.249
0.001	0.001	0.997	0.001
0.997	0.001	0.001	0.001
0.001	0.001	0.001	0.997
0.997	0.001	0.001	0.001
0.997	0.001	0.001	0.001
0.001	0.141	0.857	0.001
0.567	0.067	0.365	0.001
>ACATTCCT	2-ACATTCCT	8.348695	-811.542377	0	T:2244.0(14.98%),B:1987.8(5.87%),P:1e-352	Tpos:270.3,Tstd:341.4,Bpos:191.9,Bstd:114.1,StrandBias:0.0,Multiplicity:1.13
0.674	0.001	0.324	0.001
0.001	0.978	0.020	0.001
0.997	0.001	0.001	0.001
0.007	0.001	0.001	0.991
0.001	0.001	0.001	0.997
0.001	0.997	0.001	0.001
0.076	0.922	0.001	0.001
0.273	0.001	0.108	0.618
>GGGTGTGG	3-GGGTGTGG	7.656230	-699.365143	0	T:3306.0(22.07%),B:3843.2(11.34%),P:1e-303	Tpos:266.6,Tstd:402.5,Bpos:187.4,Bstd:116.8,StrandBias:0.1,Multiplicity:1.27
0.218	0.001	0.780	0.001
0.001	0.001	0.997	0.001
0.001	0.001	0.997	0.001
0.001	0.168	0.001	0.830
0.001	0.001	0.997	0.001
0.001	0.001	0.001	0.997
0.001	0.001	0.997	0.001
0.001	0.001	0.894	0.104
>TCTATTGT	4-TCTATTGT	9.742919	-531.787006	0	T:971.0(6.48%),B:638.7(1.89%),P:1e-230	Tpos:270.8,Tstd:339.7,Bpos:191.4,Bstd:118.8,StrandBias:-0.2,Multiplicity:1.07
0.001	0.001	0.307	0.691
0.001	0.997	0.001	0.001
0.001	0.001	0.001	0.997
0.997	0.001	0.001	0.001
0.001	0.001	0.001	0.997
0.136	0.001	0.001	0.862
0.001	0.001	0.997	0.001
0.001	0.001	0.001	0.997
>GCCAATCV	5-GCCAATCV	6.656484	-432.640449	0	T:2873.0(19.18%),B:3731.1(11.01%),P:1e-187	Tpos:253.6,Tstd:414.0,Bpos:191.4,Bstd:119.4,StrandBias:0.0,Multiplicity:1.29
0.174	0.013	0.779	0.034
0.080	0.833	0.044	0.043
0.038	0.778	0.047	0.137
0.929	0.001	0.042	0.028
0.728	0.193	0.036	0.043
0.004	0.016	0.008	0.972
0.188	0.578	0.127	0.107
0.403	0.267	0.277	0.052
>ATTTGCAT	6-ATTTGCAT	9.332051	-414.770519	0	T:1108.0(7.40%),B:940.5(2.78%),P:1e-180	Tpos:273.9,Tstd:457.9,Bpos:185.4,Bstd:113.0,StrandBias:0.1,Multiplicity:1.10
0.997	0.001	0.001	0.001
0.001	0.001	0.001	0.997
0.001	0.001	0.001	0.997
0.176	0.001	0.001	0.822
0.001	0.001	0.997	0.001
0.001	0.997	0.001	0.001
0.997	0.001	0.001	0.001
0.001	0.001	0.001	0.997
>CCTTAGGC	7-CCTTAGGC	6.857992	-408.173879	0	T:2685.0(17.92%),B:3466.6(10.23%),P:1e-177	Tpos:268.6,Tstd:376.4,Bpos:192.1,Bstd:120.6,StrandBias:-0.1,Multiplicity:1.19
0.042	0.911	0.010	0.037
0.043	0.767	0.057	0.133
0.065	0.157	0.021	0.757
0.222	0.166	0.156	0.456
0.780	0.029	0.125	0.066
0.040	0.030	0.917	0.013
0.068	0.018	0.831	0.083
0.020	0.584	0.246	0.150
>CAAGGRCT	8-CAAGGRCT	7.496058	-402.720263	0	T:3370.0(22.50%),B:4718.4(13.93%),P:1e-174	Tpos:290.9,Tstd:420.1,Bpos:191.8,Bstd:118.1,StrandBias:0.1,Multiplicity:1.34
0.001	0.997	0.001	0.001
0.916	0.001	0.001	0.082
0.997	0.001	0.001	0.001
0.001	0.001	0.997	0.001
0.001	0.001	0.997	0.001
0.412	0.001	0.402	0.185
0.098	0.900	0.001	0.001
0.246	0.001	0.001	0.752
>TWGTAAAC	9-TWGTAAAC	8.518449	-390.303626	0	T:1158.0(7.73%),B:1043.4(3.08%),P:1e-169	Tpos:271.7,Tstd:367.1,Bpos:185.7,Bstd:120.8,StrandBias:-0.2,Multiplicity:1.03
0.001	0.001	0.001	0.997
0.488	0.001	0.001	0.510
0.001	0.001	0.997	0.001
0.001	0.001	0.261	0.737
0.732	0.001	0.001	0.266
0.997	0.001	0.001	0.001
0.997	0.001	0.001	0.001
0.224	0.494	0.001	0.281
>GTAAATTC	10-GTAAATTC	10.733850	-385.880442	0	T:540.0(3.60%),B:282.6(0.83%),P:1e-167	Tpos:281.9,Tstd:221.8,Bpos:194.1,Bstd:135.4,StrandBias:0.0,Multiplicity:1.19
0.001	0.001	0.997	0.001
0.001	0.001	0.001	0.997
0.997	0.001	0.001	0.001
0.997	0.001	0.001	0.001
0.997	0.001	0.001	0.001
0.001	0.001	0.001	0.997
0.283	0.001	0.001	0.715
0.001	0.997	0.001	0.001
>GGTGKARC	11-GGTGKARC	7.389424	-377.763705	0	T:2755.0(18.39%),B:3675.8(10.85%),P:1e-164	Tpos:272.3,Tstd:453.9,Bpos:188.1,Bstd:116.7,StrandBias:-0.0,Multiplicity:1.17
0.040	0.027	0.904	0.029
0.001	0.001	0.829	0.169
0.187	0.096	0.001	0.716
0.001	0.001	0.997	0.001
0.001	0.001	0.540	0.458
0.807	0.001	0.191	0.001
0.458	0.001	0.540	0.001
0.169	0.829	0.001	0.001
>CCGCCCAC	12-CCGCCCAC	3.554870	-302.551457	0	T:3674.0(24.53%),B:5650.1(16.68%),P:1e-131	Tpos:257.4,Tstd:314.1,Bpos:185.8,Bstd:132.3,StrandBias:-0.0,Multiplicity:1.60
0.068	0.930	0.001	0.001
0.001	0.997	0.001	0.001
0.001	0.001	0.997	0.001
0.001	0.997	0.001	0.001
0.001	0.997	0.001	0.001
0.001	0.933	0.001	0.065
0.719	0.140	0.001	0.140
0.277	0.552	0.001	0.170
>CGGAATTC	13-CGGAATTC	6.163365	-248.484240	0	T:3104.0(20.72%),B:4768.8(14.07%),P:1e-107	Tpos:278.3,Tstd:579.1,Bpos:189.9,Bstd:120.7,StrandBias:0.0,Multiplicity:1.21
0.040	0.662	0.069	0.229
0.110	0.021	0.792	0.077
0.039	0.054	0.887	0.020
0.879	0.008	0.073	0.040
0.887	0.057	0.035	0.021
0.096	0.040	0.308	0.556
0.058	0.121	0.031	0.790
0.102	0.548	0.172	0.178
>ACTTCCTT	14-ACTTCCTT	7.860923	-237.003033	0	T:1322.0(8.83%),B:1581.2(4.67%),P:1e-102	Tpos:286.6,Tstd:326.7,Bpos:192.0,Bstd:121.0,StrandBias:-0.0,Multiplicity:1.17
0.997	0.001	0.001	0.001
0.001	0.997	0.001	0.001
0.001	0.001	0.050	0.948
0.001	0.192	0.001	0.806
0.001	0.997	0.001	0.001
0.001	0.997	0.001	0.001
0.001	0.001	0.001	0.997
0.001	0.001	0.001	0.997
>TTAYCTAG	15-TTAYCTAG	10.158641	-236.107375	0	T:679.0(4.53%),B:597.6(1.76%),P:1e-102	Tpos:261.4,Tstd:360.4,Bpos:196.8,Bstd:122.5,StrandBias:0.0,Multiplicity:1.02
0.001	0.001	0.001	0.997
0.001	0.001	0.001	0.997
0.940	0.058	0.001	0.001
0.001	0.480	0.065	0.454
0.001	0.997	0.001	0.001
0.001	0.001	0.028	0.970
0.997	0.001	0.001	0.001
0.001	0.001	0.963	0.035
>TAGTCCAC	16-TAGTCCAC	8.236954	-235.971043	0	T:377.0(2.52%),B:221.5(0.65%),P:1e-102	Tpos:283.9,Tstd:200.5,Bpos:181.8,Bstd:124.1,StrandBias:-0.1,Multiplicity:1.01
0.100	0.100	0.100	0.700
0.700	0.100	0.100	0.100
0.100	0.100	0.700	0.100
0.100	0.100	0.100	0.700
0.100	0.700	0.100	0.100
0.100	0.700	0.100	0.100
0.700	0.100	0.100	0.100
0.100	0.700	0.100	0.100
>CATTCAAA	17-CATTCAAA	9.797606	-229.738075	0	T:1049.0(7.00%),B:1157.1(3.41%),P:1e-99	Tpos:285.5,Tstd:463.6,Bpos:190.3,Bstd:115.8,StrandBias:-0.1,Multiplicity:1.07
0.001	0.893	0.001	0.105
0.997	0.001	0.001	0.001
0.001	0.001	0.001	0.997
0.001	0.001	0.001	0.997
0.001	0.997	0.001	0.001
0.997	0.001	0.001	0.001
0.685	0.001	0.313	0.001
0.997	0.001	0.001	0.001
>TTCTTAGA	18-TTCTTAGA	8.534528	-220.599637	0	T:1021.0(6.82%),B:1132.3(3.34%),P:1e-95	Tpos:305.3,Tstd:621.7,Bpos:198.5,Bstd:122.5,StrandBias:0.1,Multiplicity:1.11
0.338	0.049	0.001	0.612
0.243	0.001	0.001	0.755
0.044	0.861	0.094	0.001
0.001	0.226	0.001	0.772
0.387	0.001	0.001	0.611
0.871	0.008	0.120	0.001
0.086	0.127	0.786	0.001
0.954	0.001	0.001	0.044
>ATAGTTCC	19-ATAGTTCC	10.612037	-213.408037	0	T:393.0(2.62%),B:258.8(0.76%),P:1e-92	Tpos:321.8,Tstd:625.9,Bpos:197.3,Bstd:112.2,StrandBias:-0.1,Multiplicity:1.01
0.997	0.001	0.001	0.001
0.001	0.001	0.001	0.997
0.997	0.001	0.001	0.001
0.001	0.001	0.997	0.001
0.001	0.001	0.001	0.997
0.001	0.001	0.001	0.997
0.001	0.997	0.001	0.001
0.001	0.633	0.001	0.365
>GTGACTYW	20-GTGACTYW	8.421406	-213.356947	0	T:1238.0(8.26%),B:1500.4(4.43%),P:1e-92	Tpos:270.9,Tstd:389.2,Bpos:190.6,Bstd:112.3,StrandBias:0.1,Multiplicity:1.17
0.001	0.001	0.952	0.046
0.001	0.116	0.001	0.882
0.131	0.152	0.716	0.001
0.868	0.001	0.001	0.130
0.001	0.997	0.001	0.001
0.152	0.001	0.150	0.697
0.001	0.464	0.001	0.534
0.446	0.094	0.103	0.358
>CTATAGTT	21-CTATAGTT	10.711218	-195.905362	0	T:360.0(2.40%),B:236.9(0.70%),P:1e-85	Tpos:271.8,Tstd:215.2,Bpos:186.4,Bstd:116.5,StrandBias:0.0,Multiplicity:1.01
0.001	0.997	0.001	0.001
0.001	0.001	0.001	0.997
0.997	0.001	0.001	0.001
0.001	0.001	0.001	0.997
0.997	0.001	0.001	0.001
0.001	0.001	0.997	0.001
0.299	0.001	0.001	0.699
0.001	0.001	0.001	0.997
>CTAAGTAT	22-CTAAGTAT	8.236954	-170.022040	0	T:383.0(2.56%),B:290.2(0.86%),P:1e-73	Tpos:289.0,Tstd:333.9,Bpos:204.2,Bstd:117.0,StrandBias:-0.0,Multiplicity:1.07
0.100	0.700	0.100	0.100
0.100	0.100	0.100	0.700
0.700	0.100	0.100	0.100
0.700	0.100	0.100	0.100
0.100	0.100	0.700	0.100
0.100	0.100	0.100	0.700
0.700	0.100	0.100	0.100
0.100	0.100	0.100	0.700
>AGATAGCG	23-AGATAGCG	9.945392	-161.515535	0	T:420.0(2.80%),B:348.4(1.03%),P:1e-70	Tpos:269.2,Tstd:258.1,Bpos:193.4,Bstd:112.5,StrandBias:-0.2,Multiplicity:1.01
0.997	0.001	0.001	0.001
0.001	0.001	0.997	0.001
0.997	0.001	0.001	0.001
0.001	0.001	0.001	0.997
0.997	0.001	0.001	0.001
0.001	0.001	0.997	0.001
0.001	0.673	0.001	0.325
0.001	0.001	0.997	0.001
>ACTTAGCT	24-ACTTAGCT	8.236954	-134.123103	0	T:431.0(2.88%),B:402.2(1.19%),P:1e-58	Tpos:293.2,Tstd:308.2,Bpos:196.3,Bstd:130.6,StrandBias:-0.1,Multiplicity:1.13
0.700	0.100	0.100	0.100
0.100	0.700	0.100	0.100
0.100	0.100	0.100	0.700
0.100	0.100	0.100	0.700
0.700	0.100	0.100	0.100
0.100	0.100	0.700	0.100
0.100	0.700	0.100	0.100
0.100	0.100	0.100	0.700
>CAACTGGG	25-CAACTGGG	8.236954	-106.925508	0	T:445.0(2.97%),B:470.9(1.39%),P:1e-46	Tpos:278.9,Tstd:227.8,Bpos:187.3,Bstd:109.8,StrandBias:0.0,Multiplicity:1.19
0.100	0.700	0.100	0.100
0.700	0.100	0.100	0.100
0.700	0.100	0.100	0.100
0.100	0.700	0.100	0.100
0.100	0.100	0.100	0.700
0.100	0.100	0.700	0.100
0.100	0.100	0.700	0.100
0.100	0.100	0.700	0.100
