Oligo	TargetCounts	BackgroundCounts	NormalizationFactor
A	26.11%	26.18%	0.997
C	23.89%	23.82%	1.003
G	23.89%	23.82%	1.003
T	26.11%	26.18%	0.997
AA	7.53%	7.25%	1.038
CA	7.23%	7.75%	0.933
GA	6.41%	6.40%	1.000
TA	4.95%	4.77%	1.037
AC	5.34%	5.44%	0.982
CC	6.72%	6.71%	1.002
GC	5.42%	5.27%	1.029
TC	6.41%	6.40%	1.000
AG	8.10%	7.96%	1.016
CG	1.83%	1.40%	1.307
GG	6.72%	6.71%	1.002
TG	7.23%	7.75%	0.933
AT	5.15%	5.52%	0.933
CT	8.10%	7.96%	1.016
GT	5.34%	5.44%	0.982
TT	7.53%	7.25%	1.038
AAA	2.44%	2.42%	1.011
CAA	1.74%	1.67%	1.044
GAA	1.91%	1.84%	1.035
TAA	1.44%	1.32%	1.088
ACA	1.96%	2.17%	0.903
CCA	2.02%	2.16%	0.938
GCA	1.51%	1.63%	0.932
TCA	1.74%	1.80%	0.968
AGA	2.37%	2.40%	0.986
CGA	0.36%	0.29%	1.216
GGA	1.94%	1.91%	1.015
TGA	1.74%	1.80%	0.968
ATA	1.15%	1.24%	0.924
CTA	1.37%	1.22%	1.123
GTA	1.00%	0.99%	1.012
TTA	1.44%	1.32%	1.088
AAC	1.44%	1.36%	1.059
CAC	1.67%	1.88%	0.892
GAC	1.23%	1.21%	1.013
TAC	1.00%	0.99%	1.012
ACC	1.40%	1.38%	1.012
CCC	1.79%	1.90%	0.941
GCC	1.60%	1.52%	1.052
TCC	1.94%	1.91%	1.015
AGC	1.79%	1.76%	1.013
CGC	0.51%	0.36%	1.415
GGC	1.60%	1.52%	1.052
TGC	1.51%	1.63%	0.932
ATC	1.16%	1.20%	0.970
CTC	2.11%	2.15%	0.980
GTC	1.23%	1.21%	1.013
TTC	1.91%	1.84%	1.035
AAG	2.17%	2.04%	1.064
CAG	2.45%	2.56%	0.958
GAG	2.11%	2.15%	0.980
TAG	1.37%	1.22%	1.123
ACG	0.39%	0.32%	1.205
CCG	0.56%	0.42%	1.332
GCG	0.51%	0.36%	1.415
TCG	0.36%	0.29%	1.216
AGG	2.35%	2.24%	1.050
CGG	0.56%	0.42%	1.332
GGG	1.79%	1.90%	0.941
TGG	2.02%	2.16%	0.938
ATG	1.37%	1.64%	0.831
CTG	2.45%	2.56%	0.958
GTG	1.67%	1.88%	0.892
TTG	1.74%	1.67%	1.044
AAT	1.48%	1.43%	1.030
CAT	1.37%	1.64%	0.831
GAT	1.16%	1.20%	0.970
TAT	1.15%	1.24%	0.924
ACT	1.59%	1.56%	1.019
CCT	2.35%	2.24%	1.050
GCT	1.79%	1.76%	1.013
TCT	2.37%	2.40%	0.986
AGT	1.59%	1.56%	1.019
CGT	0.39%	0.32%	1.205
GGT	1.40%	1.38%	1.012
TGT	1.96%	2.17%	0.903
ATT	1.48%	1.43%	1.030
CTT	2.17%	2.04%	1.064
GTT	1.44%	1.36%	1.059
TTT	2.44%	2.42%	1.011
