>TTTATGGY	1-TTTATGGY	7.610525	-699.921806	0	T:3279.0(11.28%),B:1604.1(5.60%),P:1e-303	Tpos:394.3,Tstd:294.5,Bpos:250.1,Bstd:150.9,StrandBias:-0.0,Multiplicity:1.17
0.001	0.145	0.001	0.853
0.005	0.001	0.001	0.993
0.001	0.001	0.001	0.997
0.983	0.001	0.001	0.015
0.001	0.269	0.008	0.722
0.149	0.176	0.542	0.133
0.338	0.001	0.526	0.135
0.058	0.484	0.086	0.372
>TTTATTGC	2-TTTATTGC	6.654658	-491.631558	0	T:4904.0(16.87%),B:3088.5(10.79%),P:1e-213	Tpos:377.2,Tstd:279.7,Bpos:249.3,Bstd:151.8,StrandBias:-0.1,Multiplicity:1.21
0.001	0.001	0.001	0.997
0.001	0.001	0.001	0.997
0.070	0.001	0.001	0.928
0.997	0.001	0.001	0.001
0.001	0.174	0.001	0.824
0.159	0.020	0.001	0.820
0.214	0.001	0.784	0.001
0.001	0.997	0.001	0.001
>GVATTCCK	3-GVATTCCK	7.410652	-296.379655	0	T:6966.0(23.97%),B:5236.4(18.29%),P:1e-128	Tpos:357.6,Tstd:300.0,Bpos:245.8,Bstd:147.3,StrandBias:-0.0,Multiplicity:1.26
0.362	0.020	0.574	0.044
0.278	0.284	0.402	0.037
0.881	0.001	0.001	0.117
0.022	0.001	0.001	0.976
0.014	0.001	0.001	0.984
0.001	0.997	0.001	0.001
0.001	0.997	0.001	0.001
0.188	0.001	0.350	0.461
>GGGYGGGG	4-GGGYGGGG	7.905954	-280.212027	0	T:9093.0(31.29%),B:7204.6(25.16%),P:1e-121	Tpos:354.3,Tstd:293.4,Bpos:237.4,Bstd:144.3,StrandBias:0.0,Multiplicity:1.76
0.214	0.035	0.716	0.035
0.001	0.036	0.962	0.001
0.034	0.001	0.964	0.001
0.092	0.451	0.001	0.455
0.001	0.001	0.997	0.001
0.001	0.001	0.582	0.416
0.292	0.035	0.672	0.001
0.090	0.001	0.816	0.093
>TTATCTCG	5-TTATCTCG	6.344829	-234.860664	0	T:5571.0(19.17%),B:4165.3(14.55%),P:1e-101	Tpos:365.5,Tstd:312.5,Bpos:246.8,Bstd:148.4,StrandBias:-0.0,Multiplicity:1.22
0.001	0.014	0.008	0.977
0.026	0.001	0.044	0.929
0.958	0.001	0.040	0.001
0.055	0.001	0.001	0.943
0.013	0.952	0.008	0.027
0.022	0.012	0.032	0.934
0.060	0.742	0.137	0.061
0.134	0.099	0.574	0.193
>YGGAATGT	6-YGGAATGT	8.078360	-216.475360	0	T:1975.0(6.80%),B:1193.4(4.17%),P:1e-94	Tpos:336.9,Tstd:278.0,Bpos:232.2,Bstd:144.8,StrandBias:-0.1,Multiplicity:1.05
0.138	0.383	0.196	0.283
0.229	0.046	0.440	0.285
0.001	0.001	0.997	0.001
0.982	0.001	0.001	0.016
0.857	0.001	0.104	0.038
0.001	0.185	0.001	0.813
0.042	0.047	0.888	0.023
0.049	0.001	0.206	0.744
>GTTGTAAA	7-GTTGTAAA	8.852915	-187.800464	0	T:906.0(3.12%),B:442.0(1.54%),P:1e-81	Tpos:386.5,Tstd:284.1,Bpos:251.1,Bstd:145.7,StrandBias:-0.0,Multiplicity:1.10
0.001	0.001	0.997	0.001
0.001	0.001	0.001	0.997
0.001	0.109	0.001	0.889
0.001	0.001	0.997	0.001
0.001	0.001	0.001	0.997
0.997	0.001	0.001	0.001
0.997	0.001	0.001	0.001
0.997	0.001	0.001	0.001
>TGACCTTG	8-TGACCTTG	7.997398	-177.015441	0	T:4387.0(15.09%),B:3284.4(11.47%),P:1e-76	Tpos:351.4,Tstd:293.8,Bpos:245.2,Bstd:144.8,StrandBias:-0.0,Multiplicity:1.14
0.129	0.001	0.001	0.869
0.081	0.001	0.917	0.001
0.720	0.001	0.001	0.278
0.001	0.997	0.001	0.001
0.001	0.997	0.001	0.001
0.001	0.001	0.001	0.997
0.001	0.001	0.001	0.997
0.001	0.092	0.906	0.001
>GCCTNAGG	9-GCCTNAGG	7.612493	-173.712394	0	T:5112.0(17.59%),B:3932.7(13.73%),P:1e-75	Tpos:360.7,Tstd:292.7,Bpos:249.1,Bstd:149.2,StrandBias:-0.0,Multiplicity:1.17
0.001	0.289	0.709	0.001
0.031	0.967	0.001	0.001
0.001	0.928	0.012	0.059
0.001	0.195	0.001	0.803
0.199	0.289	0.260	0.252
0.676	0.013	0.310	0.001
0.239	0.008	0.752	0.001
0.001	0.001	0.997	0.001
>TTATCTGV	10-TTATCTGV	6.955019	-151.027916	0	T:4489.0(15.45%),B:3449.8(12.05%),P:1e-65	Tpos:363.9,Tstd:325.0,Bpos:247.3,Bstd:149.1,StrandBias:-0.0,Multiplicity:1.09
0.001	0.001	0.001	0.997
0.378	0.001	0.001	0.620
0.805	0.001	0.193	0.001
0.207	0.001	0.006	0.786
0.028	0.949	0.001	0.022
0.205	0.252	0.001	0.542
0.070	0.001	0.759	0.170
0.416	0.305	0.277	0.001
>TAGTCTAG	11-TAGTCTAG	7.249504	-118.074611	0	T:1524.0(5.24%),B:1001.2(3.50%),P:1e-51	Tpos:326.2,Tstd:287.9,Bpos:248.2,Bstd:152.4,StrandBias:0.0,Multiplicity:1.04
0.001	0.001	0.001	0.997
0.997	0.001	0.001	0.001
0.183	0.001	0.815	0.001
0.001	0.001	0.001	0.997
0.001	0.997	0.001	0.001
0.001	0.001	0.047	0.951
0.905	0.093	0.001	0.001
0.138	0.001	0.860	0.001
>ATCACGTG	12-ATCACGTG	7.644492	-107.684274	0	T:2096.0(7.21%),B:1496.1(5.22%),P:1e-46	Tpos:339.2,Tstd:284.0,Bpos:243.1,Bstd:145.5,StrandBias:-0.0,Multiplicity:1.07
0.819	0.010	0.170	0.001
0.001	0.162	0.252	0.585
0.070	0.893	0.001	0.036
0.997	0.001	0.001	0.001
0.001	0.997	0.001	0.001
0.246	0.001	0.752	0.001
0.001	0.181	0.001	0.817
0.012	0.097	0.769	0.122
>CATTCCCK	13-CATTCCCK	6.413843	-103.212045	0	T:5033.0(17.32%),B:4105.9(14.34%),P:1e-44	Tpos:341.0,Tstd:301.5,Bpos:250.0,Bstd:146.8,StrandBias:0.0,Multiplicity:1.14
0.091	0.907	0.001	0.001
0.997	0.001	0.001	0.001
0.001	0.257	0.001	0.741
0.001	0.001	0.001	0.997
0.001	0.997	0.001	0.001
0.001	0.920	0.001	0.078
0.001	0.997	0.001	0.001
0.001	0.001	0.560	0.438
>WCACGCCT	14-WCACGCCT	6.284523	-101.539543	0	T:8720.0(30.00%),B:7541.0(26.33%),P:1e-44	Tpos:349.9,Tstd:293.0,Bpos:246.6,Bstd:148.0,StrandBias:-0.0,Multiplicity:1.31
0.484	0.104	0.071	0.341
0.073	0.731	0.001	0.195
0.827	0.121	0.051	0.001
0.001	0.997	0.001	0.001
0.252	0.001	0.606	0.141
0.001	0.868	0.058	0.073
0.001	0.851	0.077	0.071
0.034	0.183	0.032	0.751
>ACTTCCGG	15-ACTTCCGG	7.357580	-93.878354	0	T:3424.0(11.78%),B:2691.3(9.40%),P:1e-40	Tpos:347.1,Tstd:286.2,Bpos:238.8,Bstd:142.3,StrandBias:-0.1,Multiplicity:1.17
0.807	0.001	0.116	0.076
0.001	0.849	0.101	0.049
0.001	0.026	0.010	0.963
0.001	0.073	0.001	0.925
0.001	0.965	0.033	0.001
0.035	0.929	0.035	0.001
0.001	0.034	0.879	0.086
0.001	0.099	0.862	0.038
>CTAAGTTA	16-CTAAGTTA	10.770916	-87.337148	0	T:522.0(1.80%),B:276.7(0.97%),P:1e-37	Tpos:325.2,Tstd:280.2,Bpos:237.4,Bstd:156.0,StrandBias:-0.0,Multiplicity:1.04
0.001	0.997	0.001	0.001
0.001	0.001	0.001	0.997
0.997	0.001	0.001	0.001
0.997	0.001	0.001	0.001
0.001	0.256	0.742	0.001
0.001	0.001	0.001	0.997
0.001	0.001	0.001	0.997
0.997	0.001	0.001	0.001
>ASCGGTTY	17-ASCGGTTY	5.765182	-78.120331	0	T:10259.0(35.30%),B:9142.7(31.93%),P:1e-33	Tpos:329.8,Tstd:294.5,Bpos:248.6,Bstd:151.9,StrandBias:0.0,Multiplicity:1.33
0.599	0.001	0.399	0.001
0.001	0.358	0.452	0.189
0.392	0.606	0.001	0.001
0.001	0.214	0.784	0.001
0.204	0.001	0.609	0.186
0.234	0.001	0.001	0.764
0.001	0.201	0.001	0.797
0.001	0.526	0.001	0.472
>AGATCTGT	18-AGATCTGT	8.284370	-74.254183	0	T:2864.0(9.85%),B:2263.5(7.90%),P:1e-32	Tpos:345.5,Tstd:313.5,Bpos:254.7,Bstd:145.0,StrandBias:-0.1,Multiplicity:1.08
0.997	0.001	0.001	0.001
0.001	0.001	0.997	0.001
0.997	0.001	0.001	0.001
0.001	0.114	0.001	0.884
0.001	0.997	0.001	0.001
0.001	0.153	0.001	0.845
0.001	0.001	0.997	0.001
0.001	0.274	0.088	0.637
>CGACGTTT	19-CGACGTTT	5.394931	-68.092098	0	T:8081.0(27.81%),B:7125.9(24.88%),P:1e-29	Tpos:331.9,Tstd:296.4,Bpos:247.2,Bstd:155.4,StrandBias:0.0,Multiplicity:1.26
0.076	0.809	0.044	0.071
0.001	0.120	0.833	0.046
0.638	0.057	0.206	0.099
0.285	0.573	0.141	0.001
0.131	0.170	0.601	0.098
0.077	0.185	0.001	0.737
0.001	0.090	0.001	0.908
0.001	0.014	0.028	0.957
>AGCGTTCT	20-AGCGTTCT	5.419591	-62.997489	0	T:7160.0(24.64%),B:6284.8(21.95%),P:1e-27	Tpos:331.8,Tstd:292.9,Bpos:246.6,Bstd:149.0,StrandBias:-0.0,Multiplicity:1.18
0.728	0.089	0.069	0.114
0.099	0.029	0.831	0.041
0.107	0.811	0.056	0.026
0.107	0.106	0.659	0.128
0.092	0.046	0.112	0.750
0.087	0.127	0.062	0.724
0.085	0.781	0.089	0.045
0.049	0.073	0.158	0.720
>AATTGAGC	21-AATTGAGC	6.277412	-61.459896	0	T:5196.0(17.88%),B:4450.1(15.54%),P:1e-26	Tpos:344.9,Tstd:321.4,Bpos:247.0,Bstd:149.3,StrandBias:0.0,Multiplicity:1.15
0.559	0.001	0.369	0.071
0.846	0.001	0.152	0.001
0.001	0.045	0.097	0.857
0.001	0.007	0.001	0.991
0.093	0.226	0.604	0.077
0.490	0.289	0.221	0.001
0.001	0.127	0.871	0.001
0.001	0.772	0.151	0.076
>ATAAGTGC	22-ATAAGTGC	8.236954	-57.054685	0	T:359.0(1.24%),B:194.5(0.68%),P:1e-24	Tpos:296.4,Tstd:342.3,Bpos:235.2,Bstd:143.8,StrandBias:0.1,Multiplicity:1.00
0.700	0.100	0.100	0.100
0.100	0.100	0.100	0.700
0.700	0.100	0.100	0.100
0.700	0.100	0.100	0.100
0.100	0.100	0.700	0.100
0.100	0.100	0.100	0.700
0.100	0.100	0.700	0.100
0.100	0.700	0.100	0.100
>GCCTTAAG	23-GCCTTAAG	6.225672	-52.942491	0	T:6383.0(21.96%),B:5614.1(19.61%),P:1e-22	Tpos:348.4,Tstd:300.9,Bpos:246.6,Bstd:149.7,StrandBias:0.0,Multiplicity:1.17
0.074	0.092	0.782	0.052
0.045	0.746	0.131	0.078
0.146	0.725	0.078	0.051
0.021	0.066	0.080	0.833
0.096	0.073	0.035	0.796
0.701	0.068	0.158	0.073
0.804	0.079	0.106	0.011
0.142	0.077	0.616	0.165
>CCATTATC	24-CCATTATC	8.168900	-51.334216	0	T:605.0(2.08%),B:390.9(1.37%),P:1e-22	Tpos:297.0,Tstd:269.1,Bpos:245.1,Bstd:137.9,StrandBias:-0.0,Multiplicity:1.01
0.001	0.997	0.001	0.001
0.001	0.943	0.055	0.001
0.997	0.001	0.001	0.001
0.001	0.001	0.001	0.997
0.001	0.001	0.001	0.997
0.997	0.001	0.001	0.001
0.001	0.001	0.001	0.997
0.001	0.997	0.001	0.001
>GACTCGAC	25-GACTCGAC	8.236954	-33.552970	0	T:157.0(0.54%),B:77.1(0.27%),P:1e-14	Tpos:288.8,Tstd:234.9,Bpos:248.2,Bstd:155.8,StrandBias:0.3,Multiplicity:1.01
0.100	0.100	0.700	0.100
0.700	0.100	0.100	0.100
0.100	0.700	0.100	0.100
0.100	0.100	0.100	0.700
0.100	0.700	0.100	0.100
0.100	0.100	0.700	0.100
0.700	0.100	0.100	0.100
0.100	0.700	0.100	0.100
