>TCTCGCGA	1-TCTCGCGA	10.951664	-310.172315	0	T:184.0(7.91%),B:285.5(0.62%),P:1e-134	Tpos:257.5,Tstd:157.5,Bpos:171.8,Bstd:124.5,StrandBias:0.1,Multiplicity:1.20
0.001	0.001	0.001	0.997
0.109	0.889	0.001	0.001
0.001	0.001	0.001	0.997
0.001	0.997	0.001	0.001
0.001	0.001	0.997	0.001
0.001	0.997	0.001	0.001
0.001	0.001	0.997	0.001
0.997	0.001	0.001	0.001
>AACAAWGG	2-AACAAWGG	6.857893	-245.983578	0	T:878.0(37.75%),B:8480.0(18.29%),P:1e-106	Tpos:244.5,Tstd:190.1,Bpos:211.3,Bstd:134.6,StrandBias:0.1,Multiplicity:1.46
0.574	0.102	0.295	0.029
0.853	0.111	0.003	0.033
0.085	0.768	0.055	0.092
0.980	0.001	0.004	0.015
0.940	0.016	0.035	0.009
0.467	0.057	0.009	0.467
0.256	0.045	0.688	0.011
0.050	0.204	0.734	0.012
>AATCCCGC	3-AATCCCGC	7.220881	-101.245809	0	T:410.0(17.63%),B:3936.8(8.49%),P:1e-43	Tpos:247.4,Tstd:191.7,Bpos:206.7,Bstd:135.3,StrandBias:0.3,Multiplicity:1.10
0.914	0.001	0.024	0.061
0.861	0.001	0.122	0.016
0.036	0.019	0.001	0.944
0.077	0.888	0.010	0.025
0.006	0.936	0.001	0.057
0.072	0.921	0.006	0.001
0.320	0.046	0.633	0.001
0.028	0.952	0.001	0.019
>CCAATTAG	4-CCAATTAG	5.126218	-61.885872	0	T:173.0(7.44%),B:1357.4(2.93%),P:1e-26	Tpos:255.5,Tstd:295.4,Bpos:204.8,Bstd:144.5,StrandBias:-0.2,Multiplicity:1.08
0.001	0.997	0.001	0.001
0.127	0.869	0.001	0.003
0.872	0.001	0.001	0.126
0.997	0.001	0.001	0.001
0.001	0.001	0.001	0.997
0.001	0.001	0.001	0.997
0.997	0.001	0.001	0.001
0.001	0.001	0.997	0.001
>GCATTACT	5-GCATTACT	8.318400	-61.129241	0	T:126.0(5.42%),B:817.0(1.76%),P:1e-26	Tpos:252.1,Tstd:261.7,Bpos:202.1,Bstd:135.2,StrandBias:-0.3,Multiplicity:1.20
0.258	0.001	0.740	0.001
0.001	0.955	0.001	0.043
0.997	0.001	0.001	0.001
0.323	0.001	0.001	0.675
0.001	0.001	0.001	0.997
0.782	0.001	0.216	0.001
0.001	0.627	0.001	0.371
0.269	0.256	0.001	0.474
>GGGCGGGG	6-GGGCGGGG	7.447896	-59.992936	0	T:986.0(42.39%),B:14759.6(31.84%),P:1e-26	Tpos:237.3,Tstd:233.3,Bpos:197.0,Bstd:135.1,StrandBias:0.1,Multiplicity:1.87
0.155	0.001	0.843	0.001
0.001	0.001	0.997	0.001
0.001	0.001	0.997	0.001
0.001	0.814	0.001	0.184
0.001	0.001	0.997	0.001
0.001	0.001	0.944	0.054
0.203	0.001	0.795	0.001
0.001	0.001	0.889	0.109
>TGATTRGC	7-TGATTRGC	6.221473	-52.099700	0	T:612.0(26.31%),B:8348.0(18.01%),P:1e-22	Tpos:292.3,Tstd:401.9,Bpos:202.4,Bstd:129.1,StrandBias:-0.1,Multiplicity:1.32
0.001	0.180	0.127	0.692
0.001	0.207	0.743	0.049
0.997	0.001	0.001	0.001
0.098	0.214	0.001	0.687
0.001	0.001	0.001	0.997
0.378	0.001	0.444	0.176
0.223	0.021	0.755	0.001
0.041	0.633	0.164	0.162
>KCGGAATK	8-KCGGAATK	4.347666	-49.779588	0	T:582.0(25.02%),B:7914.7(17.07%),P:1e-21	Tpos:270.0,Tstd:336.8,Bpos:213.7,Bstd:137.7,StrandBias:0.0,Multiplicity:1.20
0.133	0.167	0.308	0.392
0.215	0.493	0.156	0.136
0.137	0.271	0.463	0.130
0.129	0.110	0.604	0.157
0.548	0.092	0.203	0.157
0.626	0.042	0.089	0.243
0.234	0.101	0.143	0.522
0.142	0.094	0.436	0.329
>AGGGGBKT	9-AGGGGBKT	4.859671	-47.132975	0	T:704.0(30.27%),B:10147.3(21.89%),P:1e-20	Tpos:254.8,Tstd:280.1,Bpos:200.3,Bstd:135.4,StrandBias:-0.0,Multiplicity:1.43
0.457	0.103	0.269	0.171
0.227	0.070	0.574	0.129
0.176	0.119	0.611	0.094
0.135	0.129	0.556	0.180
0.173	0.119	0.551	0.157
0.044	0.331	0.385	0.240
0.104	0.067	0.469	0.359
0.198	0.053	0.290	0.459
>AAAAGCCG	10-AAAAGCCG	5.327142	-44.725269	0	T:862.0(37.06%),B:13117.6(28.29%),P:1e-19	Tpos:266.0,Tstd:266.2,Bpos:210.3,Bstd:143.6,StrandBias:-0.1,Multiplicity:1.31
0.715	0.109	0.105	0.071
0.825	0.084	0.028	0.063
0.742	0.122	0.052	0.084
0.755	0.046	0.128	0.071
0.113	0.057	0.798	0.032
0.074	0.713	0.166	0.047
0.015	0.742	0.165	0.078
0.081	0.125	0.715	0.079
>CTACGCCT	11-CTACGCCT	6.839033	-43.870575	0	T:380.0(16.34%),B:4738.7(10.22%),P:1e-19	Tpos:259.9,Tstd:301.7,Bpos:206.4,Bstd:134.0,StrandBias:0.1,Multiplicity:1.18
0.026	0.772	0.066	0.136
0.091	0.184	0.017	0.708
0.727	0.205	0.022	0.046
0.132	0.568	0.261	0.039
0.047	0.102	0.828	0.023
0.023	0.875	0.072	0.030
0.055	0.854	0.044	0.047
0.032	0.222	0.072	0.674
>TGAAAGAG	12-TGAAAGAG	8.649788	-39.894665	0	T:264.0(11.35%),B:3021.6(6.52%),P:1e-17	Tpos:245.0,Tstd:181.6,Bpos:211.2,Bstd:132.3,StrandBias:-0.0,Multiplicity:1.12
0.001	0.001	0.001	0.997
0.127	0.001	0.871	0.001
0.825	0.001	0.001	0.173
0.997	0.001	0.001	0.001
0.997	0.001	0.001	0.001
0.001	0.001	0.997	0.001
0.844	0.001	0.154	0.001
0.001	0.001	0.997	0.001
>GAATTCHT	13-GAATTCHT	8.285221	-37.293092	0	T:253.0(10.88%),B:2918.0(6.29%),P:1e-16	Tpos:265.4,Tstd:320.6,Bpos:210.5,Bstd:137.9,StrandBias:-0.1,Multiplicity:1.15
0.205	0.001	0.793	0.001
0.997	0.001	0.001	0.001
0.997	0.001	0.001	0.001
0.001	0.001	0.001	0.997
0.001	0.001	0.001	0.997
0.001	0.973	0.001	0.025
0.351	0.389	0.001	0.259
0.204	0.295	0.030	0.470
>TTCAGTAC	14-TTCAGTAC	9.595289	-36.291162	0	T:86.0(3.70%),B:616.1(1.33%),P:1e-15	Tpos:306.2,Tstd:474.1,Bpos:216.9,Bstd:132.2,StrandBias:-0.3,Multiplicity:1.00
0.001	0.001	0.001	0.997
0.001	0.001	0.001	0.997
0.001	0.997	0.001	0.001
0.997	0.001	0.001	0.001
0.001	0.229	0.769	0.001
0.001	0.001	0.001	0.997
0.997	0.001	0.001	0.001
0.001	0.997	0.001	0.001
>CCTATTCA	15-CCTATTCA	8.236954	-34.333698	0	T:61.0(2.62%),B:360.7(0.78%),P:1e-14	Tpos:338.0,Tstd:535.0,Bpos:209.8,Bstd:132.2,StrandBias:0.1,Multiplicity:1.07
0.100	0.700	0.100	0.100
0.100	0.700	0.100	0.100
0.100	0.100	0.100	0.700
0.700	0.100	0.100	0.100
0.100	0.100	0.100	0.700
0.100	0.100	0.100	0.700
0.100	0.700	0.100	0.100
0.700	0.100	0.100	0.100
>CAAATGGA	16-CAAATGGA	6.406132	-32.336421	0	T:233.0(10.02%),B:2739.1(5.91%),P:1e-14	Tpos:229.9,Tstd:164.2,Bpos:207.3,Bstd:131.5,StrandBias:0.2,Multiplicity:1.12
0.001	0.997	0.001	0.001
0.730	0.171	0.098	0.001
0.997	0.001	0.001	0.001
0.997	0.001	0.001	0.001
0.001	0.001	0.001	0.997
0.096	0.001	0.902	0.001
0.001	0.001	0.997	0.001
0.997	0.001	0.001	0.001
>GYTACAYT	17-GYTACAYT	8.450822	-31.115956	0	T:114.0(4.90%),B:1035.9(2.23%),P:1e-13	Tpos:232.5,Tstd:163.0,Bpos:214.0,Bstd:129.8,StrandBias:0.1,Multiplicity:1.28
0.042	0.001	0.956	0.001
0.001	0.465	0.139	0.395
0.001	0.001	0.252	0.746
0.997	0.001	0.001	0.001
0.391	0.607	0.001	0.001
0.875	0.001	0.123	0.001
0.027	0.507	0.001	0.465
0.001	0.054	0.001	0.944
>AGAATTTA	18-AGAATTTA	8.236954	-30.042532	0	T:89.0(3.83%),B:728.8(1.57%),P:1e-13	Tpos:217.8,Tstd:151.3,Bpos:212.4,Bstd:138.6,StrandBias:0.1,Multiplicity:1.11
0.700	0.100	0.100	0.100
0.100	0.100	0.700	0.100
0.700	0.100	0.100	0.100
0.700	0.100	0.100	0.100
0.100	0.100	0.100	0.700
0.100	0.100	0.100	0.700
0.100	0.100	0.100	0.700
0.700	0.100	0.100	0.100
>GATACTTA	19-GATACTTA	8.236954	-29.466376	0	T:47.0(2.02%),B:257.3(0.56%),P:1e-12	Tpos:246.4,Tstd:201.1,Bpos:216.1,Bstd:131.3,StrandBias:0.9,Multiplicity:1.00
0.100	0.100	0.700	0.100
0.700	0.100	0.100	0.100
0.100	0.100	0.100	0.700
0.700	0.100	0.100	0.100
0.100	0.700	0.100	0.100
0.100	0.100	0.100	0.700
0.100	0.100	0.100	0.700
0.700	0.100	0.100	0.100
>CAAACAAG	20-CAAACAAG	8.236954	-28.415512	0	T:105.0(4.51%),B:959.9(2.07%),P:1e-12	Tpos:252.5,Tstd:217.9,Bpos:218.8,Bstd:142.7,StrandBias:-0.1,Multiplicity:1.00
0.100	0.700	0.100	0.100
0.700	0.100	0.100	0.100
0.700	0.100	0.100	0.100
0.700	0.100	0.100	0.100
0.100	0.700	0.100	0.100
0.700	0.100	0.100	0.100
0.700	0.100	0.100	0.100
0.100	0.100	0.700	0.100
>GTCGTATT	21-GTCGTATT	7.585506	-27.664870	0	T:121.0(5.20%),B:1190.8(2.57%),P:1e-12	Tpos:276.9,Tstd:383.1,Bpos:216.4,Bstd:139.1,StrandBias:0.1,Multiplicity:1.04
0.001	0.122	0.876	0.001
0.001	0.001	0.001	0.997
0.001	0.871	0.127	0.001
0.001	0.001	0.997	0.001
0.180	0.001	0.154	0.665
0.596	0.001	0.001	0.402
0.158	0.001	0.121	0.720
0.001	0.001	0.001	0.997
>GCAARTTG	22-GCAARTTG	8.372007	-24.512533	0	T:270.0(11.61%),B:3571.1(7.70%),P:1e-10	Tpos:258.3,Tstd:299.4,Bpos:212.6,Bstd:137.3,StrandBias:0.1,Multiplicity:1.06
0.001	0.001	0.997	0.001
0.320	0.543	0.136	0.001
0.997	0.001	0.001	0.001
0.997	0.001	0.001	0.001
0.504	0.001	0.494	0.001
0.001	0.001	0.001	0.997
0.001	0.001	0.001	0.997
0.001	0.001	0.997	0.001
>GATCCGCC	23-GATCCGCC	6.853570	-24.500450	0	T:418.0(17.97%),B:6086.6(13.13%),P:1e-10	Tpos:239.3,Tstd:299.3,Bpos:211.4,Bstd:134.8,StrandBias:0.1,Multiplicity:1.12
0.074	0.369	0.552	0.005
0.634	0.121	0.001	0.244
0.341	0.001	0.001	0.657
0.031	0.677	0.020	0.272
0.072	0.825	0.101	0.002
0.015	0.042	0.610	0.333
0.060	0.894	0.025	0.021
0.025	0.941	0.001	0.033
>RCGAGAAA	24-RCGAGAAA	7.965133	-22.604174	0	T:239.0(10.28%),B:3131.0(6.75%),P:1e-9	Tpos:276.7,Tstd:241.6,Bpos:211.1,Bstd:136.3,StrandBias:-0.0,Multiplicity:1.47
0.434	0.001	0.564	0.001
0.001	0.666	0.001	0.332
0.001	0.001	0.997	0.001
0.654	0.077	0.001	0.268
0.001	0.040	0.958	0.001
0.997	0.001	0.001	0.001
0.922	0.001	0.076	0.001
0.997	0.001	0.001	0.001
>GTCTGCTA	25-GTCTGCTA	8.521998	-21.030404	0	T:67.0(2.88%),B:576.9(1.24%),P:1e-9	Tpos:226.6,Tstd:153.4,Bpos:209.6,Bstd:130.9,StrandBias:0.0,Multiplicity:1.02
0.001	0.001	0.997	0.001
0.001	0.001	0.001	0.997
0.001	0.997	0.001	0.001
0.001	0.001	0.088	0.910
0.111	0.001	0.887	0.001
0.001	0.997	0.001	0.001
0.001	0.001	0.001	0.997
0.997	0.001	0.001	0.001
