>CTACGAAT	1-CTACGAAT	7.852251	-14.627618	0	T:12.0(14.81%),B:1110.3(2.35%),P:1e-6	Tpos:653.6,Tstd:723.1,Bpos:315.8,Bstd:195.7,StrandBias:0.6,Multiplicity:1.25
0.001	0.997	0.001	0.001
0.043	0.048	0.001	0.908
0.912	0.001	0.001	0.086
0.033	0.920	0.001	0.046
0.034	0.001	0.883	0.082
0.901	0.097	0.001	0.001
0.765	0.233	0.001	0.001
0.084	0.001	0.001	0.914
>TTCGCCAT	2-TTCGCCAT	7.402140	-12.732883	0	T:14.0(17.28%),B:1846.0(3.91%),P:1e-5	Tpos:282.1,Tstd:155.2,Bpos:312.3,Bstd:223.0,StrandBias:-1.6,Multiplicity:1.67
0.001	0.320	0.001	0.678
0.001	0.001	0.001	0.997
0.001	0.865	0.133	0.001
0.001	0.001	0.997	0.001
0.001	0.668	0.001	0.330
0.001	0.551	0.269	0.179
0.836	0.136	0.001	0.027
0.001	0.129	0.001	0.869
>TAACCCTA	3-TAACCCTA	6.233615	-12.579072	0	T:39.0(48.15%),B:11579.4(24.51%),P:1e-5	Tpos:1004.5,Tstd:1294.4,Bpos:310.2,Bstd:191.8,StrandBias:0.5,Multiplicity:2.24
0.134	0.164	0.066	0.636
0.587	0.277	0.022	0.114
0.767	0.069	0.133	0.031
0.041	0.722	0.072	0.165
0.224	0.756	0.001	0.019
0.137	0.798	0.001	0.064
0.071	0.048	0.025	0.856
0.899	0.051	0.049	0.001
>ASCGWCGW	4-ASCGWCGW	5.550537	-12.549678	0	T:32.0(39.51%),B:8396.9(17.77%),P:1e-5	Tpos:671.6,Tstd:1193.9,Bpos:313.1,Bstd:219.8,StrandBias:-0.4,Multiplicity:1.56
0.687	0.206	0.001	0.106
0.001	0.526	0.472	0.001
0.001	0.593	0.405	0.001
0.347	0.068	0.504	0.081
0.503	0.001	0.001	0.495
0.001	0.997	0.001	0.001
0.241	0.166	0.592	0.001
0.358	0.001	0.204	0.437
>AATTATTR	5-AATTATTR	8.585988	-12.393561	0	T:19.0(23.46%),B:3425.9(7.25%),P:1e-5	Tpos:796.2,Tstd:1089.3,Bpos:313.2,Bstd:193.7,StrandBias:0.2,Multiplicity:1.37
0.678	0.032	0.118	0.172
0.765	0.142	0.067	0.026
0.001	0.025	0.001	0.973
0.379	0.001	0.032	0.588
0.948	0.050	0.001	0.001
0.046	0.001	0.142	0.811
0.051	0.001	0.091	0.857
0.520	0.061	0.418	0.001
>TGAVTTGC	6-TGAVTTGC	6.424006	-11.628109	0	T:36.0(44.44%),B:10583.8(22.40%),P:1e-5	Tpos:411.9,Tstd:682.8,Bpos:309.1,Bstd:189.8,StrandBias:0.6,Multiplicity:1.53
0.048	0.113	0.058	0.781
0.001	0.228	0.721	0.050
0.858	0.069	0.001	0.072
0.262	0.316	0.403	0.020
0.082	0.019	0.001	0.898
0.001	0.220	0.152	0.627
0.008	0.126	0.865	0.001
0.001	0.894	0.050	0.055
>AAAACGTG	7-AAAACGTG	8.236954	-11.604699	0	T:7.0(8.64%),B:424.5(0.90%),P:1e-5	Tpos:251.0,Tstd:149.7,Bpos:308.0,Bstd:204.0,StrandBias:10.0,Multiplicity:1.33
0.700	0.100	0.100	0.100
0.700	0.100	0.100	0.100
0.700	0.100	0.100	0.100
0.700	0.100	0.100	0.100
0.100	0.700	0.100	0.100
0.100	0.100	0.700	0.100
0.100	0.100	0.100	0.700
0.100	0.100	0.700	0.100
>CGAGAAAY	8-CGAGAAAY	8.673816	-10.417087	0	T:9.0(11.11%),B:921.4(1.95%),P:1e-4	Tpos:597.9,Tstd:1121.1,Bpos:314.7,Bstd:225.6,StrandBias:2.7,Multiplicity:1.67
0.001	0.958	0.001	0.040
0.001	0.001	0.997	0.001
0.719	0.001	0.012	0.268
0.005	0.001	0.993	0.001
0.985	0.013	0.001	0.001
0.997	0.001	0.001	0.001
0.874	0.056	0.069	0.001
0.043	0.547	0.001	0.409
>AATSCAYG	9-AATSCAYG	8.276563	-9.687541	0	T:15.0(18.52%),B:2751.5(5.82%),P:1e-4	Tpos:456.2,Tstd:973.0,Bpos:311.6,Bstd:186.4,StrandBias:1.5,Multiplicity:1.53
0.574	0.001	0.289	0.136
0.997	0.001	0.001	0.001
0.001	0.136	0.001	0.862
0.001	0.425	0.573	0.001
0.001	0.997	0.001	0.001
0.997	0.001	0.001	0.001
0.001	0.535	0.001	0.463
0.399	0.001	0.599	0.001
>TCGTTTGG	10-TCGTTTGG	6.357957	-7.522464	0	T:26.0(32.10%),B:7930.1(16.78%),P:1e-3	Tpos:709.9,Tstd:1018.7,Bpos:311.2,Bstd:203.1,StrandBias:-0.3,Multiplicity:1.83
0.001	0.001	0.078	0.920
0.125	0.802	0.031	0.042
0.001	0.001	0.997	0.001
0.173	0.116	0.242	0.469
0.189	0.001	0.001	0.809
0.001	0.001	0.001	0.997
0.001	0.001	0.925	0.073
0.001	0.001	0.885	0.113
>CATACTAT	11-CATACTAT	8.305275	-7.282219	0	T:9.0(11.11%),B:1406.0(2.98%),P:1e-3	Tpos:415.5,Tstd:192.4,Bpos:315.2,Bstd:189.4,StrandBias:0.9,Multiplicity:1.44
0.001	0.807	0.001	0.191
0.889	0.001	0.001	0.109
0.001	0.213	0.035	0.751
0.817	0.181	0.001	0.001
0.001	0.762	0.236	0.001
0.179	0.001	0.194	0.626
0.952	0.046	0.001	0.001
0.001	0.001	0.001	0.997
>TCCTSTTC	12-TCCTSTTC	7.227261	-7.011942	0	T:27.0(33.33%),B:8660.8(18.33%),P:1e-3	Tpos:442.1,Tstd:696.1,Bpos:310.0,Bstd:191.1,StrandBias:-1.6,Multiplicity:1.70
0.001	0.001	0.001	0.997
0.001	0.997	0.001	0.001
0.001	0.997	0.001	0.001
0.001	0.001	0.001	0.997
0.091	0.459	0.450	0.001
0.001	0.235	0.001	0.763
0.001	0.001	0.001	0.997
0.001	0.997	0.001	0.001
>TTTTCAGT	13-TTTTCAGT	9.273555	-6.971741	0	T:13.0(16.05%),B:2802.8(5.93%),P:1e-3	Tpos:288.9,Tstd:257.4,Bpos:307.8,Bstd:201.9,StrandBias:-2.2,Multiplicity:3.00
0.001	0.001	0.001	0.997
0.001	0.001	0.001	0.997
0.001	0.001	0.001	0.997
0.001	0.001	0.001	0.997
0.001	0.997	0.001	0.001
0.832	0.166	0.001	0.001
0.001	0.001	0.997	0.001
0.001	0.001	0.001	0.997
>TGATAATA	14-TGATAATA	8.181202	-6.583521	0	T:22.0(27.16%),B:6611.0(13.99%),P:1e-2	Tpos:779.5,Tstd:1098.0,Bpos:311.8,Bstd:192.1,StrandBias:-0.8,Multiplicity:1.73
0.001	0.001	0.001	0.997
0.219	0.001	0.779	0.001
0.551	0.099	0.035	0.315
0.001	0.001	0.006	0.992
0.962	0.036	0.001	0.001
0.652	0.034	0.268	0.046
0.001	0.001	0.001	0.997
0.874	0.124	0.001	0.001
>CAACAACC	15-CAACAACC	8.909416	-5.636067	0	T:14.0(17.28%),B:3656.2(7.74%),P:1e-2	Tpos:636.7,Tstd:1090.2,Bpos:312.5,Bstd:190.9,StrandBias:1.3,Multiplicity:1.36
0.001	0.997	0.001	0.001
0.997	0.001	0.001	0.001
0.997	0.001	0.001	0.001
0.001	0.749	0.001	0.249
0.997	0.001	0.001	0.001
0.806	0.001	0.192	0.001
0.001	0.588	0.001	0.410
0.322	0.676	0.001	0.001
>CGGAATAT	16-CGGAATAT	9.822143	-5.412501	0	T:8.0(9.88%),B:1513.4(3.20%),P:1e-2	Tpos:436.7,Tstd:828.9,Bpos:321.0,Bstd:201.7,StrandBias:2.5,Multiplicity:3.38
0.001	0.671	0.001	0.327
0.001	0.001	0.997	0.001
0.001	0.001	0.997	0.001
0.997	0.001	0.001	0.001
0.997	0.001	0.001	0.001
0.122	0.001	0.001	0.876
0.997	0.001	0.001	0.001
0.001	0.001	0.001	0.997
>AAAYGAGA	17-AAAYGAGA	10.297531	-5.097274	0	T:11.0(13.58%),B:2687.4(5.69%),P:1e-2	Tpos:240.7,Tstd:170.7,Bpos:315.0,Bstd:193.2,StrandBias:2.0,Multiplicity:2.27
0.997	0.001	0.001	0.001
0.997	0.001	0.001	0.001
0.997	0.001	0.001	0.001
0.001	0.519	0.001	0.479
0.001	0.001	0.997	0.001
0.962	0.036	0.001	0.001
0.001	0.001	0.997	0.001
0.997	0.001	0.001	0.001
>ACTGTAGG	18-ACTGTAGG	10.814430	-4.521578	0	T:5.0(6.17%),B:775.2(1.64%),P:1e-1	Tpos:289.3,Tstd:156.1,Bpos:301.9,Bstd:204.1,StrandBias:10.0,Multiplicity:2.20
0.997	0.001	0.001	0.001
0.001	0.997	0.001	0.001
0.001	0.001	0.001	0.997
0.001	0.001	0.775	0.223
0.001	0.001	0.001	0.997
0.997	0.001	0.001	0.001
0.001	0.001	0.997	0.001
0.001	0.001	0.997	0.001
>TCCTTCCT	19-TCCTTCCT	8.236954	-1.768605	0	T:9.0(11.11%),B:3640.4(7.71%),P:1e0	Tpos:333.2,Tstd:181.1,Bpos:304.7,Bstd:200.9,StrandBias:-0.6,Multiplicity:2.78
0.100	0.100	0.100	0.700
0.100	0.700	0.100	0.100
0.100	0.700	0.100	0.100
0.100	0.100	0.100	0.700
0.100	0.100	0.100	0.700
0.100	0.700	0.100	0.100
0.100	0.700	0.100	0.100
0.100	0.100	0.100	0.700
>TCTTTCTT	20-TCTTTCTT	6.632496	-0.579746	0	T:10.0(12.35%),B:5875.9(12.44%),P:1e0	Tpos:388.6,Tstd:201.1,Bpos:309.5,Bstd:187.9,StrandBias:1.5,Multiplicity:6.40
0.104	0.083	0.073	0.740
0.133	0.691	0.065	0.111
0.220	0.145	0.226	0.409
0.083	0.184	0.069	0.664
0.201	0.147	0.074	0.578
0.100	0.667	0.038	0.195
0.131	0.069	0.211	0.589
0.104	0.157	0.074	0.665
