>ATTAAAGG	1-ATTAAAGG	11.012752	-435.773998	0	T:948.0(31.10%),B:5236.7(11.26%),P:1e-189	Tpos:393.0,Tstd:404.4,Bpos:329.8,Bstd:219.5,StrandBias:0.0,Multiplicity:1.20
0.997	0.001	0.001	0.001
0.001	0.001	0.001	0.997
0.001	0.001	0.001	0.997
0.997	0.001	0.001	0.001
0.997	0.001	0.001	0.001
0.945	0.001	0.053	0.001
0.001	0.001	0.997	0.001
0.001	0.001	0.997	0.001
>ACCACGCC	2-ACCACGCC	10.033685	-389.019144	0	T:728.0(23.88%),B:3526.2(7.58%),P:1e-168	Tpos:390.0,Tstd:375.3,Bpos:329.8,Bstd:214.6,StrandBias:0.1,Multiplicity:1.09
0.997	0.001	0.001	0.001
0.001	0.997	0.001	0.001
0.001	0.997	0.001	0.001
0.997	0.001	0.001	0.001
0.001	0.997	0.001	0.001
0.355	0.001	0.643	0.001
0.001	0.997	0.001	0.001
0.001	0.997	0.001	0.001
>GTTCAAGG	3-GTTCAAGG	10.705479	-375.853639	0	T:702.0(23.03%),B:3384.7(7.28%),P:1e-163	Tpos:385.4,Tstd:374.5,Bpos:335.3,Bstd:216.9,StrandBias:0.3,Multiplicity:1.12
0.001	0.001	0.997	0.001
0.001	0.001	0.001	0.997
0.001	0.001	0.001	0.997
0.001	0.997	0.001	0.001
0.695	0.303	0.001	0.001
0.997	0.001	0.001	0.001
0.001	0.001	0.997	0.001
0.001	0.001	0.997	0.001
>GAGTTCCA	4-GAGTTCCA	8.485350	-210.896236	0	T:1076.0(35.30%),B:9078.0(19.52%),P:1e-91	Tpos:412.0,Tstd:437.8,Bpos:333.8,Bstd:220.3,StrandBias:-0.0,Multiplicity:1.38
0.113	0.001	0.885	0.001
0.997	0.001	0.001	0.001
0.133	0.001	0.865	0.001
0.001	0.001	0.001	0.997
0.001	0.001	0.001	0.997
0.001	0.997	0.001	0.001
0.001	0.900	0.098	0.001
0.997	0.001	0.001	0.001
>AGGGCTAC	5-AGGGCTAC	8.092137	-198.741644	0	T:1061.0(34.81%),B:9079.3(19.52%),P:1e-86	Tpos:423.1,Tstd:443.3,Bpos:331.8,Bstd:222.2,StrandBias:0.1,Multiplicity:1.47
0.575	0.046	0.001	0.378
0.119	0.073	0.807	0.001
0.024	0.001	0.974	0.001
0.175	0.065	0.484	0.276
0.082	0.916	0.001	0.001
0.001	0.122	0.035	0.842
0.978	0.020	0.001	0.001
0.001	0.836	0.008	0.155
>CCTNAGGC	6-CCTNAGGC	6.540307	-188.121439	0	T:1687.0(55.35%),B:17742.0(38.14%),P:1e-81	Tpos:395.7,Tstd:393.8,Bpos:332.3,Bstd:205.4,StrandBias:-0.1,Multiplicity:1.54
0.010	0.972	0.017	0.001
0.001	0.839	0.003	0.157
0.001	0.262	0.029	0.708
0.212	0.280	0.279	0.229
0.726	0.012	0.261	0.001
0.119	0.009	0.871	0.001
0.026	0.001	0.929	0.044
0.013	0.727	0.222	0.038
>GRCTAGCC	7-GRCTAGCC	8.651127	-177.442327	0	T:963.0(31.59%),B:8210.6(17.65%),P:1e-77	Tpos:434.6,Tstd:470.7,Bpos:329.9,Bstd:219.7,StrandBias:0.0,Multiplicity:1.14
0.001	0.001	0.997	0.001
0.425	0.001	0.573	0.001
0.001	0.997	0.001	0.001
0.001	0.155	0.001	0.843
0.997	0.001	0.001	0.001
0.001	0.001	0.997	0.001
0.001	0.997	0.001	0.001
0.001	0.997	0.001	0.001
>GGTGTGGC	8-GGTGTGGC	7.725312	-174.500686	0	T:944.0(30.97%),B:8025.6(17.25%),P:1e-75	Tpos:379.5,Tstd:359.4,Bpos:332.4,Bstd:201.8,StrandBias:0.2,Multiplicity:1.31
0.001	0.001	0.997	0.001
0.001	0.001	0.997	0.001
0.153	0.058	0.001	0.788
0.001	0.001	0.997	0.001
0.001	0.001	0.134	0.864
0.001	0.010	0.988	0.001
0.052	0.001	0.722	0.225
0.001	0.997	0.001	0.001
>CGTGCGCC	9-CGTGCGCC	8.053337	-171.648452	0	T:487.0(15.98%),B:2986.2(6.42%),P:1e-74	Tpos:418.1,Tstd:433.3,Bpos:333.3,Bstd:223.0,StrandBias:0.1,Multiplicity:1.07
0.001	0.911	0.001	0.087
0.001	0.001	0.997	0.001
0.001	0.001	0.001	0.997
0.001	0.001	0.997	0.001
0.001	0.690	0.001	0.308
0.138	0.001	0.860	0.001
0.006	0.953	0.001	0.040
0.001	0.984	0.001	0.014
>AGTGCTGG	10-AGTGCTGG	7.051939	-168.911989	0	T:840.0(27.56%),B:6864.9(14.76%),P:1e-73	Tpos:426.2,Tstd:442.8,Bpos:327.5,Bstd:215.3,StrandBias:-0.0,Multiplicity:1.17
0.997	0.001	0.001	0.001
0.001	0.001	0.997	0.001
0.001	0.001	0.001	0.997
0.001	0.001	0.997	0.001
0.001	0.997	0.001	0.001
0.001	0.018	0.001	0.980
0.001	0.001	0.997	0.001
0.001	0.001	0.997	0.001
>CAAGGTCA	11-CAAGGTCA	8.487963	-163.891192	0	T:893.0(29.30%),B:7575.2(16.28%),P:1e-71	Tpos:411.3,Tstd:420.7,Bpos:330.0,Bstd:202.1,StrandBias:0.1,Multiplicity:1.18
0.001	0.927	0.001	0.071
0.997	0.001	0.001	0.001
0.997	0.001	0.001	0.001
0.001	0.001	0.997	0.001
0.001	0.001	0.997	0.001
0.172	0.001	0.096	0.731
0.001	0.997	0.001	0.001
0.868	0.001	0.020	0.111
>SAGAAAYC	12-SAGAAAYC	8.640036	-163.566172	0	T:617.0(20.24%),B:4413.2(9.49%),P:1e-71	Tpos:381.5,Tstd:378.6,Bpos:333.4,Bstd:218.0,StrandBias:-0.0,Multiplicity:1.06
0.001	0.510	0.436	0.053
0.979	0.019	0.001	0.001
0.001	0.264	0.588	0.147
0.970	0.001	0.006	0.023
0.728	0.270	0.001	0.001
0.820	0.001	0.151	0.028
0.001	0.488	0.001	0.510
0.001	0.995	0.003	0.001
>GTTTCTCT	13-GTTTCTCT	8.236954	-149.462741	0	T:741.0(24.31%),B:5996.0(12.89%),P:1e-64	Tpos:427.6,Tstd:436.4,Bpos:328.3,Bstd:220.2,StrandBias:-0.0,Multiplicity:1.10
0.100	0.100	0.700	0.100
0.100	0.100	0.100	0.700
0.100	0.100	0.100	0.700
0.100	0.100	0.100	0.700
0.100	0.700	0.100	0.100
0.100	0.100	0.100	0.700
0.100	0.700	0.100	0.100
0.100	0.100	0.100	0.700
>YGCCTSCC	14-YGCCTSCC	8.516172	-146.123000	0	T:703.0(23.06%),B:5605.4(12.05%),P:1e-63	Tpos:429.5,Tstd:447.0,Bpos:333.9,Bstd:216.7,StrandBias:-0.0,Multiplicity:1.08
0.001	0.458	0.001	0.540
0.058	0.001	0.940	0.001
0.014	0.984	0.001	0.001
0.090	0.851	0.022	0.037
0.056	0.001	0.001	0.942
0.016	0.451	0.444	0.090
0.001	0.629	0.018	0.352
0.018	0.671	0.310	0.001
>CCTGCCTC	15-CCTGCCTC	8.462782	-141.993113	0	T:1391.0(45.64%),B:14518.8(31.21%),P:1e-61	Tpos:429.0,Tstd:449.2,Bpos:330.4,Bstd:212.9,StrandBias:-0.0,Multiplicity:1.42
0.001	0.997	0.001	0.001
0.001	0.910	0.001	0.088
0.001	0.001	0.001	0.997
0.001	0.001	0.997	0.001
0.001	0.836	0.001	0.162
0.001	0.997	0.001	0.001
0.001	0.001	0.001	0.997
0.001	0.997	0.001	0.001
>CTGTCTCG	16-CTGTCTCG	8.783171	-128.917133	0	T:349.0(11.45%),B:2060.3(4.43%),P:1e-55	Tpos:405.4,Tstd:408.6,Bpos:335.7,Bstd:227.7,StrandBias:0.2,Multiplicity:1.04
0.001	0.997	0.001	0.001
0.001	0.001	0.001	0.997
0.328	0.001	0.670	0.001
0.001	0.001	0.001	0.997
0.001	0.997	0.001	0.001
0.001	0.001	0.309	0.689
0.001	0.997	0.001	0.001
0.001	0.001	0.997	0.001
>GTATAGCC	17-GTATAGCC	5.419299	-121.989377	0	T:1013.0(33.23%),B:9853.6(21.18%),P:1e-52	Tpos:447.7,Tstd:457.9,Bpos:333.3,Bstd:218.2,StrandBias:0.0,Multiplicity:1.38
0.001	0.001	0.997	0.001
0.149	0.001	0.208	0.642
0.997	0.001	0.001	0.001
0.001	0.021	0.001	0.977
0.997	0.001	0.001	0.001
0.020	0.001	0.978	0.001
0.001	0.997	0.001	0.001
0.001	0.816	0.001	0.182
>GCTTATCT	18-GCTTATCT	5.144051	-108.560784	0	T:1324.0(43.44%),B:14388.9(30.93%),P:1e-47	Tpos:425.0,Tstd:455.2,Bpos:333.8,Bstd:203.5,StrandBias:0.1,Multiplicity:1.40
0.001	0.109	0.671	0.219
0.001	0.533	0.212	0.254
0.001	0.001	0.001	0.997
0.106	0.001	0.001	0.892
0.997	0.001	0.001	0.001
0.001	0.001	0.001	0.997
0.001	0.997	0.001	0.001
0.001	0.001	0.096	0.902
>TTGTTTGT	19-TTGTTTGT	10.695102	-103.138016	0	T:595.0(19.52%),B:5024.2(10.80%),P:1e-44	Tpos:391.5,Tstd:440.6,Bpos:327.7,Bstd:221.6,StrandBias:-0.3,Multiplicity:2.36
0.001	0.001	0.001	0.997
0.001	0.001	0.001	0.997
0.001	0.001	0.854	0.144
0.001	0.001	0.001	0.997
0.001	0.001	0.001	0.997
0.001	0.001	0.001	0.997
0.001	0.001	0.803	0.195
0.001	0.001	0.001	0.997
>ACATTCCT	20-ACATTCCT	7.438130	-99.228515	0	T:1001.0(32.84%),B:10205.2(21.94%),P:1e-43	Tpos:387.1,Tstd:372.5,Bpos:331.8,Bstd:200.0,StrandBias:-0.0,Multiplicity:1.31
0.849	0.001	0.149	0.001
0.237	0.427	0.226	0.111
0.997	0.001	0.001	0.001
0.070	0.001	0.110	0.819
0.020	0.001	0.001	0.978
0.084	0.914	0.001	0.001
0.001	0.799	0.021	0.179
0.221	0.001	0.070	0.708
>TTTTGTTT	21-TTTTGTTT	8.905408	-78.887811	0	T:1066.0(34.97%),B:11612.1(24.96%),P:1e-34	Tpos:476.1,Tstd:506.7,Bpos:329.5,Bstd:222.1,StrandBias:-0.0,Multiplicity:2.12
0.001	0.001	0.001	0.997
0.001	0.001	0.001	0.997
0.001	0.001	0.001	0.997
0.001	0.001	0.130	0.868
0.001	0.001	0.997	0.001
0.001	0.001	0.117	0.881
0.001	0.001	0.001	0.997
0.001	0.001	0.001	0.997
>CAGAGATC	22-CAGAGATC	8.236954	-60.253403	0	T:352.0(11.55%),B:2943.7(6.33%),P:1e-26	Tpos:406.5,Tstd:442.6,Bpos:324.2,Bstd:202.5,StrandBias:-0.2,Multiplicity:1.06
0.100	0.700	0.100	0.100
0.700	0.100	0.100	0.100
0.100	0.100	0.700	0.100
0.700	0.100	0.100	0.100
0.100	0.100	0.700	0.100
0.700	0.100	0.100	0.100
0.100	0.100	0.100	0.700
0.100	0.700	0.100	0.100
>GGYGTAKC	23-GGYGTAKC	7.465839	-53.284734	0	T:425.0(13.94%),B:3937.2(8.46%),P:1e-23	Tpos:418.1,Tstd:411.9,Bpos:335.9,Bstd:203.8,StrandBias:-0.0,Multiplicity:1.17
0.001	0.237	0.761	0.001
0.001	0.001	0.997	0.001
0.001	0.507	0.001	0.491
0.001	0.001	0.997	0.001
0.001	0.001	0.326	0.672
0.853	0.001	0.001	0.145
0.208	0.001	0.448	0.342
0.001	0.731	0.001	0.267
>ACTTCCTT	24-ACTTCCTT	7.296943	-43.378978	0	T:752.0(24.67%),B:8436.0(18.14%),P:1e-18	Tpos:422.6,Tstd:435.0,Bpos:332.0,Bstd:201.2,StrandBias:-0.2,Multiplicity:1.24
0.997	0.001	0.001	0.001
0.001	0.997	0.001	0.001
0.001	0.001	0.044	0.954
0.001	0.093	0.001	0.905
0.114	0.884	0.001	0.001
0.001	0.997	0.001	0.001
0.001	0.161	0.036	0.802
0.001	0.171	0.001	0.827
>GACTATAG	25-GACTATAG	8.024400	-27.408044	0	T:224.0(7.35%),B:2085.1(4.48%),P:1e-11	Tpos:406.2,Tstd:382.4,Bpos:330.8,Bstd:198.4,StrandBias:0.1,Multiplicity:1.16
0.340	0.079	0.580	0.001
0.883	0.037	0.079	0.001
0.001	0.726	0.001	0.272
0.001	0.001	0.036	0.962
0.755	0.001	0.001	0.243
0.243	0.001	0.001	0.755
0.997	0.001	0.001	0.001
0.001	0.386	0.612	0.001
