>GCATTCCA	1-GCATTCCA	7.866006	-507.295262	0	T:1304.0(25.89%),B:4434.7(10.14%),P:1e-220	Tpos:347.7,Tstd:253.1,Bpos:256.6,Bstd:159.9,StrandBias:-0.0,Multiplicity:1.30
0.197	0.001	0.801	0.001
0.278	0.720	0.001	0.001
0.997	0.001	0.001	0.001
0.001	0.001	0.001	0.997
0.001	0.001	0.001	0.997
0.001	0.997	0.001	0.001
0.001	0.996	0.001	0.002
0.523	0.001	0.191	0.285
>GAATTTAC	2-GAATTTAC	8.236954	-217.880917	0	T:233.0(4.63%),B:360.2(0.82%),P:1e-94	Tpos:360.7,Tstd:239.0,Bpos:274.1,Bstd:174.6,StrandBias:0.1,Multiplicity:1.06
0.100	0.100	0.700	0.100
0.700	0.100	0.100	0.100
0.700	0.100	0.100	0.100
0.100	0.100	0.100	0.700
0.100	0.100	0.100	0.700
0.100	0.100	0.100	0.700
0.700	0.100	0.100	0.100
0.100	0.700	0.100	0.100
>TGAGTCAC	3-TGAGTCAC	8.870397	-149.517133	0	T:629.0(12.49%),B:2623.4(6.00%),P:1e-64	Tpos:333.5,Tstd:226.2,Bpos:254.6,Bstd:151.7,StrandBias:0.0,Multiplicity:1.16
0.001	0.001	0.001	0.997
0.001	0.001	0.952	0.046
0.997	0.001	0.001	0.001
0.001	0.231	0.767	0.001
0.001	0.001	0.001	0.997
0.001	0.997	0.001	0.001
0.997	0.001	0.001	0.001
0.001	0.692	0.156	0.151
>ACATTCWK	4-ACATTCWK	8.543221	-107.903923	0	T:247.0(4.90%),B:736.9(1.68%),P:1e-46	Tpos:326.9,Tstd:255.1,Bpos:264.5,Bstd:154.8,StrandBias:0.0,Multiplicity:1.13
0.731	0.267	0.001	0.001
0.001	0.580	0.001	0.418
0.997	0.001	0.001	0.001
0.001	0.001	0.001	0.997
0.253	0.001	0.001	0.745
0.001	0.883	0.115	0.001
0.525	0.013	0.001	0.461
0.001	0.001	0.538	0.460
>RCAWTACT	5-RCAWTACT	7.709436	-107.834236	0	T:195.0(3.87%),B:492.4(1.13%),P:1e-46	Tpos:330.7,Tstd:329.2,Bpos:257.0,Bstd:159.0,StrandBias:0.2,Multiplicity:1.37
0.425	0.001	0.442	0.132
0.089	0.835	0.075	0.001
0.742	0.001	0.052	0.205
0.511	0.001	0.001	0.487
0.101	0.041	0.001	0.857
0.560	0.265	0.174	0.001
0.135	0.685	0.001	0.179
0.056	0.001	0.174	0.769
>TAGAATTC	6-TAGAATTC	10.335887	-102.942005	0	T:192.0(3.81%),B:496.5(1.14%),P:1e-44	Tpos:287.3,Tstd:204.2,Bpos:269.4,Bstd:172.1,StrandBias:0.1,Multiplicity:1.01
0.219	0.127	0.001	0.653
0.897	0.001	0.001	0.101
0.001	0.001	0.997	0.001
0.997	0.001	0.001	0.001
0.997	0.001	0.001	0.001
0.183	0.001	0.001	0.815
0.001	0.001	0.001	0.997
0.001	0.997	0.001	0.001
>CTTAGCTA	7-CTTAGCTA	7.885347	-91.889044	0	T:388.0(7.70%),B:1607.2(3.67%),P:1e-39	Tpos:343.2,Tstd:308.1,Bpos:253.7,Bstd:165.5,StrandBias:0.1,Multiplicity:1.24
0.028	0.635	0.264	0.073
0.095	0.011	0.020	0.874
0.001	0.014	0.001	0.984
0.910	0.021	0.001	0.068
0.001	0.001	0.997	0.001
0.068	0.887	0.044	0.001
0.183	0.001	0.001	0.815
0.985	0.001	0.001	0.013
>ATTCTTAC	8-ATTCTTAC	8.622236	-91.169771	0	T:169.0(3.36%),B:435.7(1.00%),P:1e-39	Tpos:360.4,Tstd:504.2,Bpos:254.1,Bstd:163.4,StrandBias:0.0,Multiplicity:1.04
0.839	0.001	0.001	0.159
0.259	0.001	0.073	0.667
0.234	0.108	0.051	0.607
0.001	0.892	0.062	0.045
0.107	0.001	0.045	0.847
0.422	0.001	0.001	0.576
0.997	0.001	0.001	0.001
0.184	0.575	0.240	0.001
>CCCATACA	9-CCCATACA	9.547322	-91.155043	0	T:298.0(5.92%),B:1092.6(2.50%),P:1e-39	Tpos:344.8,Tstd:327.9,Bpos:260.9,Bstd:145.0,StrandBias:-0.2,Multiplicity:1.28
0.001	0.626	0.372	0.001
0.001	0.997	0.001	0.001
0.001	0.997	0.001	0.001
0.997	0.001	0.001	0.001
0.001	0.001	0.001	0.997
0.997	0.001	0.001	0.001
0.001	0.585	0.001	0.413
0.997	0.001	0.001	0.001
>WMCGCCCT	10-WMCGCCCT	6.277034	-90.285467	0	T:1821.0(36.16%),B:12080.0(27.62%),P:1e-39	Tpos:321.2,Tstd:264.4,Bpos:243.2,Bstd:160.3,StrandBias:0.0,Multiplicity:1.74
0.421	0.254	0.001	0.324
0.415	0.478	0.061	0.045
0.106	0.784	0.084	0.026
0.001	0.001	0.880	0.118
0.077	0.663	0.023	0.237
0.121	0.777	0.063	0.039
0.001	0.867	0.052	0.080
0.269	0.196	0.001	0.534
>AATCAGGC	11-AATCAGGC	8.236954	-83.512763	0	T:172.0(3.42%),B:478.4(1.09%),P:1e-36	Tpos:285.1,Tstd:184.8,Bpos:254.0,Bstd:158.7,StrandBias:0.1,Multiplicity:1.00
0.700	0.100	0.100	0.100
0.700	0.100	0.100	0.100
0.100	0.100	0.100	0.700
0.100	0.700	0.100	0.100
0.700	0.100	0.100	0.100
0.100	0.100	0.700	0.100
0.100	0.100	0.700	0.100
0.100	0.700	0.100	0.100
>ACTACATT	12-ACTACATT	10.650772	-82.485883	0	T:156.0(3.10%),B:408.7(0.93%),P:1e-35	Tpos:256.9,Tstd:146.5,Bpos:234.7,Bstd:157.4,StrandBias:0.1,Multiplicity:1.01
0.997	0.001	0.001	0.001
0.001	0.997	0.001	0.001
0.001	0.001	0.001	0.997
0.997	0.001	0.001	0.001
0.001	0.997	0.001	0.001
0.997	0.001	0.001	0.001
0.001	0.001	0.001	0.997
0.340	0.001	0.001	0.658
>AAGTAGAT	13-AAGTAGAT	11.002114	-77.612080	0	T:165.0(3.28%),B:469.9(1.07%),P:1e-33	Tpos:367.5,Tstd:354.5,Bpos:258.9,Bstd:166.9,StrandBias:-0.1,Multiplicity:1.00
0.997	0.001	0.001	0.001
0.997	0.001	0.001	0.001
0.001	0.001	0.997	0.001
0.001	0.001	0.001	0.997
0.935	0.063	0.001	0.001
0.001	0.001	0.997	0.001
0.997	0.001	0.001	0.001
0.001	0.001	0.001	0.997
>GATAGTAA	14-GATAGTAA	10.561824	-76.791484	0	T:112.0(2.22%),B:238.9(0.55%),P:1e-33	Tpos:272.7,Tstd:424.9,Bpos:250.6,Bstd:172.1,StrandBias:0.1,Multiplicity:1.05
0.001	0.001	0.997	0.001
0.997	0.001	0.001	0.001
0.001	0.001	0.001	0.997
0.997	0.001	0.001	0.001
0.001	0.001	0.997	0.001
0.001	0.001	0.001	0.997
0.602	0.001	0.396	0.001
0.997	0.001	0.001	0.001
>TGAATAGG	15-TGAATAGG	8.236954	-75.342133	0	T:144.0(2.86%),B:380.4(0.87%),P:1e-32	Tpos:324.6,Tstd:392.3,Bpos:251.5,Bstd:163.8,StrandBias:0.0,Multiplicity:1.01
0.100	0.100	0.100	0.700
0.100	0.100	0.700	0.100
0.700	0.100	0.100	0.100
0.700	0.100	0.100	0.100
0.100	0.100	0.100	0.700
0.700	0.100	0.100	0.100
0.100	0.100	0.700	0.100
0.100	0.100	0.700	0.100
>CTAATTAG	16-CTAATTAG	10.553484	-70.424752	0	T:89.0(1.77%),B:166.0(0.38%),P:1e-30	Tpos:311.3,Tstd:182.5,Bpos:247.0,Bstd:165.2,StrandBias:0.0,Multiplicity:1.01
0.001	0.997	0.001	0.001
0.001	0.001	0.001	0.997
0.597	0.001	0.001	0.401
0.997	0.001	0.001	0.001
0.001	0.001	0.001	0.997
0.001	0.001	0.001	0.997
0.997	0.001	0.001	0.001
0.001	0.001	0.997	0.001
>GCGTGAAA	17-GCGTGAAA	5.026410	-67.551379	0	T:1950.0(38.72%),B:13634.7(31.17%),P:1e-29	Tpos:322.9,Tstd:315.4,Bpos:258.6,Bstd:167.4,StrandBias:-0.0,Multiplicity:1.40
0.126	0.088	0.747	0.039
0.101	0.757	0.086	0.056
0.079	0.071	0.742	0.108
0.061	0.086	0.097	0.756
0.208	0.083	0.654	0.055
0.786	0.060	0.058	0.096
0.752	0.149	0.039	0.060
0.808	0.067	0.043	0.082
>TTAKTCTA	18-TTAKTCTA	9.697008	-64.774317	0	T:219.0(4.35%),B:817.6(1.87%),P:1e-28	Tpos:353.9,Tstd:315.8,Bpos:266.7,Bstd:165.0,StrandBias:-0.3,Multiplicity:1.15
0.001	0.275	0.001	0.723
0.001	0.001	0.001	0.997
0.997	0.001	0.001	0.001
0.001	0.001	0.509	0.489
0.278	0.001	0.001	0.720
0.011	0.987	0.001	0.001
0.001	0.001	0.001	0.997
0.997	0.001	0.001	0.001
>CTTATWAG	19-CTTATWAG	8.807490	-62.809683	0	T:221.0(4.39%),B:841.1(1.92%),P:1e-27	Tpos:295.7,Tstd:237.0,Bpos:261.2,Bstd:161.3,StrandBias:-0.2,Multiplicity:1.04
0.393	0.605	0.001	0.001
0.001	0.001	0.001	0.997
0.001	0.001	0.001	0.997
0.890	0.001	0.001	0.108
0.001	0.001	0.361	0.637
0.519	0.001	0.001	0.479
0.997	0.001	0.001	0.001
0.001	0.108	0.890	0.001
>AATTGCCT	20-AATTGCCT	8.661663	-62.209904	0	T:147.0(2.92%),B:449.0(1.03%),P:1e-27	Tpos:299.4,Tstd:205.6,Bpos:257.1,Bstd:168.0,StrandBias:0.1,Multiplicity:1.00
0.822	0.001	0.001	0.176
0.762	0.218	0.019	0.001
0.001	0.202	0.001	0.796
0.001	0.059	0.165	0.775
0.001	0.221	0.481	0.297
0.030	0.619	0.275	0.076
0.028	0.939	0.032	0.001
0.001	0.071	0.112	0.816
>ACTATAAT	21-ACTATAAT	8.236954	-61.270101	0	T:107.0(2.12%),B:265.4(0.61%),P:1e-26	Tpos:301.7,Tstd:440.2,Bpos:271.4,Bstd:158.1,StrandBias:-0.1,Multiplicity:1.01
0.700	0.100	0.100	0.100
0.100	0.700	0.100	0.100
0.100	0.100	0.100	0.700
0.700	0.100	0.100	0.100
0.100	0.100	0.100	0.700
0.700	0.100	0.100	0.100
0.700	0.100	0.100	0.100
0.100	0.100	0.100	0.700
>GAGATAGT	22-GAGATAGT	10.066929	-61.175111	0	T:180.0(3.57%),B:626.0(1.43%),P:1e-26	Tpos:290.7,Tstd:196.4,Bpos:266.3,Bstd:152.9,StrandBias:0.1,Multiplicity:1.19
0.001	0.001	0.997	0.001
0.631	0.001	0.001	0.367
0.001	0.001	0.997	0.001
0.997	0.001	0.001	0.001
0.001	0.001	0.001	0.997
0.997	0.001	0.001	0.001
0.001	0.001	0.997	0.001
0.001	0.001	0.001	0.997
>ACTCACGA	23-ACTCACGA	7.323160	-53.035563	0	T:313.0(6.22%),B:1478.2(3.38%),P:1e-23	Tpos:335.4,Tstd:241.3,Bpos:263.1,Bstd:158.0,StrandBias:0.1,Multiplicity:1.10
0.922	0.001	0.001	0.076
0.001	0.872	0.001	0.126
0.001	0.001	0.001	0.997
0.001	0.997	0.001	0.001
0.997	0.001	0.001	0.001
0.001	0.796	0.001	0.202
0.001	0.001	0.997	0.001
0.997	0.001	0.001	0.001
>AGGGCAAG	24-AGGGCAAG	8.236954	-51.953755	0	T:289.0(5.74%),B:1336.2(3.06%),P:1e-22	Tpos:322.5,Tstd:217.0,Bpos:264.2,Bstd:158.2,StrandBias:0.2,Multiplicity:1.09
0.700	0.100	0.100	0.100
0.100	0.100	0.700	0.100
0.100	0.100	0.700	0.100
0.100	0.100	0.700	0.100
0.100	0.700	0.100	0.100
0.700	0.100	0.100	0.100
0.700	0.100	0.100	0.100
0.100	0.100	0.700	0.100
>TACTACAT	25-TACTACAT	8.236954	-49.808629	0	T:99.0(1.97%),B:271.5(0.62%),P:1e-21	Tpos:263.3,Tstd:185.6,Bpos:264.3,Bstd:148.1,StrandBias:-0.1,Multiplicity:1.00
0.100	0.100	0.100	0.700
0.700	0.100	0.100	0.100
0.100	0.700	0.100	0.100
0.100	0.100	0.100	0.700
0.700	0.100	0.100	0.100
0.100	0.700	0.100	0.100
0.700	0.100	0.100	0.100
0.100	0.100	0.100	0.700
