>ATTTGCAT	1-ATTTGCAT	8.299185	-762.743639	0	T:5224.0(9.71%),B:2919.4(5.49%),P:1e-331	Tpos:342.0,Tstd:434.2,Bpos:237.5,Bstd:142.7,StrandBias:0.0,Multiplicity:1.13
0.997	0.001	0.001	0.001
0.001	0.001	0.001	0.997
0.001	0.001	0.001	0.997
0.325	0.001	0.001	0.673
0.001	0.001	0.997	0.001
0.125	0.873	0.001	0.001
0.997	0.001	0.001	0.001
0.106	0.001	0.001	0.892
>YYMCRCCC	2-YYMCRCCC	7.656362	-629.982936	0	T:12834.0(23.86%),B:9452.5(17.79%),P:1e-273	Tpos:368.4,Tstd:421.3,Bpos:233.3,Bstd:136.9,StrandBias:-0.0,Multiplicity:1.31
0.001	0.517	0.001	0.481
0.123	0.370	0.001	0.506
0.516	0.482	0.001	0.001
0.001	0.997	0.001	0.001
0.566	0.001	0.432	0.001
0.001	0.997	0.001	0.001
0.001	0.684	0.001	0.314
0.001	0.871	0.001	0.127
>ACAATAGG	3-ACAATAGG	6.934156	-616.655300	0	T:2089.0(3.88%),B:868.3(1.63%),P:1e-267	Tpos:342.3,Tstd:380.9,Bpos:236.0,Bstd:142.8,StrandBias:0.1,Multiplicity:1.04
0.997	0.001	0.001	0.001
0.001	0.997	0.001	0.001
0.997	0.001	0.001	0.001
0.997	0.001	0.001	0.001
0.001	0.001	0.001	0.997
0.997	0.001	0.001	0.001
0.001	0.001	0.997	0.001
0.016	0.002	0.981	0.001
>YCTWTTGT	4-YCTWTTGT	8.049452	-534.762113	0	T:7538.0(14.01%),B:5111.6(9.62%),P:1e-232	Tpos:363.0,Tstd:646.3,Bpos:239.9,Bstd:143.6,StrandBias:-0.0,Multiplicity:1.09
0.001	0.410	0.249	0.340
0.001	0.939	0.059	0.001
0.001	0.001	0.001	0.997
0.431	0.001	0.001	0.567
0.001	0.001	0.001	0.997
0.001	0.001	0.001	0.997
0.001	0.242	0.756	0.001
0.001	0.242	0.124	0.633
>YAGRKSGC	5-YAGRKSGC	7.149737	-424.029740	0	T:8843.0(16.44%),B:6464.2(12.17%),P:1e-184	Tpos:345.7,Tstd:380.7,Bpos:236.4,Bstd:141.9,StrandBias:-0.0,Multiplicity:1.14
0.208	0.336	0.001	0.455
0.973	0.001	0.016	0.010
0.110	0.235	0.621	0.034
0.541	0.011	0.403	0.045
0.001	0.008	0.533	0.458
0.084	0.482	0.433	0.001
0.027	0.001	0.971	0.001
0.001	0.911	0.026	0.062
>TGACCTTT	6-TGACCTTT	8.926130	-395.848374	0	T:4852.0(9.02%),B:3166.5(5.96%),P:1e-171	Tpos:352.9,Tstd:465.9,Bpos:237.4,Bstd:141.3,StrandBias:-0.0,Multiplicity:1.09
0.001	0.336	0.001	0.662
0.001	0.001	0.997	0.001
0.997	0.001	0.001	0.001
0.001	0.997	0.001	0.001
0.001	0.997	0.001	0.001
0.001	0.001	0.001	0.997
0.001	0.001	0.001	0.997
0.001	0.002	0.348	0.649
>AATCGCGC	7-AATCGCGC	5.764850	-395.428598	0	T:8209.0(15.26%),B:5986.5(11.27%),P:1e-171	Tpos:371.7,Tstd:355.2,Bpos:232.7,Bstd:150.5,StrandBias:0.0,Multiplicity:1.24
0.891	0.030	0.040	0.039
0.723	0.081	0.099	0.097
0.111	0.101	0.087	0.701
0.110	0.716	0.075	0.099
0.084	0.251	0.616	0.049
0.127	0.769	0.063	0.041
0.064	0.077	0.768	0.091
0.043	0.818	0.066	0.073
>CCTTTGTA	8-CCTTTGTA	7.407893	-353.902395	0	T:6661.0(12.38%),B:4758.9(8.96%),P:1e-153	Tpos:340.3,Tstd:368.7,Bpos:238.7,Bstd:144.2,StrandBias:0.1,Multiplicity:1.15
0.001	0.941	0.001	0.057
0.029	0.895	0.005	0.071
0.067	0.001	0.008	0.924
0.078	0.001	0.016	0.905
0.007	0.001	0.008	0.984
0.001	0.014	0.984	0.001
0.015	0.023	0.001	0.961
0.484	0.186	0.036	0.294
>ACCAGGGG	9-ACCAGGGG	3.992823	-338.030236	0	T:6584.0(12.24%),B:4731.0(8.90%),P:1e-146	Tpos:348.9,Tstd:487.7,Bpos:239.3,Bstd:141.9,StrandBias:-0.0,Multiplicity:1.15
0.997	0.001	0.001	0.001
0.001	0.997	0.001	0.001
0.001	0.830	0.001	0.168
0.997	0.001	0.001	0.001
0.001	0.001	0.997	0.001
0.006	0.001	0.992	0.001
0.001	0.165	0.833	0.001
0.001	0.001	0.997	0.001
>AACCGSAH	10-AACCGSAH	6.003007	-275.951862	0	T:8856.0(16.46%),B:6888.8(12.97%),P:1e-119	Tpos:368.6,Tstd:349.3,Bpos:239.6,Bstd:148.1,StrandBias:-0.0,Multiplicity:1.21
0.537	0.153	0.001	0.309
0.725	0.001	0.001	0.273
0.137	0.740	0.001	0.122
0.001	0.997	0.001	0.001
0.001	0.001	0.997	0.001
0.009	0.542	0.403	0.046
0.539	0.214	0.001	0.246
0.250	0.254	0.167	0.328
>TTCCGCKM	11-TTCCGCKM	5.868736	-272.580807	0	T:6287.0(11.69%),B:4640.6(8.73%),P:1e-118	Tpos:352.9,Tstd:387.8,Bpos:235.0,Bstd:144.3,StrandBias:-0.0,Multiplicity:1.28
0.196	0.178	0.032	0.594
0.001	0.122	0.136	0.741
0.242	0.547	0.210	0.001
0.010	0.747	0.242	0.001
0.397	0.001	0.601	0.001
0.032	0.442	0.279	0.247
0.068	0.222	0.373	0.338
0.489	0.509	0.001	0.001
>GGTGGGGC	12-GGTGGGGC	9.508675	-264.919718	0	T:10213.0(18.98%),B:8144.3(15.33%),P:1e-115	Tpos:379.9,Tstd:367.7,Bpos:225.5,Bstd:137.6,StrandBias:0.0,Multiplicity:1.43
0.001	0.001	0.997	0.001
0.001	0.001	0.997	0.001
0.210	0.245	0.001	0.544
0.001	0.001	0.997	0.001
0.001	0.001	0.997	0.001
0.001	0.001	0.997	0.001
0.001	0.001	0.997	0.001
0.001	0.997	0.001	0.001
>CCTTTGTH	13-CCTTTGTH	6.984424	-237.208465	0	T:14664.0(27.26%),B:12353.2(23.25%),P:1e-103	Tpos:351.4,Tstd:566.3,Bpos:239.9,Bstd:139.9,StrandBias:-0.0,Multiplicity:1.21
0.001	0.517	0.271	0.211
0.244	0.614	0.001	0.141
0.361	0.001	0.001	0.637
0.001	0.001	0.001	0.997
0.182	0.095	0.001	0.722
0.001	0.001	0.997	0.001
0.001	0.001	0.001	0.997
0.361	0.359	0.001	0.279
>ACAGCGCC	14-ACAGCGCC	8.586239	-220.892903	0	T:2312.0(4.30%),B:1443.7(2.72%),P:1e-95	Tpos:350.9,Tstd:325.0,Bpos:245.2,Bstd:150.9,StrandBias:-0.1,Multiplicity:1.09
0.997	0.001	0.001	0.001
0.093	0.905	0.001	0.001
0.997	0.001	0.001	0.001
0.001	0.001	0.997	0.001
0.001	0.997	0.001	0.001
0.001	0.001	0.997	0.001
0.103	0.895	0.001	0.001
0.001	0.997	0.001	0.001
>CGCTTTBA	15-CGCTTTBA	6.517018	-207.992464	0	T:9515.0(17.69%),B:7720.7(14.53%),P:1e-90	Tpos:370.3,Tstd:486.8,Bpos:236.5,Bstd:146.1,StrandBias:0.1,Multiplicity:1.16
0.086	0.883	0.030	0.001
0.001	0.089	0.719	0.191
0.001	0.997	0.001	0.001
0.206	0.080	0.032	0.682
0.001	0.036	0.001	0.962
0.103	0.001	0.001	0.895
0.012	0.248	0.394	0.347
0.679	0.265	0.001	0.055
>GGCGTTGY	16-GGCGTTGY	7.433690	-192.503094	0	T:2758.0(5.13%),B:1852.4(3.49%),P:1e-83	Tpos:382.2,Tstd:333.1,Bpos:226.1,Bstd:144.4,StrandBias:0.0,Multiplicity:1.16
0.024	0.038	0.845	0.093
0.001	0.072	0.893	0.034
0.261	0.558	0.146	0.035
0.011	0.111	0.708	0.170
0.001	0.167	0.227	0.605
0.044	0.001	0.379	0.576
0.010	0.029	0.774	0.187
0.023	0.488	0.067	0.422
>GGATTGGB	17-GGATTGGB	7.463046	-179.476278	0	T:6403.0(11.90%),B:5022.3(9.45%),P:1e-77	Tpos:344.5,Tstd:328.0,Bpos:232.7,Bstd:138.7,StrandBias:-0.0,Multiplicity:1.15
0.025	0.040	0.629	0.306
0.001	0.016	0.982	0.001
0.901	0.097	0.001	0.001
0.129	0.001	0.236	0.634
0.043	0.033	0.001	0.923
0.001	0.052	0.946	0.001
0.059	0.086	0.672	0.183
0.125	0.345	0.314	0.215
>GCGGGTGT	18-GCGGGTGT	8.736278	-161.855138	0	T:1444.0(2.68%),B:864.0(1.63%),P:1e-70	Tpos:303.7,Tstd:293.1,Bpos:245.9,Bstd:149.1,StrandBias:0.1,Multiplicity:1.17
0.001	0.001	0.997	0.001
0.001	0.997	0.001	0.001
0.001	0.001	0.997	0.001
0.001	0.001	0.997	0.001
0.097	0.001	0.901	0.001
0.001	0.001	0.001	0.997
0.001	0.001	0.997	0.001
0.001	0.001	0.001	0.997
>TACTGAAT	19-TACTGAAT	8.236954	-156.606750	0	T:927.0(1.72%),B:487.2(0.92%),P:1e-68	Tpos:419.2,Tstd:835.9,Bpos:235.3,Bstd:141.3,StrandBias:0.1,Multiplicity:1.31
0.100	0.100	0.100	0.700
0.700	0.100	0.100	0.100
0.100	0.700	0.100	0.100
0.100	0.100	0.100	0.700
0.100	0.100	0.700	0.100
0.700	0.100	0.100	0.100
0.700	0.100	0.100	0.100
0.100	0.100	0.100	0.700
>GCAGGYTT	20-GCAGGYTT	7.018762	-154.001184	0	T:9683.0(18.00%),B:8102.8(15.25%),P:1e-66	Tpos:358.8,Tstd:508.5,Bpos:237.6,Bstd:143.0,StrandBias:-0.0,Multiplicity:1.14
0.230	0.001	0.768	0.001
0.191	0.623	0.185	0.001
0.743	0.243	0.013	0.001
0.001	0.063	0.935	0.001
0.001	0.001	0.895	0.103
0.247	0.310	0.001	0.443
0.001	0.001	0.001	0.997
0.340	0.092	0.001	0.567
>CAGGTTAC	21-CAGGTTAC	7.046622	-143.619209	0	T:4908.0(9.12%),B:3819.1(7.19%),P:1e-62	Tpos:344.9,Tstd:514.6,Bpos:240.3,Bstd:142.7,StrandBias:-0.0,Multiplicity:1.19
0.077	0.736	0.158	0.029
0.686	0.001	0.312	0.001
0.160	0.001	0.838	0.001
0.284	0.001	0.523	0.192
0.066	0.315	0.001	0.618
0.112	0.001	0.001	0.886
0.824	0.174	0.001	0.001
0.113	0.818	0.068	0.001
>GATYCCCT	22-GATYCCCT	7.964954	-143.609287	0	T:4789.0(8.90%),B:3714.2(6.99%),P:1e-62	Tpos:349.1,Tstd:417.0,Bpos:239.6,Bstd:141.6,StrandBias:0.0,Multiplicity:1.10
0.215	0.001	0.783	0.001
0.997	0.001	0.001	0.001
0.001	0.001	0.001	0.997
0.001	0.424	0.001	0.574
0.001	0.997	0.001	0.001
0.001	0.799	0.199	0.001
0.001	0.574	0.225	0.200
0.001	0.001	0.215	0.783
>ATGTTAAT	23-ATGTTAAT	8.908460	-130.433812	0	T:2694.0(5.01%),B:1939.8(3.65%),P:1e-56	Tpos:330.3,Tstd:548.6,Bpos:233.0,Bstd:142.4,StrandBias:0.0,Multiplicity:1.06
0.997	0.001	0.001	0.001
0.001	0.001	0.001	0.997
0.001	0.001	0.997	0.001
0.001	0.001	0.160	0.838
0.280	0.001	0.001	0.718
0.997	0.001	0.001	0.001
0.997	0.001	0.001	0.001
0.001	0.001	0.001	0.997
>TTAGACTG	24-TTAGACTG	8.243615	-119.559918	0	T:4507.0(8.38%),B:3548.2(6.68%),P:1e-51	Tpos:335.0,Tstd:382.0,Bpos:236.1,Bstd:142.4,StrandBias:-0.1,Multiplicity:1.16
0.001	0.023	0.014	0.962
0.102	0.039	0.332	0.527
0.955	0.001	0.022	0.022
0.080	0.021	0.898	0.001
0.749	0.018	0.046	0.187
0.001	0.959	0.001	0.039
0.001	0.035	0.001	0.963
0.001	0.001	0.997	0.001
>TTGTGCCC	25-TTGTGCCC	8.236954	-48.416791	0	T:1292.0(2.40%),B:970.5(1.83%),P:1e-21	Tpos:303.4,Tstd:267.2,Bpos:237.5,Bstd:139.1,StrandBias:0.1,Multiplicity:1.17
0.100	0.100	0.100	0.700
0.100	0.100	0.100	0.700
0.100	0.100	0.700	0.100
0.100	0.100	0.100	0.700
0.100	0.100	0.700	0.100
0.100	0.700	0.100	0.100
0.100	0.700	0.100	0.100
0.100	0.700	0.100	0.100
