>AAGGCGTG	1-AAGGCGTG	7.727979	-27.711265	0	T:1145.0(11.60%),B:3795.8(9.45%),P:1e-12	Tpos:316.7,Tstd:243.6,Bpos:269.5,Bstd:155.4,StrandBias:-0.0,Multiplicity:1.09
0.627	0.015	0.001	0.357
0.923	0.070	0.006	0.001
0.197	0.005	0.797	0.001
0.014	0.122	0.863	0.001
0.001	0.617	0.132	0.250
0.001	0.001	0.916	0.082
0.001	0.022	0.095	0.882
0.175	0.001	0.757	0.067
>CGGGATTA	2-CGGGATTA	6.574670	-24.065683	0	T:1597.0(16.17%),B:5563.0(13.86%),P:1e-10	Tpos:317.4,Tstd:247.9,Bpos:269.9,Bstd:154.8,StrandBias:-0.2,Multiplicity:1.12
0.001	0.741	0.001	0.257
0.001	0.260	0.738	0.001
0.127	0.001	0.871	0.001
0.001	0.001	0.844	0.154
0.646	0.352	0.001	0.001
0.001	0.001	0.095	0.903
0.001	0.001	0.180	0.818
0.747	0.098	0.001	0.154
>GTGGACTA	3-GTGGACTA	8.275527	-24.012698	0	T:484.0(4.90%),B:1450.5(3.61%),P:1e-10	Tpos:341.0,Tstd:267.8,Bpos:272.0,Bstd:150.2,StrandBias:0.3,Multiplicity:1.04
0.001	0.001	0.997	0.001
0.001	0.001	0.001	0.997
0.147	0.083	0.769	0.001
0.001	0.001	0.997	0.001
0.997	0.001	0.001	0.001
0.263	0.735	0.001	0.001
0.001	0.001	0.001	0.997
0.997	0.001	0.001	0.001
>TCCAAGCC	4-TCCAAGCC	9.255317	-21.584735	0	T:497.0(5.03%),B:1523.8(3.80%),P:1e-9	Tpos:316.7,Tstd:241.3,Bpos:270.7,Bstd:152.0,StrandBias:0.1,Multiplicity:1.03
0.001	0.001	0.001	0.997
0.001	0.997	0.001	0.001
0.001	0.997	0.001	0.001
0.642	0.001	0.163	0.194
0.997	0.001	0.001	0.001
0.001	0.001	0.997	0.001
0.001	0.997	0.001	0.001
0.001	0.997	0.001	0.001
>TAGCTAAG	5-TAGCTAAG	7.469872	-20.647569	0	T:978.0(9.90%),B:3292.1(8.20%),P:1e-8	Tpos:338.1,Tstd:264.1,Bpos:267.6,Bstd:154.6,StrandBias:0.1,Multiplicity:1.09
0.142	0.001	0.001	0.856
0.869	0.001	0.129	0.001
0.001	0.001	0.997	0.001
0.102	0.528	0.001	0.369
0.079	0.001	0.134	0.786
0.600	0.001	0.398	0.001
0.906	0.001	0.087	0.006
0.157	0.131	0.552	0.160
>GCGTGGTA	6-GCGTGGTA	8.312474	-16.825600	0	T:386.0(3.91%),B:1186.7(2.96%),P:1e-7	Tpos:313.0,Tstd:235.5,Bpos:269.9,Bstd:153.1,StrandBias:0.1,Multiplicity:1.02
0.275	0.001	0.723	0.001
0.333	0.665	0.001	0.001
0.001	0.001	0.997	0.001
0.026	0.014	0.001	0.959
0.047	0.001	0.951	0.001
0.275	0.112	0.612	0.001
0.001	0.174	0.001	0.824
0.716	0.001	0.282	0.001
>GTAGATAC	7-GTAGATAC	8.236954	-13.530088	0	T:119.0(1.21%),B:304.9(0.76%),P:1e-5	Tpos:328.7,Tstd:228.1,Bpos:272.7,Bstd:152.9,StrandBias:-0.3,Multiplicity:1.04
0.100	0.100	0.700	0.100
0.100	0.100	0.100	0.700
0.700	0.100	0.100	0.100
0.100	0.100	0.700	0.100
0.700	0.100	0.100	0.100
0.100	0.100	0.100	0.700
0.700	0.100	0.100	0.100
0.100	0.700	0.100	0.100
>GTAATCGC	8-GTAATCGC	8.236954	-12.671326	0	T:23.0(0.23%),B:30.6(0.08%),P:1e-5	Tpos:250.6,Tstd:176.6,Bpos:298.5,Bstd:150.3,StrandBias:0.9,Multiplicity:1.00
0.100	0.100	0.700	0.100
0.100	0.100	0.100	0.700
0.700	0.100	0.100	0.100
0.700	0.100	0.100	0.100
0.100	0.100	0.100	0.700
0.100	0.700	0.100	0.100
0.100	0.100	0.700	0.100
0.100	0.700	0.100	0.100
>CCTTGAAC	9-CCTTGAAC	7.786501	-12.338802	0	T:1697.0(17.19%),B:6239.9(15.54%),P:1e-5	Tpos:326.2,Tstd:263.1,Bpos:272.8,Bstd:154.9,StrandBias:-0.1,Multiplicity:1.31
0.001	0.871	0.001	0.127
0.001	0.952	0.046	0.001
0.001	0.001	0.073	0.925
0.001	0.106	0.180	0.713
0.001	0.001	0.997	0.001
0.915	0.001	0.001	0.083
0.936	0.001	0.062	0.001
0.001	0.997	0.001	0.001
>ACGTCATC	10-ACGTCATC	8.236954	-11.110058	0	T:49.0(0.50%),B:102.7(0.26%),P:1e-4	Tpos:330.2,Tstd:259.2,Bpos:251.6,Bstd:164.1,StrandBias:0.3,Multiplicity:1.06
0.700	0.100	0.100	0.100
0.100	0.700	0.100	0.100
0.100	0.100	0.700	0.100
0.100	0.100	0.100	0.700
0.100	0.700	0.100	0.100
0.700	0.100	0.100	0.100
0.100	0.100	0.100	0.700
0.100	0.700	0.100	0.100
>TTTACTCT	11-TTTACTCT	8.282063	-11.048306	0	T:1266.0(12.82%),B:4602.3(11.46%),P:1e-4	Tpos:330.3,Tstd:255.9,Bpos:268.3,Bstd:155.1,StrandBias:-0.1,Multiplicity:1.11
0.001	0.001	0.061	0.937
0.131	0.078	0.062	0.729
0.168	0.001	0.212	0.619
0.822	0.176	0.001	0.001
0.234	0.695	0.001	0.070
0.001	0.001	0.001	0.997
0.252	0.746	0.001	0.001
0.001	0.001	0.001	0.997
>GAGGCAGA	12-GAGGCAGA	7.171837	-10.544759	0	T:2259.0(22.88%),B:8510.8(21.20%),P:1e-4	Tpos:320.6,Tstd:249.0,Bpos:270.7,Bstd:155.1,StrandBias:-0.1,Multiplicity:1.47
0.001	0.001	0.997	0.001
0.891	0.036	0.001	0.072
0.001	0.001	0.997	0.001
0.001	0.001	0.997	0.001
0.001	0.997	0.001	0.001
0.997	0.001	0.001	0.001
0.001	0.001	0.997	0.001
0.717	0.001	0.281	0.001
>TKTGTTTR	13-TKTGTTTR	7.642891	-9.790827	0	T:3195.0(32.36%),B:12267.8(30.55%),P:1e-4	Tpos:324.0,Tstd:260.9,Bpos:268.3,Bstd:153.0,StrandBias:-0.1,Multiplicity:1.49
0.001	0.001	0.001	0.997
0.124	0.192	0.291	0.393
0.080	0.042	0.001	0.877
0.120	0.001	0.878	0.001
0.001	0.015	0.001	0.983
0.001	0.113	0.024	0.862
0.145	0.043	0.121	0.691
0.427	0.001	0.571	0.001
>CGGGAGCA	14-CGGGAGCA	9.029101	-7.915050	0	T:101.0(1.02%),B:287.6(0.72%),P:1e-3	Tpos:321.5,Tstd:240.8,Bpos:280.8,Bstd:155.3,StrandBias:0.2,Multiplicity:1.09
0.001	0.997	0.001	0.001
0.001	0.001	0.997	0.001
0.001	0.001	0.997	0.001
0.001	0.001	0.997	0.001
0.997	0.001	0.001	0.001
0.001	0.001	0.868	0.130
0.001	0.997	0.001	0.001
0.997	0.001	0.001	0.001
>GCAAATTT	15-GCAAATTT	8.236954	-7.797162	0	T:223.0(2.26%),B:719.3(1.79%),P:1e-3	Tpos:298.7,Tstd:223.2,Bpos:275.2,Bstd:153.2,StrandBias:-0.2,Multiplicity:1.01
0.100	0.100	0.700	0.100
0.100	0.700	0.100	0.100
0.700	0.100	0.100	0.100
0.700	0.100	0.100	0.100
0.700	0.100	0.100	0.100
0.100	0.100	0.100	0.700
0.100	0.100	0.100	0.700
0.100	0.100	0.100	0.700
>TKTCACTG	16-TKTCACTG	9.639163	-6.436250	0	T:756.0(7.66%),B:2766.7(6.89%),P:1e-2	Tpos:327.6,Tstd:255.3,Bpos:265.8,Bstd:153.4,StrandBias:-0.0,Multiplicity:1.07
0.164	0.001	0.001	0.834
0.001	0.001	0.456	0.542
0.001	0.069	0.001	0.929
0.001	0.997	0.001	0.001
0.917	0.001	0.001	0.081
0.001	0.844	0.154	0.001
0.001	0.136	0.001	0.862
0.001	0.001	0.997	0.001
>TTKTTTTG	17-TTKTTTTG	8.857855	-5.759721	0	T:1878.0(19.02%),B:7208.1(17.95%),P:1e-2	Tpos:322.0,Tstd:253.6,Bpos:269.6,Bstd:155.0,StrandBias:-0.1,Multiplicity:1.55
0.001	0.001	0.001	0.997
0.001	0.001	0.005	0.993
0.090	0.001	0.422	0.487
0.070	0.279	0.001	0.650
0.119	0.001	0.001	0.879
0.001	0.001	0.001	0.997
0.001	0.001	0.286	0.712
0.063	0.001	0.633	0.303
>TTTCTTAT	18-TTTCTTAT	7.989989	-1.956286	0	T:2893.0(29.30%),B:11565.7(28.81%),P:1e0	Tpos:322.2,Tstd:254.9,Bpos:269.0,Bstd:154.1,StrandBias:0.0,Multiplicity:1.42
0.137	0.053	0.001	0.809
0.001	0.001	0.052	0.946
0.050	0.052	0.001	0.897
0.050	0.948	0.001	0.001
0.001	0.041	0.067	0.891
0.001	0.001	0.142	0.856
0.720	0.046	0.091	0.143
0.001	0.001	0.001	0.997
