>TTTATGGC	1-TTTATGGC	6.874526	-544.431728	0	T:4903.0(17.18%),B:3005.0(10.71%),P:1e-236	Tpos:315.8,Tstd:250.2,Bpos:209.8,Bstd:128.0,StrandBias:-0.1,Multiplicity:1.14
0.027	0.102	0.053	0.818
0.164	0.001	0.001	0.834
0.021	0.001	0.144	0.834
0.937	0.061	0.001	0.001
0.001	0.165	0.147	0.687
0.049	0.001	0.664	0.286
0.358	0.022	0.596	0.024
0.135	0.424	0.213	0.228
>GTTGTAAA	2-GTTGTAAA	8.208889	-383.158532	0	T:2762.0(9.68%),B:1564.2(5.57%),P:1e-166	Tpos:322.0,Tstd:234.3,Bpos:212.7,Bstd:129.0,StrandBias:-0.1,Multiplicity:1.14
0.316	0.001	0.682	0.001
0.001	0.315	0.001	0.683
0.001	0.417	0.001	0.581
0.321	0.001	0.677	0.001
0.001	0.001	0.001	0.997
0.949	0.049	0.001	0.001
0.997	0.001	0.001	0.001
0.953	0.001	0.001	0.045
>GCCACGCC	3-GCCACGCC	6.848218	-309.952508	0	T:6672.0(23.38%),B:4937.6(17.59%),P:1e-134	Tpos:302.8,Tstd:240.9,Bpos:199.0,Bstd:124.3,StrandBias:-0.1,Multiplicity:1.55
0.225	0.057	0.593	0.125
0.047	0.747	0.055	0.151
0.042	0.806	0.041	0.111
0.606	0.336	0.004	0.054
0.064	0.848	0.055	0.033
0.264	0.035	0.633	0.068
0.018	0.916	0.003	0.063
0.046	0.854	0.039	0.061
>RAATTCCD	4-RAATTCCD	7.323940	-273.299326	0	T:6993.0(24.51%),B:5316.1(18.94%),P:1e-118	Tpos:298.1,Tstd:245.4,Bpos:212.4,Bstd:126.0,StrandBias:-0.0,Multiplicity:1.26
0.357	0.061	0.462	0.120
0.462	0.276	0.236	0.026
0.992	0.001	0.006	0.001
0.034	0.001	0.001	0.964
0.001	0.001	0.001	0.997
0.006	0.992	0.001	0.001
0.001	0.997	0.001	0.001
0.249	0.066	0.316	0.368
>CGCGATAA	5-CGCGATAA	5.404415	-226.328358	0	T:6081.0(21.31%),B:4634.1(16.51%),P:1e-98	Tpos:312.2,Tstd:252.4,Bpos:210.1,Bstd:129.3,StrandBias:-0.1,Multiplicity:1.22
0.125	0.549	0.126	0.200
0.012	0.006	0.881	0.101
0.177	0.731	0.046	0.046
0.103	0.186	0.608	0.103
0.660	0.172	0.016	0.152
0.089	0.070	0.053	0.788
0.997	0.001	0.001	0.001
0.783	0.038	0.152	0.027
>CCTYAGGC	6-CCTYAGGC	7.371963	-154.553235	0	T:3113.0(10.91%),B:2240.8(7.98%),P:1e-67	Tpos:302.1,Tstd:242.5,Bpos:216.2,Bstd:124.4,StrandBias:0.0,Multiplicity:1.11
0.001	0.943	0.001	0.055
0.001	0.959	0.009	0.031
0.001	0.032	0.013	0.954
0.045	0.309	0.237	0.409
0.948	0.014	0.037	0.001
0.001	0.001	0.997	0.001
0.001	0.001	0.997	0.001
0.028	0.898	0.073	0.001
>AGATCCGC	7-AGATCCGC	7.121710	-141.505141	0	T:2968.0(10.40%),B:2149.9(7.66%),P:1e-61	Tpos:277.4,Tstd:241.2,Bpos:214.7,Bstd:129.1,StrandBias:0.0,Multiplicity:1.09
0.967	0.011	0.001	0.021
0.001	0.057	0.941	0.001
0.752	0.145	0.046	0.057
0.001	0.012	0.001	0.986
0.032	0.930	0.001	0.037
0.082	0.696	0.032	0.190
0.001	0.001	0.997	0.001
0.001	0.803	0.037	0.159
>CTTATCTD	8-CTTATCTD	7.205222	-132.716888	0	T:3732.0(13.08%),B:2834.3(10.10%),P:1e-57	Tpos:302.1,Tstd:254.2,Bpos:210.4,Bstd:124.5,StrandBias:-0.0,Multiplicity:1.15
0.224	0.400	0.225	0.151
0.001	0.001	0.001	0.997
0.330	0.001	0.001	0.668
0.997	0.001	0.001	0.001
0.001	0.001	0.248	0.750
0.001	0.997	0.001	0.001
0.141	0.001	0.104	0.754
0.331	0.128	0.245	0.296
>TGACCTTG	9-TGACCTTG	7.849150	-125.407117	0	T:3027.0(10.61%),B:2242.8(7.99%),P:1e-54	Tpos:303.2,Tstd:251.8,Bpos:214.3,Bstd:126.2,StrandBias:-0.0,Multiplicity:1.10
0.001	0.076	0.001	0.922
0.001	0.001	0.997	0.001
0.731	0.001	0.001	0.267
0.001	0.997	0.001	0.001
0.001	0.997	0.001	0.001
0.001	0.001	0.001	0.997
0.001	0.066	0.001	0.932
0.001	0.108	0.890	0.001
>ACTTCCCG	10-ACTTCCCG	6.542940	-125.270752	0	T:6006.0(21.05%),B:4899.2(17.45%),P:1e-54	Tpos:291.4,Tstd:239.7,Bpos:209.4,Bstd:127.3,StrandBias:0.0,Multiplicity:1.24
0.856	0.001	0.069	0.074
0.056	0.868	0.036	0.040
0.001	0.001	0.039	0.959
0.001	0.049	0.001	0.949
0.001	0.982	0.016	0.001
0.049	0.940	0.010	0.001
0.001	0.684	0.271	0.044
0.045	0.069	0.777	0.109
>WCAATCCG	11-WCAATCCG	5.380306	-114.388836	0	T:5992.0(21.00%),B:4930.6(17.56%),P:1e-49	Tpos:291.6,Tstd:251.6,Bpos:210.3,Bstd:128.7,StrandBias:0.1,Multiplicity:1.19
0.496	0.052	0.046	0.405
0.063	0.568	0.265	0.104
0.755	0.001	0.087	0.157
0.679	0.177	0.007	0.137
0.236	0.116	0.001	0.647
0.032	0.899	0.068	0.001
0.092	0.695	0.169	0.044
0.014	0.188	0.748	0.050
>TCACACCC	12-TCACACCC	8.331593	-105.857976	0	T:2390.0(8.38%),B:1748.8(6.23%),P:1e-45	Tpos:296.4,Tstd:258.1,Bpos:210.5,Bstd:122.4,StrandBias:0.1,Multiplicity:1.08
0.284	0.001	0.144	0.571
0.001	0.997	0.001	0.001
0.997	0.001	0.001	0.001
0.001	0.885	0.001	0.113
0.997	0.001	0.001	0.001
0.001	0.997	0.001	0.001
0.001	0.997	0.001	0.001
0.001	0.997	0.001	0.001
>TTTCGCGT	13-TTTCGCGT	5.222692	-101.677304	0	T:3119.0(10.93%),B:2392.8(8.52%),P:1e-44	Tpos:293.5,Tstd:259.7,Bpos:210.6,Bstd:138.4,StrandBias:0.1,Multiplicity:1.12
0.112	0.053	0.058	0.777
0.017	0.113	0.124	0.746
0.088	0.060	0.028	0.824
0.128	0.677	0.082	0.113
0.135	0.075	0.705	0.085
0.058	0.785	0.059	0.098
0.084	0.089	0.782	0.045
0.088	0.146	0.060	0.706
>AGGCTTAA	14-AGGCTTAA	6.998768	-92.005832	0	T:3729.0(13.07%),B:2966.2(10.57%),P:1e-39	Tpos:288.6,Tstd:267.1,Bpos:212.4,Bstd:131.6,StrandBias:0.1,Multiplicity:1.13
0.840	0.051	0.067	0.042
0.001	0.001	0.942	0.056
0.062	0.038	0.871	0.029
0.220	0.667	0.040	0.073
0.022	0.001	0.051	0.926
0.001	0.001	0.026	0.972
0.918	0.022	0.001	0.059
0.936	0.019	0.001	0.044
>GTCCCGCC	15-GTCCCGCC	7.414080	-88.079869	0	T:1379.0(4.83%),B:942.6(3.36%),P:1e-38	Tpos:311.4,Tstd:258.3,Bpos:212.2,Bstd:136.1,StrandBias:-0.1,Multiplicity:1.12
0.118	0.001	0.880	0.001
0.001	0.001	0.001	0.997
0.123	0.875	0.001	0.001
0.001	0.739	0.001	0.259
0.001	0.997	0.001	0.001
0.001	0.001	0.997	0.001
0.001	0.914	0.001	0.084
0.001	0.997	0.001	0.001
>CATTCCCK	16-CATTCCCK	4.194661	-86.883746	0	T:3558.0(12.47%),B:2832.2(10.09%),P:1e-37	Tpos:285.8,Tstd:247.7,Bpos:212.0,Bstd:127.5,StrandBias:-0.1,Multiplicity:1.08
0.198	0.553	0.248	0.001
0.997	0.001	0.001	0.001
0.001	0.004	0.001	0.994
0.001	0.001	0.001	0.997
0.001	0.997	0.001	0.001
0.001	0.977	0.021	0.001
0.001	0.997	0.001	0.001
0.001	0.001	0.524	0.474
>TTTACTGC	17-TTTACTGC	8.236954	-81.013503	0	T:667.0(2.34%),B:390.2(1.39%),P:1e-35	Tpos:296.5,Tstd:227.4,Bpos:204.8,Bstd:124.0,StrandBias:0.1,Multiplicity:1.01
0.100	0.100	0.100	0.700
0.100	0.100	0.100	0.700
0.100	0.100	0.100	0.700
0.700	0.100	0.100	0.100
0.100	0.700	0.100	0.100
0.100	0.100	0.100	0.700
0.100	0.100	0.700	0.100
0.100	0.700	0.100	0.100
>AAGAATGT	18-AAGAATGT	8.379435	-80.202115	0	T:2510.0(8.80%),B:1927.7(6.87%),P:1e-34	Tpos:283.0,Tstd:244.2,Bpos:216.1,Bstd:125.7,StrandBias:0.1,Multiplicity:1.09
0.743	0.001	0.255	0.001
0.997	0.001	0.001	0.001
0.001	0.001	0.997	0.001
0.997	0.001	0.001	0.001
0.906	0.092	0.001	0.001
0.001	0.001	0.001	0.997
0.001	0.001	0.826	0.172
0.001	0.121	0.001	0.877
>AAATCGCG	19-AAATCGCG	4.895459	-71.549741	0	T:6204.0(21.74%),B:5328.2(18.98%),P:1e-31	Tpos:282.1,Tstd:245.2,Bpos:209.8,Bstd:131.8,StrandBias:-0.1,Multiplicity:1.20
0.774	0.084	0.079	0.063
0.828	0.049	0.063	0.060
0.752	0.079	0.117	0.052
0.089	0.097	0.106	0.708
0.093	0.743	0.107	0.057
0.139	0.100	0.685	0.076
0.108	0.768	0.062	0.062
0.083	0.099	0.745	0.073
>ACAGGTTC	20-ACAGGTTC	10.749556	-61.159211	0	T:709.0(2.48%),B:454.4(1.62%),P:1e-26	Tpos:273.1,Tstd:241.4,Bpos:202.4,Bstd:120.1,StrandBias:-0.0,Multiplicity:1.02
0.997	0.001	0.001	0.001
0.001	0.810	0.188	0.001
0.894	0.001	0.001	0.104
0.001	0.001	0.997	0.001
0.001	0.001	0.997	0.001
0.001	0.001	0.001	0.997
0.001	0.001	0.001	0.997
0.001	0.997	0.001	0.001
>TWCWATCT	21-TWCWATCT	8.306037	-60.159892	0	T:1003.0(3.51%),B:694.2(2.47%),P:1e-26	Tpos:282.3,Tstd:247.0,Bpos:203.6,Bstd:122.0,StrandBias:0.2,Multiplicity:1.03
0.001	0.092	0.112	0.795
0.390	0.136	0.092	0.382
0.001	0.997	0.001	0.001
0.448	0.001	0.197	0.354
0.841	0.001	0.157	0.001
0.001	0.001	0.001	0.997
0.111	0.887	0.001	0.001
0.105	0.135	0.001	0.759
>ATTCAGAT	22-ATTCAGAT	8.236954	-59.666366	0	T:574.0(2.01%),B:351.5(1.25%),P:1e-25	Tpos:261.5,Tstd:250.2,Bpos:214.2,Bstd:112.2,StrandBias:0.1,Multiplicity:1.01
0.700	0.100	0.100	0.100
0.100	0.100	0.100	0.700
0.100	0.100	0.100	0.700
0.100	0.700	0.100	0.100
0.700	0.100	0.100	0.100
0.100	0.100	0.700	0.100
0.700	0.100	0.100	0.100
0.100	0.100	0.100	0.700
>GCCTGATT	23-GCCTGATT	8.236954	-53.359989	0	T:437.0(1.53%),B:256.6(0.91%),P:1e-23	Tpos:301.4,Tstd:260.4,Bpos:215.7,Bstd:125.7,StrandBias:-0.2,Multiplicity:1.01
0.100	0.100	0.700	0.100
0.100	0.700	0.100	0.100
0.100	0.700	0.100	0.100
0.100	0.100	0.100	0.700
0.100	0.100	0.700	0.100
0.700	0.100	0.100	0.100
0.100	0.100	0.100	0.700
0.100	0.100	0.100	0.700
>GATCCACG	24-GATCCACG	8.556487	-51.737771	0	T:455.0(1.59%),B:272.3(0.97%),P:1e-22	Tpos:237.7,Tstd:206.7,Bpos:221.0,Bstd:130.9,StrandBias:-0.1,Multiplicity:1.00
0.001	0.001	0.997	0.001
0.715	0.001	0.001	0.283
0.001	0.001	0.001	0.997
0.001	0.997	0.001	0.001
0.001	0.885	0.001	0.113
0.997	0.001	0.001	0.001
0.001	0.997	0.001	0.001
0.001	0.001	0.997	0.001
>CAAACAAA	25-CAAACAAA	7.165048	-31.018663	0	T:4267.0(14.95%),B:3766.2(13.42%),P:1e-13	Tpos:286.9,Tstd:258.7,Bpos:209.8,Bstd:132.6,StrandBias:-0.1,Multiplicity:1.60
0.013	0.985	0.001	0.001
0.831	0.001	0.167	0.001
0.941	0.001	0.001	0.057
0.997	0.001	0.001	0.001
0.001	0.997	0.001	0.001
0.742	0.001	0.256	0.001
0.882	0.001	0.116	0.001
0.621	0.182	0.196	0.001
