>GTHATAAA	1-GTHATAAA	7.148947	-438.309016	0	T:2310.0(9.98%),B:1367.2(5.17%),P:1e-190	Tpos:313.7,Tstd:230.6,Bpos:212.7,Bstd:131.4,StrandBias:0.2,Multiplicity:1.05
0.283	0.192	0.465	0.060
0.001	0.387	0.041	0.571
0.272	0.349	0.094	0.286
0.615	0.018	0.366	0.001
0.001	0.001	0.001	0.997
0.758	0.001	0.001	0.240
0.997	0.001	0.001	0.001
0.760	0.047	0.026	0.167
>GCGATAAA	2-GCGATAAA	6.397656	-434.825525	0	T:3526.0(15.23%),B:2429.3(9.19%),P:1e-188	Tpos:322.2,Tstd:232.7,Bpos:219.4,Bstd:130.1,StrandBias:-0.1,Multiplicity:1.21
0.138	0.041	0.771	0.050
0.069	0.688	0.032	0.211
0.178	0.269	0.457	0.095
0.748	0.099	0.110	0.043
0.050	0.042	0.058	0.850
0.847	0.054	0.011	0.088
0.887	0.033	0.030	0.050
0.751	0.044	0.138	0.067
>AGGAATGT	3-AGGAATGT	7.901607	-302.423219	0	T:2804.0(12.11%),B:1991.1(7.53%),P:1e-131	Tpos:292.2,Tstd:241.3,Bpos:216.2,Bstd:128.3,StrandBias:-0.1,Multiplicity:1.13
0.715	0.032	0.031	0.222
0.033	0.001	0.965	0.001
0.001	0.001	0.997	0.001
0.976	0.022	0.001	0.001
0.967	0.014	0.001	0.018
0.001	0.020	0.001	0.978
0.001	0.127	0.850	0.022
0.018	0.246	0.001	0.735
>GCCACACC	4-GCCACACC	7.414286	-253.842437	0	T:5270.0(22.76%),B:4499.2(17.02%),P:1e-110	Tpos:304.3,Tstd:249.2,Bpos:213.1,Bstd:126.5,StrandBias:-0.1,Multiplicity:1.30
0.108	0.064	0.827	0.001
0.042	0.883	0.020	0.055
0.001	0.942	0.056	0.001
0.862	0.122	0.001	0.015
0.032	0.960	0.001	0.007
0.769	0.001	0.161	0.069
0.001	0.997	0.001	0.001
0.001	0.976	0.006	0.017
>GCCCCGCC	5-GCCCCGCC	7.021753	-158.168732	0	T:4725.0(20.41%),B:4237.7(16.03%),P:1e-68	Tpos:304.3,Tstd:231.0,Bpos:203.5,Bstd:128.7,StrandBias:0.1,Multiplicity:1.81
0.311	0.001	0.687	0.001
0.020	0.773	0.001	0.206
0.001	0.691	0.001	0.307
0.118	0.880	0.001	0.001
0.001	0.997	0.001	0.001
0.001	0.001	0.997	0.001
0.001	0.997	0.001	0.001
0.001	0.997	0.001	0.001
>CCGGAATY	6-CCGGAATY	6.444686	-127.499169	0	T:2708.0(11.70%),B:2286.3(8.65%),P:1e-55	Tpos:292.2,Tstd:230.1,Bpos:213.4,Bstd:126.7,StrandBias:0.1,Multiplicity:1.24
0.270	0.428	0.105	0.197
0.001	0.703	0.232	0.064
0.001	0.009	0.989	0.001
0.055	0.001	0.943	0.001
0.928	0.036	0.035	0.001
0.800	0.019	0.001	0.180
0.215	0.169	0.228	0.388
0.154	0.286	0.200	0.360
>ACCGGTTT	7-ACCGGTTT	5.985028	-126.753426	0	T:3223.0(13.92%),B:2805.4(10.61%),P:1e-55	Tpos:286.9,Tstd:247.1,Bpos:213.5,Bstd:137.3,StrandBias:0.0,Multiplicity:1.11
0.632	0.072	0.222	0.074
0.053	0.915	0.026	0.006
0.123	0.680	0.196	0.001
0.040	0.146	0.771	0.043
0.105	0.155	0.739	0.001
0.169	0.042	0.044	0.745
0.010	0.181	0.001	0.808
0.001	0.156	0.123	0.720
>TGACCTTG	8-TGACCTTG	7.436201	-124.398288	0	T:2788.0(12.04%),B:2375.4(8.98%),P:1e-54	Tpos:297.9,Tstd:246.5,Bpos:223.6,Bstd:130.0,StrandBias:-0.0,Multiplicity:1.10
0.001	0.031	0.001	0.967
0.048	0.001	0.950	0.001
0.785	0.001	0.001	0.213
0.001	0.997	0.001	0.001
0.001	0.952	0.046	0.001
0.001	0.001	0.001	0.997
0.001	0.107	0.001	0.891
0.001	0.117	0.881	0.001
>GCAGTAAA	9-GCAGTAAA	5.201180	-123.228516	0	T:2321.0(10.02%),B:1916.4(7.25%),P:1e-53	Tpos:305.1,Tstd:239.5,Bpos:217.0,Bstd:130.0,StrandBias:0.1,Multiplicity:1.10
0.002	0.001	0.996	0.001
0.001	0.984	0.001	0.014
0.617	0.114	0.001	0.268
0.001	0.248	0.750	0.001
0.001	0.001	0.001	0.997
0.997	0.001	0.001	0.001
0.997	0.001	0.001	0.001
0.997	0.001	0.001	0.001
>GCCTAAGG	10-GCCTAAGG	6.640639	-120.181455	0	T:3943.0(17.03%),B:3565.8(13.49%),P:1e-52	Tpos:300.2,Tstd:237.7,Bpos:219.6,Bstd:130.0,StrandBias:-0.0,Multiplicity:1.16
0.060	0.130	0.758	0.052
0.112	0.801	0.031	0.056
0.008	0.791	0.057	0.144
0.014	0.075	0.101	0.810
0.531	0.139	0.087	0.243
0.811	0.079	0.109	0.001
0.145	0.121	0.682	0.052
0.011	0.099	0.820	0.070
>WBAGATAA	11-WBAGATAA	7.314519	-112.864402	0	T:4369.0(18.87%),B:4037.2(15.27%),P:1e-49	Tpos:305.8,Tstd:252.9,Bpos:216.1,Bstd:126.9,StrandBias:0.0,Multiplicity:1.24
0.250	0.210	0.178	0.361
0.154	0.217	0.319	0.310
0.915	0.001	0.054	0.030
0.001	0.001	0.997	0.001
0.971	0.002	0.001	0.026
0.001	0.045	0.001	0.953
0.842	0.001	0.001	0.156
0.997	0.001	0.001	0.001
>AACGCYCT	12-AACGCYCT	5.988790	-72.997514	0	T:5348.0(23.10%),B:5272.2(19.94%),P:1e-31	Tpos:284.4,Tstd:243.3,Bpos:217.9,Bstd:133.9,StrandBias:0.0,Multiplicity:1.20
0.997	0.001	0.001	0.001
0.629	0.239	0.131	0.001
0.001	0.997	0.001	0.001
0.001	0.001	0.876	0.122
0.175	0.625	0.172	0.028
0.104	0.500	0.001	0.395
0.001	0.844	0.001	0.154
0.383	0.001	0.001	0.615
>GTCACGTG	13-GTCACGTG	7.577135	-69.453211	0	T:1247.0(5.39%),B:1017.8(3.85%),P:1e-30	Tpos:301.1,Tstd:240.1,Bpos:204.9,Bstd:128.8,StrandBias:-0.0,Multiplicity:1.09
0.001	0.112	0.886	0.001
0.001	0.174	0.001	0.824
0.001	0.997	0.001	0.001
0.951	0.001	0.047	0.001
0.001	0.997	0.001	0.001
0.001	0.001	0.997	0.001
0.057	0.063	0.001	0.879
0.001	0.001	0.997	0.001
>AGGCTTAA	14-AGGCTTAA	5.161612	-69.005874	0	T:7025.0(30.34%),B:7127.1(26.95%),P:1e-29	Tpos:291.4,Tstd:256.6,Bpos:218.8,Bstd:132.5,StrandBias:0.0,Multiplicity:1.28
0.747	0.083	0.089	0.081
0.077	0.141	0.731	0.051
0.041	0.077	0.794	0.088
0.117	0.716	0.089	0.078
0.051	0.044	0.141	0.764
0.111	0.065	0.055	0.769
0.706	0.058	0.126	0.110
0.776	0.050	0.100	0.074
>CTCCACCC	15-CTCCACCC	8.532200	-63.023382	0	T:2443.0(10.55%),B:2242.5(8.48%),P:1e-27	Tpos:291.6,Tstd:246.3,Bpos:214.3,Bstd:127.1,StrandBias:0.0,Multiplicity:1.10
0.001	0.818	0.001	0.180
0.001	0.001	0.001	0.997
0.325	0.673	0.001	0.001
0.001	0.997	0.001	0.001
0.997	0.001	0.001	0.001
0.001	0.997	0.001	0.001
0.001	0.997	0.001	0.001
0.001	0.649	0.349	0.001
>AGTSAGTC	16-AGTSAGTC	6.283748	-51.552225	0	T:4437.0(19.16%),B:4417.6(16.71%),P:1e-22	Tpos:284.2,Tstd:242.1,Bpos:218.9,Bstd:128.3,StrandBias:-0.1,Multiplicity:1.16
0.997	0.001	0.001	0.001
0.001	0.001	0.951	0.047
0.001	0.001	0.001	0.997
0.001	0.452	0.546	0.001
0.997	0.001	0.001	0.001
0.316	0.036	0.647	0.001
0.043	0.354	0.001	0.602
0.001	0.997	0.001	0.001
>GATCCACG	17-GATCCACG	8.580408	-47.936270	0	T:307.0(1.33%),B:194.2(0.73%),P:1e-20	Tpos:266.3,Tstd:224.7,Bpos:226.7,Bstd:126.3,StrandBias:0.1,Multiplicity:1.01
0.001	0.001	0.997	0.001
0.997	0.001	0.001	0.001
0.001	0.001	0.001	0.997
0.331	0.585	0.001	0.083
0.001	0.997	0.001	0.001
0.997	0.001	0.001	0.001
0.001	0.997	0.001	0.001
0.001	0.001	0.997	0.001
>CGCATGCG	18-CGCATGCG	8.062943	-47.507949	0	T:1503.0(6.49%),B:1342.7(5.08%),P:1e-20	Tpos:299.6,Tstd:246.0,Bpos:194.9,Bstd:126.3,StrandBias:0.1,Multiplicity:1.21
0.001	0.887	0.111	0.001
0.001	0.054	0.922	0.023
0.001	0.997	0.001	0.001
0.773	0.225	0.001	0.001
0.001	0.201	0.001	0.797
0.060	0.001	0.938	0.001
0.001	0.997	0.001	0.001
0.174	0.001	0.824	0.001
>AATTCGCG	19-AATTCGCG	4.390042	-45.834773	0	T:8861.0(38.27%),B:9347.0(35.35%),P:1e-19	Tpos:289.3,Tstd:243.6,Bpos:216.3,Bstd:134.5,StrandBias:-0.0,Multiplicity:1.39
0.559	0.196	0.114	0.131
0.631	0.079	0.081	0.209
0.223	0.105	0.124	0.548
0.027	0.076	0.103	0.794
0.030	0.807	0.138	0.025
0.119	0.254	0.524	0.103
0.158	0.648	0.117	0.077
0.136	0.139	0.488	0.236
>CKACGTTA	20-CKACGTTA	7.212782	-45.343978	0	T:494.0(2.13%),B:363.9(1.38%),P:1e-19	Tpos:289.8,Tstd:267.3,Bpos:213.5,Bstd:133.7,StrandBias:0.1,Multiplicity:1.02
0.001	0.997	0.001	0.001
0.001	0.001	0.515	0.483
0.997	0.001	0.001	0.001
0.073	0.925	0.001	0.001
0.001	0.001	0.997	0.001
0.001	0.001	0.001	0.997
0.001	0.001	0.001	0.997
0.596	0.001	0.402	0.001
>ATTCAGAT	21-ATTCAGAT	8.236954	-42.487384	0	T:425.0(1.84%),B:306.9(1.16%),P:1e-18	Tpos:258.0,Tstd:237.0,Bpos:215.3,Bstd:126.4,StrandBias:0.2,Multiplicity:1.01
0.700	0.100	0.100	0.100
0.100	0.100	0.100	0.700
0.100	0.100	0.100	0.700
0.100	0.700	0.100	0.100
0.700	0.100	0.100	0.100
0.100	0.100	0.700	0.100
0.700	0.100	0.100	0.100
0.100	0.100	0.100	0.700
>GTCCATTA	22-GTCCATTA	8.834396	-36.478815	0	T:339.0(1.46%),B:240.1(0.91%),P:1e-15	Tpos:272.3,Tstd:252.9,Bpos:214.3,Bstd:118.8,StrandBias:0.1,Multiplicity:1.02
0.001	0.001	0.997	0.001
0.001	0.001	0.001	0.997
0.001	0.997	0.001	0.001
0.001	0.997	0.001	0.001
0.891	0.001	0.107	0.001
0.001	0.001	0.001	0.997
0.001	0.001	0.001	0.997
0.997	0.001	0.001	0.001
>ACAGGTTC	23-ACAGGTTC	8.236954	-36.252553	0	T:583.0(2.52%),B:467.5(1.77%),P:1e-15	Tpos:275.1,Tstd:236.2,Bpos:210.8,Bstd:130.0,StrandBias:-0.2,Multiplicity:1.02
0.700	0.100	0.100	0.100
0.100	0.700	0.100	0.100
0.700	0.100	0.100	0.100
0.100	0.100	0.700	0.100
0.100	0.100	0.700	0.100
0.100	0.100	0.100	0.700
0.100	0.100	0.100	0.700
0.100	0.700	0.100	0.100
>CTATATAG	24-CTATATAG	8.236954	-29.587063	0	T:192.0(0.83%),B:123.1(0.47%),P:1e-12	Tpos:254.7,Tstd:202.8,Bpos:207.8,Bstd:126.4,StrandBias:0.0,Multiplicity:1.01
0.100	0.700	0.100	0.100
0.100	0.100	0.100	0.700
0.700	0.100	0.100	0.100
0.100	0.100	0.100	0.700
0.700	0.100	0.100	0.100
0.100	0.100	0.100	0.700
0.700	0.100	0.100	0.100
0.100	0.100	0.700	0.100
>CAAAACAA	25-CAAAACAA	8.189274	-17.777905	0	T:3094.0(13.36%),B:3216.1(12.16%),P:1e-7	Tpos:286.8,Tstd:254.4,Bpos:213.9,Bstd:138.4,StrandBias:0.1,Multiplicity:1.41
0.001	0.914	0.084	0.001
0.840	0.075	0.084	0.001
0.997	0.001	0.001	0.001
0.927	0.001	0.071	0.001
0.997	0.001	0.001	0.001
0.001	0.997	0.001	0.001
0.939	0.001	0.059	0.001
0.903	0.001	0.095	0.001
