>AGGGGGCG	1-AGGGGGCG	6.884251	-1192.637815	0	T:14479.0(44.01%),B:10010.5(31.19%),P:1e-517	Tpos:415.1,Tstd:289.3,Bpos:328.3,Bstd:201.9,StrandBias:0.0,Multiplicity:1.43
0.862	0.049	0.001	0.088
0.208	0.001	0.679	0.112
0.237	0.022	0.619	0.122
0.035	0.037	0.574	0.354
0.074	0.001	0.914	0.011
0.016	0.001	0.951	0.032
0.001	0.997	0.001	0.001
0.216	0.001	0.782	0.001
>CCSCTAGT	2-CCSCTAGT	5.388226	-392.457325	0	T:12647.0(38.44%),B:10011.4(31.19%),P:1e-170	Tpos:417.6,Tstd:302.6,Bpos:331.8,Bstd:206.3,StrandBias:-0.0,Multiplicity:1.31
0.001	0.649	0.163	0.187
0.032	0.626	0.266	0.076
0.173	0.361	0.404	0.061
0.087	0.642	0.164	0.107
0.010	0.143	0.188	0.659
0.826	0.001	0.172	0.001
0.001	0.102	0.769	0.128
0.294	0.001	0.188	0.517
>TCTATTGT	3-TCTATTGT	10.859835	-380.433412	0	T:1131.0(3.44%),B:434.6(1.35%),P:1e-165	Tpos:409.5,Tstd:251.4,Bpos:351.6,Bstd:205.0,StrandBias:-0.1,Multiplicity:1.04
0.001	0.001	0.187	0.811
0.001	0.997	0.001	0.001
0.001	0.001	0.001	0.997
0.997	0.001	0.001	0.001
0.001	0.001	0.001	0.997
0.001	0.001	0.001	0.997
0.001	0.001	0.997	0.001
0.001	0.001	0.001	0.997
>NAAANCGS	4-NAAANCGS	5.435563	-354.576948	0	T:9741.0(29.61%),B:7468.0(23.27%),P:1e-153	Tpos:431.5,Tstd:322.4,Bpos:336.0,Bstd:225.0,StrandBias:-0.0,Multiplicity:1.33
0.267	0.229	0.195	0.309
0.768	0.001	0.081	0.150
0.703	0.213	0.083	0.001
0.510	0.282	0.089	0.119
0.221	0.268	0.296	0.215
0.001	0.997	0.001	0.001
0.001	0.001	0.875	0.123
0.064	0.416	0.296	0.223
>CCCGCCTW	5-CCCGCCTW	6.172019	-327.087645	0	T:8045.0(24.45%),B:6030.5(18.79%),P:1e-142	Tpos:454.5,Tstd:293.0,Bpos:320.0,Bstd:203.6,StrandBias:-0.0,Multiplicity:1.46
0.181	0.474	0.072	0.273
0.202	0.519	0.172	0.107
0.001	0.893	0.105	0.001
0.201	0.091	0.701	0.007
0.156	0.810	0.001	0.033
0.060	0.627	0.079	0.234
0.098	0.360	0.001	0.541
0.463	0.118	0.017	0.402
>GGGTGTRG	6-GGGTGTRG	7.428775	-308.523732	0	T:12286.0(37.34%),B:9933.8(30.95%),P:1e-133	Tpos:426.4,Tstd:314.6,Bpos:334.7,Bstd:199.5,StrandBias:-0.0,Multiplicity:1.54
0.001	0.073	0.925	0.001
0.061	0.130	0.808	0.001
0.001	0.001	0.910	0.088
0.001	0.001	0.001	0.997
0.055	0.027	0.887	0.031
0.037	0.001	0.289	0.673
0.419	0.065	0.515	0.001
0.195	0.001	0.766	0.038
>VYCACGTG	7-VYCACGTG	7.541846	-287.267552	0	T:4171.0(12.68%),B:2807.6(8.75%),P:1e-124	Tpos:427.8,Tstd:294.7,Bpos:320.4,Bstd:204.4,StrandBias:-0.0,Multiplicity:1.14
0.328	0.218	0.297	0.156
0.001	0.426	0.131	0.442
0.001	0.997	0.001	0.001
0.808	0.001	0.020	0.171
0.199	0.799	0.001	0.001
0.001	0.001	0.997	0.001
0.070	0.103	0.104	0.723
0.020	0.046	0.933	0.001
>AACGTCCT	8-AACGTCCT	7.088370	-279.323914	0	T:5991.0(18.21%),B:4360.8(13.59%),P:1e-121	Tpos:427.1,Tstd:313.2,Bpos:340.4,Bstd:217.7,StrandBias:0.0,Multiplicity:1.13
0.810	0.177	0.001	0.012
0.787	0.001	0.127	0.085
0.001	0.991	0.007	0.001
0.001	0.001	0.928	0.070
0.001	0.291	0.001	0.707
0.001	0.830	0.001	0.168
0.001	0.804	0.058	0.137
0.001	0.001	0.003	0.995
>CAAGGTCA	9-CAAGGTCA	8.806112	-278.007720	0	T:2477.0(7.53%),B:1473.5(4.59%),P:1e-120	Tpos:402.4,Tstd:307.3,Bpos:334.9,Bstd:202.6,StrandBias:-0.0,Multiplicity:1.07
0.001	0.894	0.104	0.001
0.997	0.001	0.001	0.001
0.997	0.001	0.001	0.001
0.001	0.001	0.997	0.001
0.001	0.001	0.997	0.001
0.001	0.001	0.001	0.997
0.001	0.997	0.001	0.001
0.882	0.001	0.116	0.001
>GAATTCCG	10-GAATTCCG	4.761733	-277.401645	0	T:10806.0(32.84%),B:8667.2(27.00%),P:1e-120	Tpos:422.4,Tstd:315.9,Bpos:333.6,Bstd:215.2,StrandBias:0.0,Multiplicity:1.33
0.217	0.129	0.495	0.159
0.580	0.171	0.112	0.137
0.690	0.086	0.093	0.131
0.185	0.086	0.067	0.662
0.130	0.168	0.118	0.584
0.148	0.613	0.144	0.095
0.082	0.711	0.132	0.075
0.119	0.097	0.665	0.119
>ATAGCGAM	11-ATAGCGAM	5.501400	-277.321814	0	T:2993.0(9.10%),B:1875.2(5.84%),P:1e-120	Tpos:439.7,Tstd:305.3,Bpos:332.2,Bstd:212.0,StrandBias:-0.1,Multiplicity:1.07
0.623	0.264	0.001	0.112
0.001	0.001	0.001	0.997
0.997	0.001	0.001	0.001
0.001	0.001	0.997	0.001
0.001	0.997	0.001	0.001
0.001	0.001	0.985	0.013
0.814	0.184	0.001	0.001
0.574	0.424	0.001	0.001
>ACGCVAAT	12-ACGCVAAT	5.866298	-261.388935	0	T:7855.0(23.88%),B:6044.3(18.83%),P:1e-113	Tpos:436.4,Tstd:324.9,Bpos:333.7,Bstd:216.3,StrandBias:-0.0,Multiplicity:1.23
0.463	0.193	0.187	0.158
0.021	0.773	0.019	0.187
0.001	0.001	0.997	0.001
0.001	0.942	0.001	0.056
0.342	0.279	0.348	0.031
0.668	0.284	0.001	0.047
0.774	0.063	0.001	0.162
0.275	0.001	0.197	0.527
>TGTAATGC	13-TGTAATGC	8.236954	-243.016671	0	T:794.0(2.41%),B:320.0(1.00%),P:1e-105	Tpos:424.9,Tstd:274.1,Bpos:352.6,Bstd:217.4,StrandBias:0.2,Multiplicity:1.10
0.100	0.100	0.100	0.700
0.100	0.100	0.700	0.100
0.100	0.100	0.100	0.700
0.700	0.100	0.100	0.100
0.700	0.100	0.100	0.100
0.100	0.100	0.100	0.700
0.100	0.100	0.700	0.100
0.100	0.700	0.100	0.100
>GCACTTAT	14-GCACTTAT	8.236954	-222.799143	0	T:649.0(1.97%),B:246.5(0.77%),P:1e-96	Tpos:452.8,Tstd:343.6,Bpos:326.9,Bstd:208.0,StrandBias:0.1,Multiplicity:1.01
0.100	0.100	0.700	0.100
0.100	0.700	0.100	0.100
0.700	0.100	0.100	0.100
0.100	0.700	0.100	0.100
0.100	0.100	0.100	0.700
0.100	0.100	0.100	0.700
0.700	0.100	0.100	0.100
0.100	0.100	0.100	0.700
>GCYATTGT	15-GCYATTGT	7.710244	-209.994686	0	T:4321.0(13.13%),B:3102.1(9.66%),P:1e-91	Tpos:406.1,Tstd:292.0,Bpos:336.0,Bstd:207.4,StrandBias:0.0,Multiplicity:1.13
0.001	0.166	0.832	0.001
0.001	0.758	0.240	0.001
0.001	0.387	0.133	0.479
0.564	0.001	0.166	0.269
0.001	0.001	0.001	0.997
0.001	0.001	0.001	0.997
0.182	0.209	0.608	0.001
0.140	0.001	0.001	0.858
>GHGTTTAC	16-GHGTTTAC	7.440784	-194.215334	0	T:3970.0(12.07%),B:2843.7(8.86%),P:1e-84	Tpos:407.9,Tstd:300.8,Bpos:330.9,Bstd:209.5,StrandBias:-0.1,Multiplicity:1.17
0.031	0.069	0.899	0.001
0.357	0.228	0.128	0.288
0.331	0.001	0.667	0.001
0.248	0.001	0.049	0.702
0.036	0.001	0.001	0.962
0.065	0.108	0.025	0.802
0.997	0.001	0.001	0.001
0.001	0.997	0.001	0.001
>SCSGGAAA	17-SCSGGAAA	5.902316	-173.832978	0	T:11647.0(35.40%),B:9838.5(30.65%),P:1e-75	Tpos:428.2,Tstd:313.6,Bpos:335.1,Bstd:210.1,StrandBias:0.0,Multiplicity:1.34
0.061	0.363	0.489	0.087
0.046	0.866	0.051	0.037
0.054	0.440	0.313	0.194
0.009	0.057	0.698	0.236
0.050	0.107	0.749	0.094
0.830	0.060	0.024	0.086
0.761	0.037	0.062	0.140
0.723	0.070	0.147	0.060
>ATGCTAAW	18-ATGCTAAW	7.687012	-169.798969	0	T:2364.0(7.19%),B:1565.4(4.88%),P:1e-73	Tpos:397.0,Tstd:305.1,Bpos:333.4,Bstd:216.9,StrandBias:-0.0,Multiplicity:1.06
0.962	0.001	0.001	0.036
0.001	0.310	0.070	0.619
0.257	0.023	0.719	0.001
0.023	0.680	0.227	0.070
0.002	0.080	0.170	0.748
0.955	0.043	0.001	0.001
0.952	0.046	0.001	0.001
0.470	0.030	0.128	0.372
>TGAATCGG	19-TGAATCGG	5.413900	-163.700345	0	T:1674.0(5.09%),B:1029.2(3.21%),P:1e-71	Tpos:408.9,Tstd:325.2,Bpos:346.5,Bstd:205.3,StrandBias:0.0,Multiplicity:1.06
0.001	0.001	0.001	0.997
0.001	0.001	0.997	0.001
0.997	0.001	0.001	0.001
0.997	0.001	0.001	0.001
0.001	0.001	0.001	0.997
0.087	0.872	0.001	0.040
0.001	0.004	0.994	0.001
0.001	0.001	0.997	0.001
>TGCAGTAC	20-TGCAGTAC	10.075027	-124.443199	0	T:1050.0(3.19%),B:612.4(1.91%),P:1e-54	Tpos:357.2,Tstd:269.0,Bpos:324.8,Bstd:203.1,StrandBias:-0.0,Multiplicity:1.03
0.001	0.001	0.001	0.997
0.001	0.001	0.891	0.107
0.001	0.997	0.001	0.001
0.997	0.001	0.001	0.001
0.414	0.001	0.584	0.001
0.001	0.001	0.001	0.997
0.997	0.001	0.001	0.001
0.001	0.997	0.001	0.001
>TTGGAACA	21-TTGGAACA	8.236954	-113.718483	0	T:1095.0(3.33%),B:662.1(2.06%),P:1e-49	Tpos:409.4,Tstd:314.9,Bpos:328.5,Bstd:207.4,StrandBias:0.1,Multiplicity:1.02
0.100	0.100	0.100	0.700
0.100	0.100	0.100	0.700
0.100	0.100	0.700	0.100
0.100	0.100	0.700	0.100
0.700	0.100	0.100	0.100
0.700	0.100	0.100	0.100
0.100	0.700	0.100	0.100
0.700	0.100	0.100	0.100
>GAATGCWM	22-GAATGCWM	7.984719	-104.341202	0	T:3417.0(10.39%),B:2619.1(8.16%),P:1e-45	Tpos:400.2,Tstd:299.8,Bpos:335.4,Bstd:205.2,StrandBias:-0.0,Multiplicity:1.18
0.001	0.001	0.997	0.001
0.997	0.001	0.001	0.001
0.997	0.001	0.001	0.001
0.001	0.169	0.001	0.829
0.001	0.001	0.997	0.001
0.001	0.657	0.001	0.341
0.396	0.160	0.001	0.443
0.405	0.264	0.161	0.170
>CTCTTTCA	23-CTCTTTCA	8.434912	-84.286876	0	T:2770.0(8.42%),B:2121.2(6.61%),P:1e-36	Tpos:401.4,Tstd:308.4,Bpos:333.3,Bstd:205.8,StrandBias:0.1,Multiplicity:1.07
0.001	0.997	0.001	0.001
0.001	0.136	0.001	0.862
0.001	0.997	0.001	0.001
0.001	0.001	0.001	0.997
0.001	0.001	0.001	0.997
0.001	0.001	0.001	0.997
0.001	0.997	0.001	0.001
0.915	0.001	0.083	0.001
>CTTAAAAG	24-CTTAAAAG	10.774492	-80.352803	0	T:1218.0(3.70%),B:819.8(2.55%),P:1e-34	Tpos:397.2,Tstd:308.1,Bpos:345.4,Bstd:217.4,StrandBias:-0.1,Multiplicity:1.05
0.001	0.997	0.001	0.001
0.001	0.001	0.001	0.997
0.001	0.001	0.001	0.997
0.997	0.001	0.001	0.001
0.824	0.001	0.174	0.001
0.997	0.001	0.001	0.001
0.901	0.097	0.001	0.001
0.001	0.001	0.997	0.001
>TCCTTGAA	25-TCCTTGAA	8.236954	-72.143060	0	T:1217.0(3.70%),B:836.6(2.61%),P:1e-31	Tpos:411.1,Tstd:301.5,Bpos:339.5,Bstd:207.4,StrandBias:-0.0,Multiplicity:1.08
0.100	0.100	0.100	0.700
0.100	0.700	0.100	0.100
0.100	0.700	0.100	0.100
0.100	0.100	0.100	0.700
0.100	0.100	0.100	0.700
0.100	0.100	0.700	0.100
0.700	0.100	0.100	0.100
0.700	0.100	0.100	0.100
