>ACATTCCG	1-ACATTCCG	5.901616	-76.362811	0	T:939.0(25.83%),B:8079.6(17.77%),P:1e-33	Tpos:320.6,Tstd:280.4,Bpos:266.1,Bstd:158.4,StrandBias:-0.1,Multiplicity:1.27
0.935	0.024	0.040	0.001
0.022	0.957	0.001	0.020
0.997	0.001	0.001	0.001
0.001	0.001	0.018	0.980
0.008	0.001	0.001	0.990
0.001	0.991	0.007	0.001
0.218	0.724	0.015	0.043
0.299	0.001	0.489	0.210
>GACGAYGA	2-GACGAYGA	6.057909	-38.078152	0	T:594.0(16.34%),B:5295.1(11.65%),P:1e-16	Tpos:336.2,Tstd:374.9,Bpos:266.0,Bstd:166.6,StrandBias:-0.1,Multiplicity:1.26
0.045	0.107	0.760	0.088
0.524	0.124	0.071	0.281
0.204	0.472	0.028	0.296
0.180	0.041	0.778	0.001
0.677	0.010	0.079	0.234
0.208	0.248	0.163	0.381
0.027	0.083	0.857	0.033
0.600	0.202	0.078	0.120
>CGACAAGT	3-CGACAAGT	5.125381	-35.725618	0	T:1172.0(32.24%),B:11913.7(26.20%),P:1e-15	Tpos:331.2,Tstd:337.8,Bpos:264.9,Bstd:165.2,StrandBias:0.1,Multiplicity:1.28
0.036	0.837	0.120	0.007
0.076	0.069	0.808	0.047
0.670	0.137	0.089	0.104
0.042	0.740	0.124	0.094
0.810	0.076	0.051	0.063
0.747	0.036	0.018	0.199
0.062	0.128	0.728	0.082
0.085	0.073	0.178	0.664
>GTAAATTC	4-GTAAATTC	8.236954	-33.448703	0	T:83.0(2.28%),B:383.1(0.84%),P:1e-14	Tpos:260.7,Tstd:198.3,Bpos:260.8,Bstd:156.5,StrandBias:-0.1,Multiplicity:1.00
0.100	0.100	0.700	0.100
0.100	0.100	0.100	0.700
0.700	0.100	0.100	0.100
0.700	0.100	0.100	0.100
0.700	0.100	0.100	0.100
0.100	0.100	0.100	0.700
0.100	0.100	0.100	0.700
0.100	0.700	0.100	0.100
>TTTTGTAC	5-TTTTGTAC	6.934426	-32.949143	0	T:569.0(15.65%),B:5168.9(11.37%),P:1e-14	Tpos:369.1,Tstd:461.2,Bpos:263.0,Bstd:161.0,StrandBias:-0.0,Multiplicity:1.20
0.092	0.022	0.124	0.762
0.141	0.031	0.026	0.802
0.061	0.026	0.001	0.912
0.046	0.040	0.015	0.899
0.017	0.001	0.933	0.049
0.060	0.051	0.001	0.888
0.997	0.001	0.001	0.001
0.063	0.851	0.034	0.052
>CTTGCCGT	6-CTTGCCGT	7.332612	-28.702237	0	T:401.0(11.03%),B:3484.6(7.66%),P:1e-12	Tpos:311.3,Tstd:278.8,Bpos:265.3,Bstd:163.2,StrandBias:-0.0,Multiplicity:1.09
0.332	0.666	0.001	0.001
0.017	0.001	0.110	0.872
0.001	0.001	0.154	0.844
0.074	0.001	0.774	0.151
0.001	0.997	0.001	0.001
0.001	0.684	0.314	0.001
0.048	0.156	0.688	0.108
0.001	0.263	0.001	0.735
>TATGACCG	7-TATGACCG	6.904809	-28.559371	0	T:280.0(7.70%),B:2238.8(4.92%),P:1e-12	Tpos:313.8,Tstd:252.6,Bpos:260.4,Bstd:159.6,StrandBias:-0.0,Multiplicity:1.05
0.076	0.143	0.160	0.621
0.875	0.001	0.047	0.077
0.001	0.001	0.001	0.997
0.001	0.042	0.915	0.042
0.805	0.052	0.087	0.056
0.065	0.907	0.027	0.001
0.049	0.949	0.001	0.001
0.033	0.001	0.965	0.001
>AACGACCT	8-AACGACCT	3.976613	-25.762830	0	T:1363.0(37.50%),B:14628.4(32.17%),P:1e-11	Tpos:324.7,Tstd:320.4,Bpos:262.7,Bstd:164.9,StrandBias:0.1,Multiplicity:1.30
0.526	0.086	0.263	0.125
0.461	0.107	0.198	0.233
0.092	0.517	0.144	0.247
0.063	0.152	0.658	0.127
0.414	0.160	0.212	0.214
0.063	0.588	0.134	0.215
0.169	0.413	0.239	0.178
0.137	0.148	0.184	0.531
>CGTGAAGA	9-CGTGAAGA	5.004305	-24.509640	0	T:885.0(24.35%),B:9032.7(19.87%),P:1e-10	Tpos:350.4,Tstd:371.8,Bpos:264.2,Bstd:161.8,StrandBias:0.0,Multiplicity:1.19
0.095	0.433	0.280	0.192
0.115	0.202	0.523	0.160
0.207	0.154	0.096	0.543
0.088	0.184	0.600	0.128
0.728	0.065	0.122	0.085
0.641	0.167	0.061	0.131
0.135	0.128	0.558	0.179
0.474	0.112	0.233	0.181
>ATCGTAAC	10-ATCGTAAC	5.552204	-23.517948	0	T:512.0(14.09%),B:4838.0(10.64%),P:1e-10	Tpos:325.4,Tstd:380.4,Bpos:255.7,Bstd:163.1,StrandBias:0.2,Multiplicity:1.12
0.847	0.022	0.018	0.113
0.088	0.083	0.083	0.746
0.001	0.918	0.014	0.067
0.126	0.077	0.717	0.080
0.113	0.147	0.195	0.545
0.780	0.081	0.067	0.072
0.781	0.069	0.089	0.061
0.109	0.675	0.134	0.082
>AACGTGGH	11-AACGTGGH	6.319879	-23.507834	0	T:718.0(19.75%),B:7153.5(15.73%),P:1e-10	Tpos:346.4,Tstd:303.8,Bpos:262.8,Bstd:166.4,StrandBias:-0.1,Multiplicity:1.15
0.546	0.002	0.385	0.067
0.968	0.028	0.003	0.001
0.028	0.922	0.049	0.001
0.001	0.116	0.689	0.194
0.001	0.001	0.165	0.833
0.068	0.076	0.686	0.170
0.163	0.070	0.697	0.070
0.366	0.278	0.036	0.320
>AGTCGTAG	12-AGTCGTAG	6.558026	-23.217184	0	T:304.0(8.36%),B:2606.1(5.73%),P:1e-10	Tpos:347.0,Tstd:399.4,Bpos:265.7,Bstd:164.4,StrandBias:-0.2,Multiplicity:1.13
0.571	0.085	0.105	0.239
0.031	0.067	0.536	0.366
0.225	0.069	0.061	0.645
0.276	0.722	0.001	0.001
0.001	0.001	0.997	0.001
0.001	0.001	0.001	0.997
0.789	0.209	0.001	0.001
0.238	0.001	0.659	0.102
>CAGAATTC	13-CAGAATTC	6.344989	-22.931795	0	T:413.0(11.36%),B:3774.6(8.30%),P:1e-9	Tpos:333.6,Tstd:342.7,Bpos:254.9,Bstd:159.2,StrandBias:-0.0,Multiplicity:1.15
0.059	0.863	0.001	0.077
0.819	0.001	0.150	0.030
0.001	0.001	0.997	0.001
0.997	0.001	0.001	0.001
0.997	0.001	0.001	0.001
0.001	0.001	0.001	0.997
0.001	0.001	0.001	0.997
0.001	0.997	0.001	0.001
>ACTTTGCT	14-ACTTTGCT	10.745413	-21.480030	0	T:129.0(3.55%),B:897.5(1.97%),P:1e-9	Tpos:348.5,Tstd:278.4,Bpos:268.1,Bstd:163.3,StrandBias:0.1,Multiplicity:1.09
0.997	0.001	0.001	0.001
0.001	0.997	0.001	0.001
0.001	0.001	0.084	0.914
0.001	0.001	0.001	0.997
0.001	0.001	0.209	0.789
0.001	0.001	0.997	0.001
0.001	0.997	0.001	0.001
0.001	0.001	0.001	0.997
>HGCCATAN	15-HGCCATAN	4.980956	-21.453660	0	T:297.0(8.17%),B:2578.5(5.67%),P:1e-9	Tpos:351.2,Tstd:326.8,Bpos:266.0,Bstd:156.5,StrandBias:0.0,Multiplicity:1.17
0.196	0.337	0.139	0.328
0.072	0.121	0.676	0.131
0.143	0.568	0.080	0.209
0.118	0.558	0.174	0.150
0.437	0.113	0.269	0.181
0.180	0.125	0.089	0.606
0.638	0.124	0.091	0.147
0.263	0.190	0.304	0.242
>RAGCCGAA	16-RAGCCGAA	6.195688	-21.379671	0	T:1065.0(29.30%),B:11291.8(24.83%),P:1e-9	Tpos:299.3,Tstd:246.7,Bpos:262.7,Bstd:165.1,StrandBias:-0.1,Multiplicity:1.30
0.430	0.033	0.456	0.081
0.590	0.001	0.228	0.181
0.001	0.001	0.952	0.046
0.135	0.518	0.346	0.001
0.001	0.997	0.001	0.001
0.145	0.187	0.667	0.001
0.602	0.128	0.234	0.036
0.703	0.026	0.039	0.232
>CCGCATTG	17-CCGCATTG	5.236633	-21.050073	0	T:1135.0(31.22%),B:12140.3(26.70%),P:1e-9	Tpos:331.0,Tstd:287.7,Bpos:261.6,Bstd:161.0,StrandBias:0.0,Multiplicity:1.27
0.090	0.714	0.065	0.131
0.092	0.774	0.086	0.048
0.115	0.080	0.716	0.089
0.118	0.777	0.062	0.043
0.670	0.061	0.106	0.163
0.073	0.100	0.116	0.711
0.065	0.092	0.049	0.794
0.066	0.029	0.850	0.055
>RCAWTACT	18-RCAWTACT	8.265722	-19.635745	0	T:218.0(6.00%),B:1804.6(3.97%),P:1e-8	Tpos:359.6,Tstd:473.1,Bpos:262.3,Bstd:155.8,StrandBias:0.2,Multiplicity:1.40
0.541	0.001	0.457	0.001
0.001	0.997	0.001	0.001
0.997	0.001	0.001	0.001
0.427	0.001	0.001	0.571
0.011	0.001	0.001	0.987
0.997	0.001	0.001	0.001
0.167	0.605	0.001	0.227
0.001	0.133	0.001	0.865
>CACTATCT	19-CACTATCT	9.214504	-19.247230	0	T:131.0(3.60%),B:951.4(2.09%),P:1e-8	Tpos:297.1,Tstd:239.1,Bpos:265.6,Bstd:161.4,StrandBias:0.2,Multiplicity:1.01
0.001	0.997	0.001	0.001
0.593	0.001	0.405	0.001
0.001	0.997	0.001	0.001
0.001	0.001	0.403	0.595
0.997	0.001	0.001	0.001
0.001	0.001	0.001	0.997
0.001	0.997	0.001	0.001
0.045	0.001	0.001	0.953
>TTCCKACA	20-TTCCKACA	8.056823	-19.024536	0	T:280.0(7.70%),B:2464.4(5.42%),P:1e-8	Tpos:345.5,Tstd:304.1,Bpos:263.3,Bstd:159.1,StrandBias:0.1,Multiplicity:1.11
0.001	0.001	0.364	0.634
0.001	0.001	0.001	0.997
0.137	0.861	0.001	0.001
0.001	0.997	0.001	0.001
0.001	0.001	0.457	0.541
0.997	0.001	0.001	0.001
0.165	0.833	0.001	0.001
0.997	0.001	0.001	0.001
>GGGCACCA	21-GGGCACCA	8.109878	-17.482437	0	T:521.0(14.33%),B:5163.4(11.36%),P:1e-7	Tpos:316.0,Tstd:254.9,Bpos:261.1,Bstd:158.8,StrandBias:0.1,Multiplicity:1.12
0.001	0.001	0.997	0.001
0.001	0.088	0.910	0.001
0.116	0.001	0.882	0.001
0.136	0.862	0.001	0.001
0.847	0.151	0.001	0.001
0.001	0.997	0.001	0.001
0.001	0.904	0.094	0.001
0.997	0.001	0.001	0.001
>TTATTCTA	22-TTATTCTA	8.236954	-17.284317	0	T:78.0(2.15%),B:493.5(1.09%),P:1e-7	Tpos:261.2,Tstd:168.5,Bpos:260.9,Bstd:161.2,StrandBias:-0.1,Multiplicity:1.03
0.100	0.100	0.100	0.700
0.100	0.100	0.100	0.700
0.700	0.100	0.100	0.100
0.100	0.100	0.100	0.700
0.100	0.100	0.100	0.700
0.100	0.700	0.100	0.100
0.100	0.100	0.100	0.700
0.700	0.100	0.100	0.100
>TCCTCGAG	23-TCCTCGAG	6.099197	-17.228975	0	T:1056.0(29.05%),B:11409.0(25.09%),P:1e-7	Tpos:309.6,Tstd:259.4,Bpos:264.4,Bstd:160.3,StrandBias:0.0,Multiplicity:1.25
0.001	0.001	0.193	0.805
0.001	0.495	0.296	0.208
0.169	0.544	0.112	0.175
0.001	0.001	0.001	0.997
0.001	0.628	0.180	0.191
0.151	0.306	0.471	0.072
0.738	0.001	0.001	0.260
0.130	0.147	0.601	0.122
>TTCTAACT	24-TTCTAACT	8.236954	-15.944543	0	T:94.0(2.59%),B:656.4(1.44%),P:1e-6	Tpos:309.1,Tstd:226.1,Bpos:276.9,Bstd:161.1,StrandBias:-0.3,Multiplicity:1.03
0.100	0.100	0.100	0.700
0.100	0.100	0.100	0.700
0.100	0.700	0.100	0.100
0.100	0.100	0.100	0.700
0.700	0.100	0.100	0.100
0.700	0.100	0.100	0.100
0.100	0.700	0.100	0.100
0.100	0.100	0.100	0.700
>TGAATAGG	25-TGAATAGG	8.236954	-15.128767	0	T:67.0(1.84%),B:423.3(0.93%),P:1e-6	Tpos:361.8,Tstd:544.2,Bpos:251.7,Bstd:150.5,StrandBias:-0.2,Multiplicity:1.00
0.100	0.100	0.100	0.700
0.100	0.100	0.700	0.100
0.700	0.100	0.100	0.100
0.700	0.100	0.100	0.100
0.100	0.100	0.100	0.700
0.700	0.100	0.100	0.100
0.100	0.100	0.700	0.100
0.100	0.100	0.700	0.100
