>GGYGTGGC	1-GGYGTGGC	7.734610	-941.239339	0	T:10695.0(32.48%),B:7147.5(22.11%),P:1e-408	Tpos:396.4,Tstd:273.5,Bpos:250.2,Bstd:154.1,StrandBias:0.0,Multiplicity:1.71
0.022	0.064	0.889	0.025
0.031	0.001	0.947	0.021
0.038	0.506	0.001	0.455
0.050	0.001	0.919	0.030
0.021	0.001	0.364	0.614
0.120	0.059	0.774	0.047
0.130	0.042	0.724	0.104
0.050	0.627	0.035	0.288
>AGATAAGA	2-AGATAAGA	6.362594	-477.299574	0	T:4831.0(14.67%),B:3028.0(9.37%),P:1e-207	Tpos:347.6,Tstd:279.9,Bpos:267.7,Bstd:159.5,StrandBias:0.0,Multiplicity:1.19
0.922	0.001	0.001	0.076
0.001	0.001	0.997	0.001
0.997	0.001	0.001	0.001
0.001	0.001	0.001	0.997
0.997	0.001	0.001	0.001
0.997	0.001	0.001	0.001
0.001	0.154	0.844	0.001
0.618	0.140	0.241	0.001
>NCGGAATK	3-NCGGAATK	6.420234	-444.354320	0	T:11313.0(34.36%),B:8701.6(26.92%),P:1e-192	Tpos:354.9,Tstd:286.5,Bpos:262.3,Bstd:158.0,StrandBias:0.0,Multiplicity:1.35
0.206	0.319	0.296	0.179
0.247	0.487	0.047	0.218
0.001	0.035	0.963	0.001
0.001	0.029	0.960	0.010
0.997	0.001	0.001	0.001
0.931	0.001	0.001	0.067
0.185	0.019	0.190	0.606
0.116	0.094	0.397	0.392
>AGAGGGCG	4-AGAGGGCG	7.454241	-435.056521	0	T:6985.0(21.21%),B:4891.2(15.13%),P:1e-188	Tpos:348.2,Tstd:285.4,Bpos:258.6,Bstd:158.7,StrandBias:0.0,Multiplicity:1.18
0.997	0.001	0.001	0.001
0.046	0.001	0.952	0.001
0.811	0.001	0.187	0.001
0.001	0.001	0.997	0.001
0.001	0.001	0.997	0.001
0.001	0.001	0.947	0.051
0.001	0.997	0.001	0.001
0.243	0.001	0.755	0.001
>GCCACWCC	5-GCCACWCC	8.064026	-400.909121	0	T:4923.0(14.95%),B:3231.0(10.00%),P:1e-174	Tpos:358.9,Tstd:278.0,Bpos:263.3,Bstd:156.9,StrandBias:-0.1,Multiplicity:1.14
0.080	0.034	0.885	0.001
0.331	0.510	0.080	0.079
0.115	0.761	0.069	0.055
0.997	0.001	0.001	0.001
0.206	0.738	0.001	0.055
0.430	0.001	0.127	0.441
0.060	0.938	0.001	0.001
0.065	0.733	0.164	0.038
>CCTTAGGC	6-CCTTAGGC	6.718281	-327.144589	0	T:8320.0(25.27%),B:6312.8(19.53%),P:1e-142	Tpos:362.4,Tstd:287.1,Bpos:266.5,Bstd:160.2,StrandBias:-0.0,Multiplicity:1.24
0.061	0.864	0.045	0.030
0.019	0.781	0.086	0.114
0.028	0.201	0.062	0.709
0.201	0.213	0.201	0.386
0.777	0.052	0.158	0.013
0.058	0.052	0.886	0.004
0.041	0.020	0.859	0.080
0.023	0.739	0.201	0.037
>GGCGGAGY	7-GGCGGAGY	8.342736	-274.168801	0	T:6160.0(18.71%),B:4547.0(14.07%),P:1e-119	Tpos:389.3,Tstd:283.8,Bpos:261.3,Bstd:162.4,StrandBias:-0.0,Multiplicity:1.33
0.001	0.001	0.997	0.001
0.001	0.001	0.997	0.001
0.001	0.596	0.001	0.402
0.001	0.001	0.997	0.001
0.001	0.001	0.941	0.057
0.469	0.001	0.286	0.245
0.001	0.001	0.997	0.001
0.126	0.401	0.001	0.472
>TTTATCGC	8-TTTATCGC	6.331632	-242.192092	0	T:5055.0(15.35%),B:3671.4(11.36%),P:1e-105	Tpos:349.4,Tstd:298.2,Bpos:265.3,Bstd:158.8,StrandBias:-0.0,Multiplicity:1.15
0.050	0.177	0.078	0.695
0.037	0.057	0.033	0.873
0.054	0.021	0.042	0.883
0.901	0.042	0.025	0.032
0.047	0.241	0.064	0.648
0.080	0.573	0.177	0.170
0.135	0.001	0.663	0.201
0.053	0.762	0.059	0.126
>SCGGAACT	9-SCGGAACT	6.756052	-238.532314	0	T:5568.0(16.91%),B:4124.3(12.76%),P:1e-103	Tpos:383.7,Tstd:293.4,Bpos:263.6,Bstd:165.7,StrandBias:-0.1,Multiplicity:1.21
0.082	0.397	0.402	0.119
0.001	0.997	0.001	0.001
0.001	0.001	0.997	0.001
0.116	0.003	0.880	0.001
0.791	0.001	0.207	0.001
0.801	0.001	0.003	0.195
0.194	0.647	0.158	0.001
0.308	0.001	0.001	0.690
>TTTATRAC	10-TTTATRAC	7.135105	-232.294878	0	T:5572.0(16.92%),B:4144.2(12.82%),P:1e-100	Tpos:349.2,Tstd:304.5,Bpos:269.4,Bstd:160.3,StrandBias:-0.0,Multiplicity:1.17
0.001	0.001	0.124	0.874
0.060	0.001	0.001	0.938
0.113	0.001	0.001	0.885
0.938	0.001	0.001	0.060
0.001	0.345	0.001	0.653
0.461	0.001	0.537	0.001
0.652	0.001	0.346	0.001
0.116	0.524	0.127	0.233
>GTCACGTG	11-GTCACGTG	6.665434	-232.010197	0	T:1606.0(4.88%),B:888.0(2.75%),P:1e-100	Tpos:381.1,Tstd:269.5,Bpos:252.4,Bstd:156.2,StrandBias:-0.0,Multiplicity:1.12
0.137	0.001	0.861	0.001
0.001	0.001	0.001	0.997
0.001	0.997	0.001	0.001
0.997	0.001	0.001	0.001
0.001	0.997	0.001	0.001
0.001	0.001	0.997	0.001
0.001	0.089	0.001	0.909
0.001	0.001	0.997	0.001
>CAAGGTTA	12-CAAGGTTA	8.154851	-228.436580	0	T:3497.0(10.62%),B:2386.9(7.38%),P:1e-99	Tpos:343.3,Tstd:287.4,Bpos:262.4,Bstd:160.8,StrandBias:-0.0,Multiplicity:1.11
0.221	0.777	0.001	0.001
0.844	0.001	0.154	0.001
0.997	0.001	0.001	0.001
0.001	0.001	0.997	0.001
0.223	0.001	0.775	0.001
0.001	0.385	0.001	0.613
0.001	0.232	0.001	0.766
0.778	0.001	0.220	0.001
>DCCGGTTT	13-DCCGGTTT	5.804512	-164.432866	0	T:5425.0(16.48%),B:4213.1(13.03%),P:1e-71	Tpos:369.5,Tstd:302.0,Bpos:271.4,Bstd:168.1,StrandBias:0.0,Multiplicity:1.21
0.354	0.047	0.338	0.262
0.055	0.594	0.201	0.150
0.063	0.803	0.133	0.001
0.046	0.029	0.908	0.017
0.091	0.134	0.724	0.051
0.254	0.157	0.083	0.506
0.031	0.207	0.038	0.724
0.060	0.142	0.039	0.759
>TTGGAATG	14-TTGGAATG	8.883651	-158.065663	0	T:2322.0(7.05%),B:1564.5(4.84%),P:1e-68	Tpos:348.0,Tstd:288.0,Bpos:262.8,Bstd:160.1,StrandBias:0.1,Multiplicity:1.06
0.001	0.001	0.001	0.997
0.155	0.001	0.001	0.843
0.001	0.001	0.997	0.001
0.001	0.001	0.997	0.001
0.997	0.001	0.001	0.001
0.997	0.001	0.001	0.001
0.001	0.001	0.001	0.997
0.001	0.001	0.723	0.275
>CCTAGTGG	15-CCTAGTGG	8.354782	-149.871863	0	T:2350.0(7.14%),B:1604.8(4.96%),P:1e-65	Tpos:333.6,Tstd:278.5,Bpos:273.5,Bstd:159.2,StrandBias:0.0,Multiplicity:1.05
0.024	0.711	0.115	0.150
0.001	0.997	0.001	0.001
0.001	0.001	0.001	0.997
0.997	0.001	0.001	0.001
0.001	0.001	0.997	0.001
0.001	0.001	0.001	0.997
0.001	0.072	0.926	0.001
0.100	0.001	0.898	0.001
>GAGAGTTC	16-GAGAGTTC	9.862011	-127.904268	0	T:1762.0(5.35%),B:1169.9(3.62%),P:1e-55	Tpos:336.6,Tstd:285.1,Bpos:268.5,Bstd:158.5,StrandBias:-0.0,Multiplicity:1.03
0.001	0.001	0.997	0.001
0.997	0.001	0.001	0.001
0.001	0.001	0.997	0.001
0.997	0.001	0.001	0.001
0.001	0.001	0.699	0.299
0.001	0.001	0.001	0.997
0.001	0.001	0.001	0.997
0.001	0.997	0.001	0.001
>CGKAATST	17-CGKAATST	2.600064	-122.506273	0	T:7325.0(22.25%),B:6093.4(18.85%),P:1e-53	Tpos:356.6,Tstd:302.7,Bpos:265.0,Bstd:164.9,StrandBias:0.1,Multiplicity:1.22
0.001	0.997	0.001	0.001
0.001	0.001	0.939	0.059
0.001	0.001	0.489	0.509
0.997	0.001	0.001	0.001
0.997	0.001	0.001	0.001
0.001	0.421	0.001	0.577
0.001	0.526	0.472	0.001
0.001	0.001	0.001	0.997
>ACATTCTT	18-ACATTCTT	9.426308	-116.155887	0	T:1794.0(5.45%),B:1219.2(3.77%),P:1e-50	Tpos:343.6,Tstd:275.1,Bpos:260.8,Bstd:159.1,StrandBias:-0.0,Multiplicity:1.06
0.764	0.001	0.234	0.001
0.174	0.824	0.001	0.001
0.997	0.001	0.001	0.001
0.001	0.001	0.001	0.997
0.001	0.001	0.001	0.997
0.001	0.997	0.001	0.001
0.001	0.001	0.001	0.997
0.001	0.001	0.001	0.997
>AATTCGCG	19-AATTCGCG	4.889616	-112.880288	0	T:6511.0(19.77%),B:5387.9(16.67%),P:1e-49	Tpos:383.2,Tstd:292.2,Bpos:258.3,Bstd:169.2,StrandBias:0.0,Multiplicity:1.30
0.495	0.213	0.201	0.091
0.700	0.031	0.148	0.121
0.227	0.097	0.142	0.534
0.017	0.253	0.131	0.599
0.025	0.700	0.244	0.031
0.001	0.219	0.668	0.112
0.049	0.732	0.130	0.089
0.102	0.114	0.575	0.209
>AGATTCCT	20-AGATTCCT	8.236954	-101.995683	0	T:1019.0(3.09%),B:626.9(1.94%),P:1e-44	Tpos:352.7,Tstd:279.7,Bpos:277.1,Bstd:155.2,StrandBias:-0.1,Multiplicity:1.09
0.700	0.100	0.100	0.100
0.100	0.100	0.700	0.100
0.700	0.100	0.100	0.100
0.100	0.100	0.100	0.700
0.100	0.100	0.100	0.700
0.100	0.700	0.100	0.100
0.100	0.700	0.100	0.100
0.100	0.100	0.100	0.700
>AGGAAGTA	21-AGGAAGTA	8.816291	-101.446397	0	T:3919.0(11.90%),B:3089.3(9.56%),P:1e-44	Tpos:342.7,Tstd:289.4,Bpos:259.8,Bstd:157.4,StrandBias:0.0,Multiplicity:1.12
0.997	0.001	0.001	0.001
0.001	0.001	0.997	0.001
0.001	0.001	0.997	0.001
0.997	0.001	0.001	0.001
0.997	0.001	0.001	0.001
0.001	0.087	0.911	0.001
0.001	0.001	0.001	0.997
0.571	0.001	0.313	0.115
>CCATTATC	22-CCATTATC	8.236954	-90.145096	0	T:704.0(2.14%),B:404.9(1.25%),P:1e-39	Tpos:330.5,Tstd:271.8,Bpos:271.6,Bstd:152.3,StrandBias:-0.1,Multiplicity:1.01
0.100	0.700	0.100	0.100
0.100	0.700	0.100	0.100
0.700	0.100	0.100	0.100
0.100	0.100	0.100	0.700
0.100	0.100	0.100	0.700
0.700	0.100	0.100	0.100
0.100	0.100	0.100	0.700
0.100	0.700	0.100	0.100
>CSCAATTA	23-CSCAATTA	7.906984	-87.123823	0	T:1034.0(3.14%),B:663.5(2.05%),P:1e-37	Tpos:336.2,Tstd:282.2,Bpos:264.7,Bstd:159.9,StrandBias:0.0,Multiplicity:1.02
0.001	0.614	0.384	0.001
0.001	0.426	0.572	0.001
0.001	0.716	0.101	0.182
0.962	0.001	0.036	0.001
0.649	0.349	0.001	0.001
0.100	0.271	0.001	0.628
0.152	0.001	0.001	0.846
0.924	0.001	0.001	0.074
>TCVAGGCA	24-TCVAGGCA	7.228642	-86.483719	0	T:4435.0(13.47%),B:3610.6(11.17%),P:1e-37	Tpos:350.3,Tstd:295.3,Bpos:266.1,Bstd:159.7,StrandBias:-0.0,Multiplicity:1.16
0.001	0.162	0.040	0.797
0.115	0.862	0.001	0.022
0.398	0.307	0.294	0.001
0.805	0.049	0.121	0.025
0.047	0.109	0.843	0.001
0.026	0.001	0.874	0.099
0.001	0.933	0.001	0.065
0.585	0.170	0.139	0.106
>GRACGAAC	25-GRACGAAC	6.862655	-70.696610	0	T:5855.0(17.78%),B:4986.6(15.43%),P:1e-30	Tpos:347.0,Tstd:299.3,Bpos:267.7,Bstd:171.9,StrandBias:-0.0,Multiplicity:1.51
0.261	0.001	0.702	0.036
0.562	0.001	0.432	0.005
0.833	0.032	0.045	0.090
0.001	0.894	0.035	0.070
0.303	0.023	0.673	0.001
0.568	0.136	0.261	0.035
0.804	0.066	0.072	0.058
0.012	0.965	0.001	0.022
