>GAATTCCW	1-GAATTCCW	4.955479	-604.450347	0	T:3413.0(27.25%),B:5576.8(15.17%),P:1e-262	Tpos:332.8,Tstd:242.4,Bpos:236.9,Bstd:141.9,StrandBias:-0.0,Multiplicity:1.34
0.403	0.001	0.595	0.001
0.921	0.077	0.001	0.001
0.997	0.001	0.001	0.001
0.001	0.001	0.001	0.997
0.001	0.001	0.001	0.997
0.001	0.997	0.001	0.001
0.001	0.995	0.001	0.003
0.399	0.002	0.071	0.528
>AGGTGTGG	2-AGGTGTGG	7.822845	-344.164073	0	T:3618.0(28.89%),B:7062.6(19.21%),P:1e-149	Tpos:308.0,Tstd:228.6,Bpos:233.2,Bstd:139.9,StrandBias:0.1,Multiplicity:1.37
0.643	0.042	0.314	0.001
0.001	0.001	0.822	0.176
0.001	0.001	0.997	0.001
0.001	0.368	0.001	0.630
0.218	0.001	0.780	0.001
0.001	0.001	0.001	0.997
0.001	0.001	0.871	0.127
0.001	0.001	0.594	0.404
>GTTCAAGG	3-GTTCAAGG	10.011045	-196.203095	0	T:2132.0(17.02%),B:4095.8(11.14%),P:1e-85	Tpos:299.4,Tstd:230.3,Bpos:236.0,Bstd:148.3,StrandBias:-0.0,Multiplicity:1.25
0.001	0.001	0.997	0.001
0.001	0.001	0.001	0.997
0.001	0.001	0.001	0.997
0.001	0.997	0.001	0.001
0.632	0.366	0.001	0.001
0.954	0.044	0.001	0.001
0.001	0.010	0.988	0.001
0.001	0.001	0.997	0.001
>TCGAGGCA	4-TCGAGGCA	6.349749	-183.868909	0	T:3290.0(26.27%),B:7098.2(19.30%),P:1e-79	Tpos:289.3,Tstd:239.8,Bpos:237.8,Bstd:146.4,StrandBias:-0.1,Multiplicity:1.26
0.015	0.174	0.182	0.629
0.132	0.572	0.018	0.278
0.102	0.119	0.628	0.151
0.845	0.020	0.068	0.067
0.001	0.131	0.867	0.001
0.221	0.083	0.569	0.127
0.113	0.614	0.188	0.085
0.800	0.183	0.016	0.001
>TKGTTTGT	5-TKGTTTGT	8.540362	-152.935617	0	T:1350.0(10.78%),B:2433.8(6.62%),P:1e-66	Tpos:276.7,Tstd:235.4,Bpos:235.6,Bstd:162.4,StrandBias:-0.1,Multiplicity:2.24
0.001	0.001	0.001	0.997
0.071	0.034	0.383	0.512
0.001	0.001	0.616	0.382
0.001	0.016	0.069	0.914
0.001	0.001	0.089	0.909
0.001	0.049	0.060	0.890
0.001	0.001	0.579	0.419
0.001	0.001	0.418	0.580
>ACGAATGC	6-ACGAATGC	4.909362	-145.523897	0	T:909.0(7.26%),B:1467.0(3.99%),P:1e-63	Tpos:315.4,Tstd:225.0,Bpos:235.0,Bstd:141.2,StrandBias:0.0,Multiplicity:1.12
0.997	0.001	0.001	0.001
0.054	0.944	0.001	0.001
0.001	0.001	0.997	0.001
0.997	0.001	0.001	0.001
0.997	0.001	0.001	0.001
0.001	0.001	0.001	0.997
0.001	0.001	0.997	0.001
0.001	0.959	0.001	0.039
>CGGGATTA	7-CGGGATTA	5.569705	-143.863152	0	T:3527.0(28.16%),B:8012.9(21.79%),P:1e-62	Tpos:295.7,Tstd:257.1,Bpos:233.4,Bstd:143.9,StrandBias:-0.0,Multiplicity:1.22
0.043	0.806	0.079	0.072
0.028	0.117	0.690	0.165
0.074	0.076	0.785	0.065
0.048	0.067	0.858	0.027
0.627	0.180	0.030	0.163
0.133	0.060	0.075	0.732
0.116	0.068	0.015	0.801
0.700	0.050	0.160	0.090
>TAGCCCTG	8-TAGCCCTG	6.886601	-135.686911	0	T:2788.0(22.26%),B:6116.2(16.63%),P:1e-58	Tpos:287.4,Tstd:230.3,Bpos:233.2,Bstd:145.5,StrandBias:-0.0,Multiplicity:1.14
0.001	0.001	0.001	0.997
0.834	0.040	0.001	0.125
0.001	0.001	0.997	0.001
0.001	0.855	0.143	0.001
0.001	0.997	0.001	0.001
0.001	0.852	0.001	0.146
0.001	0.029	0.001	0.969
0.001	0.001	0.997	0.001
>GATYTCKC	9-GATYTCKC	5.891399	-128.573124	0	T:3911.0(31.23%),B:9178.2(24.96%),P:1e-55	Tpos:289.4,Tstd:241.0,Bpos:235.1,Bstd:142.9,StrandBias:-0.0,Multiplicity:1.38
0.072	0.020	0.851	0.057
0.615	0.045	0.339	0.001
0.299	0.025	0.086	0.590
0.126	0.384	0.001	0.489
0.034	0.070	0.062	0.834
0.181	0.448	0.232	0.139
0.111	0.215	0.263	0.412
0.066	0.597	0.336	0.001
>AGATAAGM	10-AGATAAGM	7.237157	-114.845795	0	T:1819.0(14.53%),B:3771.2(10.26%),P:1e-49	Tpos:303.5,Tstd:264.9,Bpos:235.6,Bstd:137.0,StrandBias:-0.0,Multiplicity:1.15
0.997	0.001	0.001	0.001
0.001	0.001	0.997	0.001
0.997	0.001	0.001	0.001
0.001	0.001	0.001	0.997
0.820	0.079	0.001	0.100
0.984	0.014	0.001	0.001
0.001	0.001	0.997	0.001
0.396	0.277	0.244	0.083
>GGACTACA	11-GGACTACA	7.798412	-106.004661	0	T:1775.0(14.17%),B:3717.0(10.11%),P:1e-46	Tpos:294.3,Tstd:232.3,Bpos:235.3,Bstd:150.1,StrandBias:0.0,Multiplicity:1.12
0.336	0.001	0.662	0.001
0.322	0.139	0.538	0.001
0.418	0.167	0.199	0.216
0.001	0.835	0.001	0.163
0.001	0.001	0.033	0.965
0.997	0.001	0.001	0.001
0.109	0.889	0.001	0.001
0.689	0.081	0.229	0.001
>GGCGTAAA	12-GGCGTAAA	4.556973	-104.276522	0	T:2282.0(18.22%),B:5029.7(13.68%),P:1e-45	Tpos:302.9,Tstd:267.1,Bpos:233.3,Bstd:148.5,StrandBias:-0.0,Multiplicity:1.14
0.214	0.125	0.485	0.176
0.116	0.164	0.538	0.182
0.021	0.725	0.141	0.113
0.129	0.118	0.604	0.149
0.120	0.146	0.262	0.472
0.607	0.052	0.193	0.148
0.511	0.135	0.218	0.136
0.574	0.197	0.097	0.132
>AAACAAAA	13-AAACAAAA	10.659272	-103.402566	0	T:2051.0(16.38%),B:4438.5(12.07%),P:1e-44	Tpos:286.4,Tstd:246.1,Bpos:238.2,Bstd:162.3,StrandBias:0.2,Multiplicity:1.89
0.997	0.001	0.001	0.001
0.997	0.001	0.001	0.001
0.884	0.114	0.001	0.001
0.001	0.997	0.001	0.001
0.820	0.178	0.001	0.001
0.997	0.001	0.001	0.001
0.910	0.056	0.001	0.033
0.997	0.001	0.001	0.001
>GATGATAA	14-GATGATAA	8.236954	-87.958431	0	T:327.0(2.61%),B:427.0(1.16%),P:1e-38	Tpos:285.8,Tstd:345.4,Bpos:241.0,Bstd:136.3,StrandBias:0.1,Multiplicity:1.01
0.100	0.100	0.700	0.100
0.700	0.100	0.100	0.100
0.100	0.100	0.100	0.700
0.100	0.100	0.700	0.100
0.700	0.100	0.100	0.100
0.100	0.100	0.100	0.700
0.700	0.100	0.100	0.100
0.700	0.100	0.100	0.100
>GYCCCGCC	15-GYCCCGCC	7.094554	-83.866333	0	T:2847.0(22.73%),B:6702.8(18.23%),P:1e-36	Tpos:292.9,Tstd:241.9,Bpos:222.1,Bstd:141.4,StrandBias:-0.0,Multiplicity:1.63
0.230	0.001	0.767	0.002
0.235	0.352	0.002	0.412
0.056	0.595	0.001	0.348
0.039	0.816	0.002	0.143
0.075	0.923	0.001	0.001
0.212	0.001	0.786	0.001
0.001	0.969	0.001	0.029
0.001	0.997	0.001	0.001
>CTTATAAT	16-CTTATAAT	9.231411	-83.802227	0	T:494.0(3.94%),B:779.3(2.12%),P:1e-36	Tpos:295.1,Tstd:236.0,Bpos:233.6,Bstd:137.4,StrandBias:-0.1,Multiplicity:1.04
0.001	0.997	0.001	0.001
0.001	0.211	0.001	0.787
0.001	0.001	0.001	0.997
0.997	0.001	0.001	0.001
0.001	0.001	0.001	0.997
0.997	0.001	0.001	0.001
0.997	0.001	0.001	0.001
0.001	0.001	0.246	0.752
>CATTCCCW	17-CATTCCCW	4.197841	-82.534971	0	T:2860.0(22.84%),B:6750.6(18.36%),P:1e-35	Tpos:296.4,Tstd:246.0,Bpos:233.4,Bstd:138.9,StrandBias:-0.1,Multiplicity:1.16
0.006	0.938	0.055	0.001
0.997	0.001	0.001	0.001
0.001	0.004	0.001	0.994
0.001	0.001	0.001	0.997
0.001	0.997	0.001	0.001
0.001	0.610	0.388	0.001
0.001	0.997	0.001	0.001
0.549	0.001	0.001	0.449
>ATCTGAAT	18-ATCTGAAT	8.236954	-75.387175	0	T:330.0(2.64%),B:464.6(1.26%),P:1e-32	Tpos:299.5,Tstd:251.0,Bpos:230.3,Bstd:136.6,StrandBias:0.1,Multiplicity:1.01
0.700	0.100	0.100	0.100
0.100	0.100	0.100	0.700
0.100	0.700	0.100	0.100
0.100	0.100	0.100	0.700
0.100	0.100	0.700	0.100
0.700	0.100	0.100	0.100
0.700	0.100	0.100	0.100
0.100	0.100	0.100	0.700
>KCYGTGAA	19-KCYGTGAA	8.337499	-69.549038	0	T:1059.0(8.46%),B:2164.8(5.89%),P:1e-30	Tpos:279.6,Tstd:299.1,Bpos:234.3,Bstd:137.4,StrandBias:-0.1,Multiplicity:1.03
0.001	0.001	0.437	0.561
0.079	0.919	0.001	0.001
0.001	0.360	0.201	0.437
0.001	0.001	0.997	0.001
0.001	0.101	0.001	0.897
0.099	0.080	0.555	0.266
0.734	0.116	0.001	0.149
0.997	0.001	0.001	0.001
>CTGAACCT	20-CTGAACCT	8.236954	-67.682849	0	T:533.0(4.26%),B:925.0(2.52%),P:1e-29	Tpos:271.0,Tstd:233.5,Bpos:234.2,Bstd:137.5,StrandBias:0.1,Multiplicity:1.22
0.100	0.700	0.100	0.100
0.100	0.100	0.100	0.700
0.100	0.100	0.700	0.100
0.700	0.100	0.100	0.100
0.700	0.100	0.100	0.100
0.100	0.700	0.100	0.100
0.100	0.700	0.100	0.100
0.100	0.100	0.100	0.700
>ATAGCYMA	21-ATAGCYMA	8.386820	-62.485337	0	T:654.0(5.22%),B:1226.3(3.33%),P:1e-27	Tpos:286.0,Tstd:228.5,Bpos:238.4,Bstd:135.3,StrandBias:-0.0,Multiplicity:1.05
0.615	0.383	0.001	0.001
0.001	0.001	0.151	0.847
0.709	0.289	0.001	0.001
0.001	0.001	0.997	0.001
0.001	0.997	0.001	0.001
0.153	0.429	0.096	0.321
0.570	0.428	0.001	0.001
0.997	0.001	0.001	0.001
>CCCAAYTA	22-CCCAAYTA	7.948626	-49.324587	0	T:685.0(5.47%),B:1372.6(3.73%),P:1e-21	Tpos:270.7,Tstd:217.5,Bpos:232.3,Bstd:143.6,StrandBias:0.2,Multiplicity:1.10
0.316	0.643	0.001	0.040
0.001	0.929	0.069	0.001
0.001	0.591	0.164	0.244
0.774	0.040	0.185	0.001
0.784	0.001	0.001	0.214
0.001	0.560	0.001	0.438
0.001	0.123	0.001	0.875
0.997	0.001	0.001	0.001
>TATGCAAA	23-TATGCAAA	8.065372	-49.220990	0	T:497.0(3.97%),B:924.0(2.51%),P:1e-21	Tpos:325.4,Tstd:285.6,Bpos:231.0,Bstd:140.1,StrandBias:0.2,Multiplicity:1.09
0.001	0.001	0.001	0.997
0.997	0.001	0.001	0.001
0.001	0.059	0.001	0.939
0.001	0.001	0.997	0.001
0.001	0.997	0.001	0.001
0.838	0.001	0.001	0.160
0.997	0.001	0.001	0.001
0.997	0.001	0.001	0.001
>ACTAAGTT	24-ACTAAGTT	8.756687	-46.158760	0	T:286.0(2.28%),B:461.4(1.25%),P:1e-20	Tpos:274.8,Tstd:203.8,Bpos:248.8,Bstd:155.2,StrandBias:0.2,Multiplicity:1.02
0.997	0.001	0.001	0.001
0.001	0.997	0.001	0.001
0.001	0.001	0.099	0.899
0.997	0.001	0.001	0.001
0.997	0.001	0.001	0.001
0.001	0.001	0.997	0.001
0.001	0.001	0.001	0.997
0.001	0.001	0.001	0.997
>GACATTGG	25-GACATTGG	8.236954	-42.512470	0	T:274.0(2.19%),B:448.7(1.22%),P:1e-18	Tpos:306.8,Tstd:267.0,Bpos:237.6,Bstd:135.6,StrandBias:-0.4,Multiplicity:1.02
0.100	0.100	0.700	0.100
0.700	0.100	0.100	0.100
0.100	0.700	0.100	0.100
0.700	0.100	0.100	0.100
0.100	0.100	0.100	0.700
0.100	0.100	0.100	0.700
0.100	0.100	0.700	0.100
0.100	0.100	0.700	0.100
