>AGATAAGR	1-AGATAAGR	5.762928	-71.691091	0	T:154.0(24.76%),B:4209.6(8.84%),P:1e-31	Tpos:277.3,Tstd:464.5,Bpos:209.1,Bstd:124.0,StrandBias:-0.6,Multiplicity:1.37
0.997	0.001	0.001	0.001
0.001	0.001	0.997	0.001
0.997	0.001	0.001	0.001
0.001	0.001	0.001	0.997
0.705	0.001	0.001	0.293
0.997	0.001	0.001	0.001
0.001	0.221	0.777	0.001
0.534	0.009	0.456	0.001
>AGGAATGT	2-AGGAATGT	6.928827	-53.399058	0	T:161.0(25.88%),B:5383.4(11.31%),P:1e-23	Tpos:273.6,Tstd:422.2,Bpos:209.4,Bstd:126.4,StrandBias:-0.1,Multiplicity:1.39
0.520	0.370	0.038	0.072
0.143	0.067	0.788	0.002
0.038	0.008	0.797	0.157
0.777	0.052	0.098	0.073
0.828	0.080	0.048	0.044
0.055	0.026	0.001	0.918
0.024	0.026	0.777	0.173
0.032	0.173	0.044	0.751
>ATGACTCA	3-ATGACTCA	8.416488	-51.738061	0	T:119.0(19.13%),B:3349.7(7.04%),P:1e-22	Tpos:229.4,Tstd:216.8,Bpos:202.7,Bstd:122.1,StrandBias:-0.2,Multiplicity:1.11
0.578	0.156	0.265	0.001
0.001	0.001	0.001	0.997
0.001	0.001	0.987	0.011
0.997	0.001	0.001	0.001
0.129	0.680	0.190	0.001
0.011	0.001	0.005	0.983
0.027	0.971	0.001	0.001
0.988	0.001	0.010	0.001
>GAATTCCT	4-GAATTCCT	6.040739	-38.252199	0	T:121.0(19.45%),B:4088.8(8.59%),P:1e-16	Tpos:335.1,Tstd:523.4,Bpos:209.1,Bstd:126.4,StrandBias:-0.0,Multiplicity:1.15
0.001	0.001	0.997	0.001
0.965	0.033	0.001	0.001
0.997	0.001	0.001	0.001
0.001	0.001	0.001	0.997
0.001	0.001	0.001	0.997
0.001	0.997	0.001	0.001
0.001	0.926	0.001	0.072
0.213	0.001	0.001	0.785
>TATGGCGA	5-TATGGCGA	6.861359	-24.887221	0	T:19.0(3.05%),B:187.9(0.39%),P:1e-10	Tpos:460.4,Tstd:434.4,Bpos:209.6,Bstd:146.8,StrandBias:0.7,Multiplicity:3.26
0.001	0.001	0.001	0.997
0.997	0.001	0.001	0.001
0.001	0.001	0.001	0.997
0.001	0.001	0.982	0.016
0.001	0.001	0.927	0.071
0.001	0.997	0.001	0.001
0.001	0.001	0.997	0.001
0.997	0.001	0.001	0.001
>CTACTAAT	6-CTACTAAT	8.588460	-23.144273	0	T:33.0(5.31%),B:650.7(1.37%),P:1e-10	Tpos:435.7,Tstd:594.5,Bpos:203.3,Bstd:125.5,StrandBias:0.0,Multiplicity:1.12
0.001	0.997	0.001	0.001
0.001	0.001	0.001	0.997
0.997	0.001	0.001	0.001
0.001	0.860	0.138	0.001
0.001	0.001	0.097	0.901
0.997	0.001	0.001	0.001
0.997	0.001	0.001	0.001
0.001	0.001	0.001	0.997
>CGCAATTC	7-CGCAATTC	8.410925	-23.041163	0	T:30.0(4.82%),B:545.5(1.15%),P:1e-10	Tpos:284.5,Tstd:401.6,Bpos:207.6,Bstd:122.2,StrandBias:0.9,Multiplicity:1.03
0.001	0.753	0.245	0.001
0.001	0.001	0.997	0.001
0.001	0.997	0.001	0.001
0.814	0.001	0.001	0.184
0.997	0.001	0.001	0.001
0.160	0.001	0.001	0.838
0.001	0.400	0.001	0.598
0.001	0.997	0.001	0.001
>AGGGCGTG	8-AGGGCGTG	7.498820	-22.404160	0	T:102.0(16.40%),B:4060.3(8.53%),P:1e-9	Tpos:246.0,Tstd:350.5,Bpos:204.9,Bstd:130.5,StrandBias:0.3,Multiplicity:1.11
0.858	0.001	0.001	0.140
0.022	0.021	0.956	0.001
0.001	0.256	0.742	0.001
0.202	0.001	0.796	0.001
0.198	0.602	0.004	0.196
0.001	0.001	0.976	0.022
0.001	0.001	0.003	0.995
0.001	0.004	0.713	0.282
>GCATGATT	9-GCATGATT	8.415112	-18.782854	0	T:53.0(8.52%),B:1684.9(3.54%),P:1e-8	Tpos:276.7,Tstd:302.5,Bpos:209.9,Bstd:122.8,StrandBias:0.0,Multiplicity:1.24
0.016	0.225	0.744	0.015
0.063	0.912	0.012	0.013
0.675	0.281	0.007	0.037
0.001	0.015	0.058	0.926
0.017	0.001	0.808	0.174
0.980	0.001	0.018	0.001
0.001	0.023	0.001	0.975
0.008	0.001	0.014	0.977
>TTCCTAAA	10-TTCCTAAA	8.570072	-18.593171	0	T:67.0(10.77%),B:2408.4(5.06%),P:1e-8	Tpos:330.4,Tstd:451.2,Bpos:213.7,Bstd:125.8,StrandBias:0.1,Multiplicity:1.11
0.001	0.001	0.103	0.895
0.001	0.001	0.001	0.997
0.001	0.754	0.244	0.001
0.001	0.997	0.001	0.001
0.001	0.001	0.001	0.997
0.997	0.001	0.001	0.001
0.877	0.121	0.001	0.001
0.997	0.001	0.001	0.001
>ATSTASTA	11-ATSTASTA	9.762727	-17.617406	0	T:29.0(4.66%),B:653.1(1.37%),P:1e-7	Tpos:230.1,Tstd:172.0,Bpos:207.5,Bstd:121.2,StrandBias:0.2,Multiplicity:1.00
0.997	0.001	0.001	0.001
0.001	0.001	0.001	0.997
0.001	0.489	0.509	0.001
0.001	0.001	0.001	0.997
0.997	0.001	0.001	0.001
0.001	0.446	0.552	0.001
0.001	0.001	0.001	0.997
0.997	0.001	0.001	0.001
>AGATARCG	12-AGATARCG	5.927156	-17.172238	0	T:159.0(25.56%),B:8054.7(16.92%),P:1e-7	Tpos:282.0,Tstd:425.0,Bpos:210.4,Bstd:127.3,StrandBias:0.1,Multiplicity:1.16
0.850	0.128	0.001	0.021
0.001	0.003	0.940	0.056
0.988	0.001	0.010	0.001
0.001	0.001	0.001	0.997
0.907	0.050	0.042	0.001
0.541	0.010	0.438	0.011
0.187	0.494	0.001	0.318
0.013	0.147	0.810	0.030
>AAAACGTG	13-AAAACGTG	8.236954	-16.443247	0	T:18.0(2.89%),B:284.2(0.60%),P:1e-7	Tpos:435.1,Tstd:360.1,Bpos:202.5,Bstd:141.9,StrandBias:0.0,Multiplicity:2.82
0.700	0.100	0.100	0.100
0.700	0.100	0.100	0.100
0.700	0.100	0.100	0.100
0.700	0.100	0.100	0.100
0.100	0.700	0.100	0.100
0.100	0.100	0.700	0.100
0.100	0.100	0.100	0.700
0.100	0.100	0.700	0.100
>AACTTACT	14-AACTTACT	10.868281	-16.387418	0	T:26.0(4.18%),B:572.2(1.20%),P:1e-7	Tpos:295.2,Tstd:309.3,Bpos:206.5,Bstd:124.0,StrandBias:0.0,Multiplicity:1.00
0.845	0.001	0.001	0.153
0.997	0.001	0.001	0.001
0.001	0.997	0.001	0.001
0.001	0.001	0.001	0.997
0.001	0.001	0.001	0.997
0.997	0.001	0.001	0.001
0.001	0.997	0.001	0.001
0.001	0.001	0.033	0.965
>TAAGCTCG	15-TAAGCTCG	8.194413	-16.305835	0	T:38.0(6.11%),B:1089.7(2.29%),P:1e-7	Tpos:221.9,Tstd:158.4,Bpos:213.5,Bstd:131.5,StrandBias:0.2,Multiplicity:1.00
0.001	0.001	0.001	0.997
0.743	0.255	0.001	0.001
0.775	0.223	0.001	0.001
0.036	0.001	0.962	0.001
0.001	0.997	0.001	0.001
0.145	0.213	0.001	0.641
0.001	0.841	0.001	0.157
0.001	0.001	0.997	0.001
>GGGTGGGG	16-GGGTGGGG	7.790910	-16.092181	0	T:135.0(21.70%),B:6638.8(13.95%),P:1e-6	Tpos:303.9,Tstd:516.0,Bpos:209.3,Bstd:127.6,StrandBias:0.0,Multiplicity:1.44
0.001	0.001	0.997	0.001
0.001	0.001	0.835	0.163
0.001	0.001	0.997	0.001
0.001	0.001	0.001	0.997
0.001	0.001	0.997	0.001
0.001	0.045	0.874	0.080
0.001	0.001	0.997	0.001
0.001	0.001	0.997	0.001
>TGTAGGAC	17-TGTAGGAC	10.980491	-14.940880	0	T:21.0(3.38%),B:422.5(0.89%),P:1e-6	Tpos:371.4,Tstd:297.2,Bpos:209.0,Bstd:120.9,StrandBias:0.8,Multiplicity:2.86
0.001	0.001	0.083	0.915
0.001	0.001	0.997	0.001
0.001	0.001	0.001	0.997
0.997	0.001	0.001	0.001
0.001	0.001	0.997	0.001
0.001	0.001	0.997	0.001
0.997	0.001	0.001	0.001
0.001	0.997	0.001	0.001
>GCCTGGGG	18-GCCTGGGG	7.537026	-14.616745	0	T:67.0(10.77%),B:2685.7(5.64%),P:1e-6	Tpos:181.7,Tstd:132.4,Bpos:207.1,Bstd:132.3,StrandBias:0.7,Multiplicity:1.11
0.001	0.001	0.997	0.001
0.001	0.997	0.001	0.001
0.001	0.997	0.001	0.001
0.001	0.001	0.001	0.997
0.275	0.001	0.723	0.001
0.001	0.106	0.892	0.001
0.001	0.001	0.997	0.001
0.001	0.001	0.997	0.001
>TTHCTAAC	19-TTHCTAAC	7.636483	-13.832744	0	T:61.0(9.81%),B:2411.3(5.07%),P:1e-6	Tpos:428.6,Tstd:822.3,Bpos:210.1,Bstd:126.0,StrandBias:-0.2,Multiplicity:1.30
0.341	0.001	0.010	0.648
0.302	0.001	0.001	0.696
0.405	0.275	0.005	0.315
0.242	0.756	0.001	0.001
0.005	0.001	0.038	0.956
0.994	0.004	0.001	0.001
0.645	0.001	0.001	0.353
0.001	0.710	0.288	0.001
>TTATTCTA	20-TTATTCTA	7.497776	-13.481442	0	T:39.0(6.27%),B:1274.1(2.68%),P:1e-5	Tpos:299.9,Tstd:523.1,Bpos:212.6,Bstd:130.2,StrandBias:-0.1,Multiplicity:1.03
0.001	0.001	0.001	0.997
0.001	0.001	0.001	0.997
0.997	0.001	0.001	0.001
0.001	0.001	0.098	0.900
0.001	0.001	0.001	0.997
0.001	0.997	0.001	0.001
0.001	0.001	0.286	0.712
0.997	0.001	0.001	0.001
>CTTACAAT	21-CTTACAAT	10.970606	-11.564716	0	T:20.0(3.22%),B:484.3(1.02%),P:1e-5	Tpos:211.2,Tstd:164.8,Bpos:206.4,Bstd:124.4,StrandBias:-0.3,Multiplicity:1.00
0.001	0.906	0.092	0.001
0.001	0.001	0.001	0.997
0.001	0.001	0.001	0.997
0.997	0.001	0.001	0.001
0.001	0.997	0.001	0.001
0.997	0.001	0.001	0.001
0.997	0.001	0.001	0.001
0.001	0.001	0.001	0.997
>TTAAACTG	22-TTAAACTG	6.308247	-7.297150	0	T:69.0(11.09%),B:3542.2(7.44%),P:1e-3	Tpos:316.2,Tstd:342.0,Bpos:213.5,Bstd:127.8,StrandBias:0.6,Multiplicity:1.76
0.001	0.001	0.229	0.769
0.158	0.001	0.001	0.840
0.997	0.001	0.001	0.001
0.997	0.001	0.001	0.001
0.997	0.001	0.001	0.001
0.001	0.997	0.001	0.001
0.001	0.001	0.070	0.928
0.001	0.001	0.997	0.001
>CAGTGTTT	23-CAGTGTTT	8.236954	-6.382569	0	T:30.0(4.82%),B:1271.6(2.67%),P:1e-2	Tpos:376.6,Tstd:352.8,Bpos:207.6,Bstd:118.0,StrandBias:0.7,Multiplicity:1.86
0.100	0.700	0.100	0.100
0.700	0.100	0.100	0.100
0.100	0.100	0.700	0.100
0.100	0.100	0.100	0.700
0.100	0.100	0.700	0.100
0.100	0.100	0.100	0.700
0.100	0.100	0.100	0.700
0.100	0.100	0.100	0.700
>TTTYYCGT	24-TTTYYCGT	6.864979	-4.342678	0	T:17.0(2.73%),B:705.2(1.48%),P:1e-1	Tpos:585.6,Tstd:960.0,Bpos:209.5,Bstd:145.2,StrandBias:-1.9,Multiplicity:1.65
0.110	0.167	0.032	0.691
0.120	0.079	0.099	0.702
0.061	0.101	0.041	0.797
0.096	0.344	0.145	0.414
0.157	0.315	0.082	0.446
0.003	0.995	0.001	0.001
0.355	0.091	0.553	0.001
0.075	0.205	0.193	0.527
>TCTCATTT	25-TCTCATTT	8.236954	-2.401789	0	T:24.0(3.86%),B:1364.4(2.87%),P:1e-1	Tpos:441.4,Tstd:366.0,Bpos:200.9,Bstd:124.3,StrandBias:-0.4,Multiplicity:3.79
0.100	0.100	0.100	0.700
0.100	0.700	0.100	0.100
0.100	0.100	0.100	0.700
0.100	0.700	0.100	0.100
0.700	0.100	0.100	0.100
0.100	0.100	0.100	0.700
0.100	0.100	0.100	0.700
0.100	0.100	0.100	0.700
