>YCCGCCCH	1-YCCGCCCH	8.005242	-200.163711	0	T:2190.0(28.77%),B:8034.4(19.32%),P:1e-86	Tpos:290.8,Tstd:206.1,Bpos:205.5,Bstd:135.5,StrandBias:-0.0,Multiplicity:1.59
0.071	0.426	0.001	0.502
0.117	0.825	0.017	0.041
0.035	0.911	0.053	0.001
0.071	0.043	0.822	0.064
0.045	0.849	0.080	0.026
0.015	0.933	0.031	0.021
0.039	0.741	0.009	0.211
0.421	0.273	0.011	0.296
>CCACGCCC	2-CCACGCCC	7.705578	-155.814515	0	T:1553.0(20.40%),B:5481.9(13.18%),P:1e-67	Tpos:287.5,Tstd:205.8,Bpos:213.2,Bstd:137.5,StrandBias:0.0,Multiplicity:1.33
0.001	0.952	0.001	0.046
0.058	0.940	0.001	0.001
0.997	0.001	0.001	0.001
0.001	0.997	0.001	0.001
0.293	0.001	0.705	0.001
0.001	0.997	0.001	0.001
0.001	0.997	0.001	0.001
0.001	0.881	0.001	0.117
>CCTTAGGC	3-CCTTAGGC	6.653164	-135.112495	0	T:2319.0(30.46%),B:9322.1(22.42%),P:1e-58	Tpos:299.5,Tstd:208.9,Bpos:228.9,Bstd:140.8,StrandBias:-0.1,Multiplicity:1.26
0.001	0.997	0.001	0.001
0.001	0.943	0.001	0.055
0.001	0.131	0.019	0.849
0.048	0.292	0.184	0.477
0.980	0.018	0.001	0.001
0.025	0.017	0.957	0.001
0.012	0.001	0.986	0.001
0.023	0.941	0.022	0.014
>CCCGCCTA	4-CCCGCCTA	5.971560	-127.049047	0	T:3663.0(48.12%),B:16312.6(39.23%),P:1e-55	Tpos:290.3,Tstd:210.2,Bpos:213.9,Bstd:138.9,StrandBias:0.0,Multiplicity:1.88
0.111	0.641	0.037	0.211
0.062	0.774	0.110	0.054
0.105	0.800	0.059	0.036
0.032	0.100	0.772	0.096
0.072	0.831	0.034	0.063
0.034	0.832	0.054	0.080
0.038	0.249	0.017	0.696
0.655	0.206	0.001	0.138
>GGTGGRGC	5-GGTGGRGC	10.243786	-125.823789	0	T:1141.0(14.99%),B:3892.5(9.36%),P:1e-54	Tpos:278.6,Tstd:217.3,Bpos:220.3,Bstd:135.4,StrandBias:-0.0,Multiplicity:1.14
0.001	0.001	0.997	0.001
0.001	0.001	0.997	0.001
0.001	0.001	0.001	0.997
0.001	0.001	0.997	0.001
0.001	0.001	0.997	0.001
0.560	0.001	0.438	0.001
0.001	0.001	0.997	0.001
0.001	0.997	0.001	0.001
>GAATTCCG	6-GAATTCCG	6.033332	-109.899595	0	T:1419.0(18.64%),B:5297.4(12.74%),P:1e-47	Tpos:278.9,Tstd:228.9,Bpos:225.0,Bstd:145.3,StrandBias:0.0,Multiplicity:1.19
0.033	0.009	0.922	0.036
0.902	0.061	0.036	0.001
0.966	0.024	0.001	0.009
0.001	0.037	0.020	0.942
0.001	0.025	0.016	0.958
0.006	0.959	0.025	0.010
0.192	0.720	0.031	0.057
0.188	0.089	0.654	0.069
>GCCAATCA	7-GCCAATCA	6.778276	-108.192823	0	T:1167.0(15.33%),B:4161.8(10.01%),P:1e-46	Tpos:296.3,Tstd:219.9,Bpos:196.4,Bstd:128.5,StrandBias:0.1,Multiplicity:1.34
0.158	0.038	0.687	0.117
0.001	0.997	0.001	0.001
0.014	0.938	0.026	0.022
0.997	0.001	0.001	0.001
0.955	0.021	0.023	0.001
0.001	0.001	0.001	0.997
0.013	0.937	0.049	0.001
0.767	0.130	0.102	0.001
>TGACCTTG	8-TGACCTTG	8.815527	-97.437854	0	T:442.0(5.81%),B:1179.3(2.84%),P:1e-42	Tpos:293.0,Tstd:222.1,Bpos:227.3,Bstd:136.7,StrandBias:-0.1,Multiplicity:1.07
0.001	0.105	0.001	0.893
0.001	0.001	0.997	0.001
0.997	0.001	0.001	0.001
0.001	0.997	0.001	0.001
0.001	0.997	0.001	0.001
0.001	0.001	0.001	0.997
0.001	0.001	0.001	0.997
0.001	0.001	0.997	0.001
>ATTAGCAT	9-ATTAGCAT	8.820036	-94.391022	0	T:451.0(5.92%),B:1229.4(2.96%),P:1e-40	Tpos:296.6,Tstd:236.1,Bpos:214.7,Bstd:141.1,StrandBias:0.3,Multiplicity:1.12
0.776	0.001	0.001	0.222
0.001	0.001	0.001	0.997
0.001	0.001	0.001	0.997
0.756	0.001	0.001	0.242
0.232	0.001	0.766	0.001
0.001	0.997	0.001	0.001
0.997	0.001	0.001	0.001
0.230	0.001	0.001	0.768
>ACAATAGA	10-ACAATAGA	9.603277	-86.070661	0	T:261.0(3.43%),B:575.1(1.38%),P:1e-37	Tpos:275.6,Tstd:189.6,Bpos:220.0,Bstd:146.5,StrandBias:0.2,Multiplicity:1.09
0.997	0.001	0.001	0.001
0.001	0.997	0.001	0.001
0.899	0.001	0.001	0.099
0.997	0.001	0.001	0.001
0.001	0.001	0.001	0.997
0.997	0.001	0.001	0.001
0.001	0.001	0.997	0.001
0.742	0.256	0.001	0.001
>TTAAGCCT	11-TTAAGCCT	5.675113	-62.883350	0	T:2149.0(28.23%),B:9497.9(22.84%),P:1e-27	Tpos:283.9,Tstd:240.7,Bpos:225.3,Bstd:141.9,StrandBias:-0.0,Multiplicity:1.25
0.059	0.074	0.108	0.759
0.053	0.070	0.144	0.733
0.694	0.018	0.068	0.220
0.861	0.043	0.045	0.051
0.114	0.099	0.731	0.056
0.090	0.741	0.072	0.097
0.113	0.688	0.145	0.054
0.041	0.054	0.109	0.796
>WGKAATGC	12-WGKAATGC	8.370514	-60.342364	0	T:411.0(5.40%),B:1274.1(3.06%),P:1e-26	Tpos:271.7,Tstd:233.9,Bpos:217.6,Bstd:140.4,StrandBias:0.0,Multiplicity:1.12
0.465	0.001	0.001	0.533
0.001	0.001	0.697	0.301
0.001	0.209	0.465	0.325
0.697	0.001	0.001	0.301
0.997	0.001	0.001	0.001
0.001	0.001	0.001	0.997
0.208	0.001	0.790	0.001
0.001	0.997	0.001	0.001
>ACCGGTTT	13-ACCGGTTT	4.803526	-59.317687	0	T:3240.0(42.56%),B:15240.7(36.65%),P:1e-25	Tpos:286.8,Tstd:246.4,Bpos:230.5,Bstd:150.6,StrandBias:0.1,Multiplicity:1.37
0.632	0.134	0.124	0.110
0.083	0.753	0.075	0.089
0.052	0.797	0.124	0.027
0.058	0.077	0.815	0.050
0.102	0.076	0.734	0.088
0.095	0.097	0.049	0.759
0.063	0.159	0.039	0.739
0.084	0.083	0.056	0.777
>GGCGTWWC	14-GGCGTWWC	5.799014	-59.080293	0	T:1675.0(22.00%),B:7181.8(17.27%),P:1e-25	Tpos:293.1,Tstd:238.3,Bpos:224.7,Bstd:151.1,StrandBias:-0.1,Multiplicity:1.24
0.001	0.369	0.629	0.001
0.106	0.001	0.892	0.001
0.001	0.997	0.001	0.001
0.001	0.001	0.997	0.001
0.403	0.016	0.001	0.580
0.407	0.001	0.159	0.433
0.439	0.001	0.001	0.559
0.237	0.539	0.001	0.223
>CCTATTSD	15-CCTATTSD	7.780253	-58.382916	0	T:464.0(6.09%),B:1509.6(3.63%),P:1e-25	Tpos:283.9,Tstd:242.5,Bpos:219.2,Bstd:137.9,StrandBias:0.2,Multiplicity:1.08
0.001	0.735	0.263	0.001
0.001	0.753	0.001	0.245
0.001	0.001	0.001	0.997
0.997	0.001	0.001	0.001
0.001	0.001	0.370	0.628
0.001	0.001	0.001	0.997
0.159	0.351	0.489	0.001
0.345	0.001	0.302	0.353
>RCTAATTA	16-RCTAATTA	8.016530	-56.551938	0	T:246.0(3.23%),B:646.9(1.56%),P:1e-24	Tpos:287.8,Tstd:256.6,Bpos:224.4,Bstd:155.3,StrandBias:0.1,Multiplicity:1.04
0.461	0.001	0.537	0.001
0.001	0.769	0.229	0.001
0.001	0.187	0.224	0.588
0.719	0.093	0.001	0.187
0.997	0.001	0.001	0.001
0.001	0.130	0.001	0.868
0.001	0.001	0.001	0.997
0.691	0.307	0.001	0.001
>GGGTGKGW	17-GGGTGKGW	8.559661	-50.052515	0	T:1033.0(13.57%),B:4187.2(10.07%),P:1e-21	Tpos:285.5,Tstd:242.8,Bpos:225.8,Bstd:135.0,StrandBias:-0.1,Multiplicity:1.12
0.001	0.184	0.814	0.001
0.001	0.001	0.915	0.083
0.001	0.001	0.869	0.129
0.001	0.001	0.001	0.997
0.118	0.096	0.785	0.001
0.001	0.001	0.428	0.570
0.340	0.001	0.658	0.001
0.558	0.001	0.001	0.440
>GTAAATTC	18-GTAAATTC	4.293624	-48.438602	0	T:730.0(9.59%),B:2784.1(6.70%),P:1e-21	Tpos:279.5,Tstd:237.7,Bpos:230.9,Bstd:144.6,StrandBias:0.0,Multiplicity:1.17
0.001	0.001	0.997	0.001
0.001	0.001	0.001	0.997
0.997	0.001	0.001	0.001
0.997	0.001	0.001	0.001
0.843	0.008	0.001	0.148
0.001	0.168	0.001	0.830
0.150	0.005	0.001	0.844
0.001	0.997	0.001	0.001
>STCTTTTA	19-STCTTTTA	6.104236	-48.131924	0	T:916.0(12.03%),B:3657.2(8.79%),P:1e-20	Tpos:282.9,Tstd:242.6,Bpos:225.8,Bstd:143.7,StrandBias:-0.0,Multiplicity:1.11
0.001	0.442	0.556	0.001
0.001	0.001	0.001	0.997
0.001	0.997	0.001	0.001
0.001	0.001	0.001	0.997
0.001	0.001	0.001	0.997
0.001	0.001	0.001	0.997
0.001	0.033	0.001	0.965
0.620	0.001	0.378	0.001
>CGCTTKCG	20-CGCTTKCG	5.450150	-46.314120	0	T:2757.0(36.21%),B:12979.0(31.21%),P:1e-20	Tpos:274.8,Tstd:218.3,Bpos:218.3,Bstd:143.5,StrandBias:0.0,Multiplicity:1.51
0.111	0.742	0.091	0.056
0.237	0.001	0.690	0.072
0.139	0.754	0.055	0.052
0.312	0.040	0.075	0.573
0.062	0.001	0.001	0.936
0.027	0.091	0.427	0.455
0.001	0.929	0.069	0.001
0.202	0.037	0.684	0.077
>GATTTGCT	21-GATTTGCT	7.190833	-42.097234	0	T:849.0(11.15%),B:3422.8(8.23%),P:1e-18	Tpos:282.8,Tstd:240.0,Bpos:221.5,Bstd:141.2,StrandBias:0.1,Multiplicity:1.09
0.001	0.001	0.714	0.284
0.997	0.001	0.001	0.001
0.200	0.001	0.001	0.798
0.061	0.001	0.001	0.937
0.001	0.394	0.001	0.604
0.258	0.166	0.575	0.001
0.001	0.919	0.079	0.001
0.001	0.180	0.186	0.633
>GAATGTTA	22-GAATGTTA	10.841166	-34.927251	0	T:116.0(1.52%),B:272.1(0.65%),P:1e-15	Tpos:255.5,Tstd:173.2,Bpos:213.1,Bstd:137.3,StrandBias:-0.1,Multiplicity:1.16
0.001	0.001	0.997	0.001
0.997	0.001	0.001	0.001
0.997	0.001	0.001	0.001
0.001	0.001	0.202	0.796
0.001	0.001	0.997	0.001
0.001	0.001	0.001	0.997
0.001	0.001	0.001	0.997
0.997	0.001	0.001	0.001
>ATAAGTGC	23-ATAAGTGC	8.236954	-33.069151	0	T:88.0(1.16%),B:184.9(0.44%),P:1e-14	Tpos:314.8,Tstd:343.0,Bpos:237.1,Bstd:135.9,StrandBias:-0.1,Multiplicity:1.00
0.700	0.100	0.100	0.100
0.100	0.100	0.100	0.700
0.700	0.100	0.100	0.100
0.700	0.100	0.100	0.100
0.100	0.100	0.700	0.100
0.100	0.100	0.100	0.700
0.100	0.100	0.700	0.100
0.100	0.700	0.100	0.100
>TTGGAACA	24-TTGGAACA	8.236954	-32.618612	0	T:168.0(2.21%),B:476.6(1.15%),P:1e-14	Tpos:249.4,Tstd:202.5,Bpos:224.3,Bstd:141.0,StrandBias:0.1,Multiplicity:1.01
0.100	0.100	0.100	0.700
0.100	0.100	0.100	0.700
0.100	0.100	0.700	0.100
0.100	0.100	0.700	0.100
0.700	0.100	0.100	0.100
0.700	0.100	0.100	0.100
0.100	0.700	0.100	0.100
0.700	0.100	0.100	0.100
>GTGTATGG	25-GTGTATGG	8.236954	-31.478537	0	T:136.0(1.79%),B:360.9(0.87%),P:1e-13	Tpos:256.9,Tstd:169.9,Bpos:233.8,Bstd:125.0,StrandBias:0.3,Multiplicity:1.03
0.100	0.100	0.700	0.100
0.100	0.100	0.100	0.700
0.100	0.100	0.700	0.100
0.100	0.100	0.100	0.700
0.700	0.100	0.100	0.100
0.100	0.100	0.100	0.700
0.100	0.100	0.700	0.100
0.100	0.100	0.700	0.100
