>TGAGTCAC	1-TGAGTCAC	9.408987	-1168.689785	0	T:9398.0(13.31%),B:5491.6(7.97%),P:1e-507	Tpos:918.6,Tstd:1280.1,Bpos:500.5,Bstd:298.1,StrandBias:0.0,Multiplicity:1.16
0.001	0.001	0.001	0.997
0.001	0.001	0.997	0.001
0.997	0.001	0.001	0.001
0.001	0.243	0.755	0.001
0.001	0.001	0.001	0.997
0.001	0.997	0.001	0.001
0.997	0.001	0.001	0.001
0.001	0.623	0.125	0.251
>GCCTCAGG	2-GCCTCAGG	8.382712	-704.471862	0	T:17704.0(25.08%),B:13324.2(19.33%),P:1e-305	Tpos:1031.3,Tstd:1350.0,Bpos:519.9,Bstd:306.6,StrandBias:0.0,Multiplicity:1.33
0.001	0.317	0.681	0.001
0.001	0.997	0.001	0.001
0.001	0.997	0.001	0.001
0.001	0.150	0.001	0.848
0.154	0.694	0.151	0.001
0.759	0.001	0.239	0.001
0.001	0.001	0.997	0.001
0.001	0.001	0.997	0.001
>AGAGGGCG	3-AGAGGGCG	10.746358	-637.977909	0	T:4454.0(6.31%),B:2457.9(3.57%),P:1e-277	Tpos:1033.0,Tstd:1221.0,Bpos:512.1,Bstd:308.8,StrandBias:-0.1,Multiplicity:1.09
0.997	0.001	0.001	0.001
0.001	0.001	0.997	0.001
0.997	0.001	0.001	0.001
0.001	0.001	0.997	0.001
0.001	0.001	0.997	0.001
0.001	0.001	0.997	0.001
0.001	0.997	0.001	0.001
0.274	0.001	0.724	0.001
>TKAGTCAC	4-TKAGTCAC	7.994570	-637.049467	0	T:8635.0(12.23%),B:5723.9(8.30%),P:1e-276	Tpos:1038.1,Tstd:1333.6,Bpos:503.3,Bstd:298.2,StrandBias:-0.0,Multiplicity:1.06
0.001	0.001	0.001	0.997
0.001	0.001	0.451	0.547
0.570	0.370	0.059	0.001
0.001	0.001	0.997	0.001
0.001	0.300	0.001	0.698
0.001	0.922	0.001	0.076
0.626	0.001	0.372	0.001
0.001	0.677	0.121	0.201
>SCCTVGGG	5-SCCTVGGG	7.442688	-537.489322	0	T:20546.0(29.10%),B:16373.7(23.75%),P:1e-233	Tpos:1097.1,Tstd:1394.5,Bpos:515.4,Bstd:306.6,StrandBias:0.0,Multiplicity:1.49
0.106	0.483	0.336	0.075
0.001	0.830	0.168	0.001
0.001	0.929	0.037	0.033
0.001	0.001	0.055	0.943
0.343	0.265	0.334	0.058
0.078	0.171	0.617	0.134
0.323	0.073	0.519	0.085
0.001	0.001	0.997	0.001
>GGGGGCGG	6-GGGGGCGG	8.236954	-336.047152	0	T:8633.0(12.23%),B:6405.9(9.29%),P:1e-145	Tpos:1244.7,Tstd:1308.4,Bpos:499.8,Bstd:308.8,StrandBias:0.0,Multiplicity:1.49
0.100	0.100	0.700	0.100
0.100	0.100	0.700	0.100
0.100	0.100	0.700	0.100
0.100	0.100	0.700	0.100
0.100	0.100	0.700	0.100
0.100	0.700	0.100	0.100
0.100	0.100	0.700	0.100
0.100	0.100	0.700	0.100
>GMATTCCG	7-GMATTCCG	6.357077	-297.601519	0	T:16624.0(23.55%),B:13672.5(19.83%),P:1e-129	Tpos:985.8,Tstd:1324.0,Bpos:504.4,Bstd:303.3,StrandBias:-0.0,Multiplicity:1.28
0.371	0.032	0.548	0.049
0.404	0.452	0.082	0.062
0.737	0.088	0.109	0.066
0.112	0.071	0.070	0.747
0.001	0.090	0.099	0.810
0.016	0.816	0.085	0.083
0.069	0.865	0.065	0.001
0.150	0.048	0.622	0.180
>AGMYCGBY	8-AGMYCGBY	6.881409	-222.716861	0	T:6636.0(9.40%),B:5013.0(7.27%),P:1e-96	Tpos:1165.4,Tstd:1241.5,Bpos:539.0,Bstd:325.9,StrandBias:-0.0,Multiplicity:1.26
0.816	0.044	0.067	0.073
0.170	0.059	0.717	0.054
0.426	0.521	0.022	0.031
0.078	0.491	0.009	0.422
0.034	0.839	0.086	0.041
0.001	0.143	0.759	0.097
0.107	0.335	0.352	0.206
0.001	0.513	0.043	0.443
>GCCGGGAG	9-GCCGGGAG	8.277030	-220.804478	0	T:14312.0(20.27%),B:11890.9(17.25%),P:1e-95	Tpos:1113.2,Tstd:1274.3,Bpos:522.0,Bstd:314.5,StrandBias:0.0,Multiplicity:1.43
0.139	0.184	0.572	0.105
0.001	0.983	0.001	0.015
0.001	0.952	0.046	0.001
0.001	0.024	0.619	0.356
0.014	0.026	0.959	0.001
0.355	0.001	0.643	0.001
0.954	0.001	0.044	0.001
0.041	0.001	0.957	0.001
>CGCGCGTT	10-CGCGCGTT	6.291044	-217.853075	0	T:9550.0(13.53%),B:7594.0(11.02%),P:1e-94	Tpos:1177.5,Tstd:1144.3,Bpos:525.2,Bstd:334.6,StrandBias:0.0,Multiplicity:1.68
0.100	0.700	0.100	0.100
0.100	0.100	0.700	0.100
0.100	0.700	0.100	0.100
0.100	0.100	0.700	0.100
0.100	0.700	0.100	0.100
0.100	0.100	0.700	0.100
0.100	0.100	0.100	0.700
0.100	0.100	0.100	0.700
>CCGCGCCC	11-CCGCGCCC	8.236954	-205.490634	0	T:4418.0(6.26%),B:3166.2(4.59%),P:1e-89	Tpos:1205.7,Tstd:1042.7,Bpos:553.4,Bstd:330.0,StrandBias:0.1,Multiplicity:1.44
0.100	0.700	0.100	0.100
0.100	0.700	0.100	0.100
0.100	0.100	0.700	0.100
0.100	0.700	0.100	0.100
0.100	0.100	0.700	0.100
0.100	0.700	0.100	0.100
0.100	0.700	0.100	0.100
0.100	0.700	0.100	0.100
>CGGRAACT	12-CGGRAACT	6.771103	-191.440385	0	T:7355.0(10.42%),B:5744.4(8.33%),P:1e-83	Tpos:1109.5,Tstd:1284.3,Bpos:512.2,Bstd:316.9,StrandBias:-0.0,Multiplicity:1.16
0.001	0.995	0.003	0.001
0.001	0.001	0.988	0.010
0.004	0.001	0.994	0.001
0.407	0.033	0.533	0.027
0.939	0.001	0.003	0.057
0.997	0.001	0.001	0.001
0.259	0.535	0.170	0.036
0.001	0.001	0.005	0.993
>GCGBTTAA	13-GCGBTTAA	6.100015	-186.051848	0	T:5449.0(7.72%),B:4099.0(5.95%),P:1e-80	Tpos:1111.5,Tstd:1324.6,Bpos:494.8,Bstd:327.6,StrandBias:0.0,Multiplicity:1.10
0.028	0.226	0.680	0.066
0.022	0.945	0.019	0.014
0.011	0.126	0.775	0.088
0.152	0.333	0.217	0.297
0.034	0.104	0.166	0.696
0.240	0.036	0.176	0.548
0.563	0.140	0.126	0.171
0.629	0.228	0.094	0.049
>AGTTCCGG	14-AGTTCCGG	6.988890	-177.157846	0	T:8676.0(12.29%),B:6972.6(10.11%),P:1e-76	Tpos:1097.5,Tstd:1199.0,Bpos:523.0,Bstd:312.0,StrandBias:0.0,Multiplicity:1.23
0.810	0.070	0.062	0.058
0.093	0.137	0.632	0.138
0.108	0.186	0.125	0.581
0.055	0.087	0.052	0.806
0.030	0.810	0.111	0.049
0.035	0.856	0.086	0.023
0.046	0.095	0.760	0.099
0.076	0.131	0.745	0.048
>AGCGCGCA	15-AGCGCGCA	4.494594	-157.546860	0	T:9034.0(12.80%),B:7377.8(10.70%),P:1e-68	Tpos:1090.7,Tstd:1290.2,Bpos:511.3,Bstd:309.7,StrandBias:-0.1,Multiplicity:1.21
0.997	0.001	0.001	0.001
0.001	0.001	0.997	0.001
0.009	0.883	0.107	0.001
0.001	0.001	0.997	0.001
0.001	0.985	0.013	0.001
0.001	0.001	0.997	0.001
0.001	0.997	0.001	0.001
0.997	0.001	0.001	0.001
>GAATTTAC	16-GAATTTAC	10.865981	-133.956023	0	T:2058.0(2.92%),B:1383.5(2.01%),P:1e-58	Tpos:927.9,Tstd:1397.6,Bpos:507.2,Bstd:316.0,StrandBias:-0.1,Multiplicity:1.05
0.001	0.001	0.997	0.001
0.816	0.001	0.001	0.182
0.997	0.001	0.001	0.001
0.001	0.001	0.001	0.997
0.001	0.001	0.001	0.997
0.001	0.001	0.001	0.997
0.997	0.001	0.001	0.001
0.001	0.997	0.001	0.001
>GAGTTCGH	17-GAGTTCGH	7.156440	-87.826867	0	T:6422.0(9.10%),B:5347.9(7.76%),P:1e-38	Tpos:1151.0,Tstd:1576.7,Bpos:502.9,Bstd:333.1,StrandBias:0.0,Multiplicity:1.14
0.080	0.179	0.623	0.118
0.944	0.054	0.001	0.001
0.001	0.105	0.783	0.111
0.062	0.001	0.334	0.603
0.024	0.122	0.114	0.740
0.001	0.845	0.001	0.153
0.181	0.284	0.534	0.001
0.381	0.249	0.133	0.236
>GRTGGCTC	18-GRTGGCTC	8.346241	-86.140243	0	T:16596.0(23.51%),B:14821.1(21.50%),P:1e-37	Tpos:1088.7,Tstd:1617.6,Bpos:507.6,Bstd:309.7,StrandBias:0.0,Multiplicity:1.50
0.057	0.120	0.784	0.039
0.424	0.045	0.530	0.001
0.117	0.001	0.084	0.798
0.029	0.042	0.841	0.088
0.001	0.092	0.892	0.015
0.054	0.920	0.025	0.001
0.001	0.001	0.402	0.596
0.262	0.699	0.038	0.001
>GGGKGTGG	19-GGGKGTGG	9.905961	-83.170442	0	T:7938.0(11.24%),B:6757.5(9.80%),P:1e-36	Tpos:1076.6,Tstd:1460.8,Bpos:502.2,Bstd:297.1,StrandBias:-0.0,Multiplicity:1.17
0.001	0.001	0.997	0.001
0.001	0.001	0.997	0.001
0.001	0.001	0.997	0.001
0.001	0.001	0.451	0.547
0.001	0.001	0.997	0.001
0.001	0.001	0.247	0.751
0.242	0.001	0.756	0.001
0.001	0.001	0.997	0.001
>TTGAACTC	20-TTGAACTC	10.568427	-58.431994	0	T:9536.0(13.51%),B:8407.3(12.19%),P:1e-25	Tpos:1112.0,Tstd:1695.8,Bpos:506.6,Bstd:310.8,StrandBias:-0.0,Multiplicity:1.24
0.001	0.001	0.001	0.997
0.001	0.001	0.368	0.630
0.001	0.001	0.997	0.001
0.997	0.001	0.001	0.001
0.997	0.001	0.001	0.001
0.001	0.997	0.001	0.001
0.001	0.001	0.039	0.959
0.001	0.997	0.001	0.001
>CCTGGAAC	21-CCTGGAAC	10.770839	-36.219601	0	T:12013.0(17.02%),B:10951.7(15.89%),P:1e-15	Tpos:1128.0,Tstd:1688.6,Bpos:500.2,Bstd:319.7,StrandBias:-0.0,Multiplicity:1.28
0.001	0.997	0.001	0.001
0.001	0.954	0.044	0.001
0.097	0.001	0.001	0.901
0.140	0.001	0.858	0.001
0.001	0.001	0.997	0.001
0.997	0.001	0.001	0.001
0.997	0.001	0.001	0.001
0.001	0.997	0.001	0.001
>TCCCAGCA	22-TCCCAGCA	8.434653	-32.825987	0	T:19031.0(26.96%),B:17704.2(25.68%),P:1e-14	Tpos:1119.1,Tstd:1586.4,Bpos:504.1,Bstd:314.1,StrandBias:0.0,Multiplicity:1.43
0.001	0.001	0.001	0.997
0.001	0.933	0.001	0.065
0.001	0.948	0.050	0.001
0.001	0.953	0.045	0.001
0.902	0.096	0.001	0.001
0.001	0.001	0.997	0.001
0.001	0.997	0.001	0.001
0.876	0.001	0.122	0.001
>AAACAAAM	23-AAACAAAM	10.440358	-31.583595	0	T:18006.0(25.51%),B:16737.4(24.28%),P:1e-13	Tpos:1006.7,Tstd:1506.1,Bpos:501.5,Bstd:337.4,StrandBias:-0.0,Multiplicity:2.11
0.997	0.001	0.001	0.001
0.997	0.001	0.001	0.001
0.997	0.001	0.001	0.001
0.001	0.997	0.001	0.001
0.988	0.001	0.010	0.001
0.997	0.001	0.001	0.001
0.997	0.001	0.001	0.001
0.538	0.460	0.001	0.001
>CAAACGAA	24-CAAACGAA	10.967500	-24.780250	0	T:888.0(1.26%),B:689.9(1.00%),P:1e-10	Tpos:1027.1,Tstd:1304.9,Bpos:500.8,Bstd:323.9,StrandBias:0.1,Multiplicity:1.01
0.038	0.960	0.001	0.001
0.997	0.001	0.001	0.001
0.997	0.001	0.001	0.001
0.997	0.001	0.001	0.001
0.001	0.997	0.001	0.001
0.060	0.001	0.938	0.001
0.997	0.001	0.001	0.001
0.997	0.001	0.001	0.001
>AAAAAAAA	25-AAAAAAAA	8.236954	-0.819763	0	T:21613.0(30.62%),B:21088.7(30.59%),P:1e0	Tpos:1101.9,Tstd:1545.6,Bpos:497.5,Bstd:344.9,StrandBias:0.0,Multiplicity:1.61
0.700	0.100	0.100	0.100
0.700	0.100	0.100	0.100
0.700	0.100	0.100	0.100
0.700	0.100	0.100	0.100
0.700	0.100	0.100	0.100
0.700	0.100	0.100	0.100
0.700	0.100	0.100	0.100
0.700	0.100	0.100	0.100
