>GCNAATTR	1-GCNAATTR	5.355835	-279.117787	0	T:3043.0(42.61%),B:12348.8(29.51%),P:1e-121	Tpos:283.3,Tstd:271.1,Bpos:210.4,Bstd:141.0,StrandBias:0.0,Multiplicity:1.53
0.108	0.001	0.780	0.111
0.001	0.841	0.041	0.117
0.192	0.219	0.284	0.305
0.804	0.111	0.084	0.001
0.962	0.001	0.001	0.036
0.001	0.001	0.001	0.997
0.167	0.246	0.151	0.435
0.393	0.144	0.461	0.001
>AKGGGCGG	2-AKGGGCGG	6.458008	-126.955594	0	T:3339.0(46.75%),B:15747.6(37.63%),P:1e-55	Tpos:267.3,Tstd:207.8,Bpos:205.6,Bstd:139.6,StrandBias:-0.1,Multiplicity:2.16
0.554	0.047	0.281	0.118
0.140	0.011	0.371	0.479
0.174	0.033	0.763	0.030
0.051	0.062	0.846	0.041
0.022	0.011	0.929	0.038
0.064	0.761	0.120	0.055
0.020	0.062	0.907	0.011
0.032	0.012	0.766	0.190
>CCTGCTGT	3-CCTGCTGT	7.899905	-117.768538	0	T:1294.0(18.12%),B:4996.6(11.94%),P:1e-51	Tpos:261.6,Tstd:204.5,Bpos:225.5,Bstd:132.4,StrandBias:0.1,Multiplicity:1.14
0.001	0.997	0.001	0.001
0.001	0.997	0.001	0.001
0.001	0.082	0.001	0.916
0.001	0.001	0.997	0.001
0.001	0.997	0.001	0.001
0.001	0.001	0.001	0.997
0.001	0.001	0.997	0.001
0.357	0.001	0.131	0.511
>RACAAARG	4-RACAAARG	5.512681	-116.410041	0	T:2057.0(28.80%),B:8892.6(21.25%),P:1e-50	Tpos:262.5,Tstd:205.5,Bpos:220.4,Bstd:144.8,StrandBias:0.0,Multiplicity:1.34
0.396	0.001	0.498	0.105
0.888	0.001	0.001	0.110
0.001	0.988	0.010	0.001
0.995	0.001	0.003	0.001
0.997	0.001	0.001	0.001
0.912	0.001	0.001	0.086
0.486	0.001	0.512	0.001
0.008	0.001	0.990	0.001
>CGCTTTBA	5-CGCTTTBA	5.188810	-113.295172	0	T:3188.0(44.64%),B:15105.1(36.09%),P:1e-49	Tpos:266.1,Tstd:238.0,Bpos:221.0,Bstd:145.8,StrandBias:-0.0,Multiplicity:1.33
0.158	0.744	0.075	0.023
0.001	0.041	0.844	0.114
0.001	0.811	0.114	0.074
0.151	0.019	0.042	0.788
0.001	0.001	0.001	0.997
0.011	0.024	0.027	0.938
0.189	0.228	0.240	0.343
0.683	0.143	0.027	0.147
>AGGCTTWA	6-AGGCTTWA	5.264248	-103.948801	0	T:2869.0(40.17%),B:13469.1(32.18%),P:1e-45	Tpos:271.9,Tstd:259.2,Bpos:221.1,Bstd:144.1,StrandBias:-0.0,Multiplicity:1.39
0.569	0.244	0.186	0.001
0.214	0.146	0.486	0.153
0.186	0.073	0.737	0.004
0.249	0.675	0.011	0.065
0.017	0.104	0.144	0.735
0.115	0.063	0.022	0.800
0.466	0.152	0.038	0.343
0.553	0.050	0.387	0.010
>AWTTCCGG	7-AWTTCCGG	5.184005	-94.179181	0	T:2800.0(39.20%),B:13245.8(31.65%),P:1e-40	Tpos:261.1,Tstd:216.5,Bpos:220.4,Bstd:144.8,StrandBias:-0.0,Multiplicity:1.49
0.493	0.042	0.175	0.291
0.339	0.118	0.069	0.474
0.122	0.154	0.013	0.711
0.033	0.001	0.001	0.965
0.076	0.586	0.015	0.323
0.001	0.981	0.017	0.001
0.001	0.245	0.719	0.035
0.114	0.165	0.618	0.103
>GGGGTGGG	8-GGGGTGGG	8.394129	-93.707684	0	T:2088.0(29.24%),B:9371.0(22.39%),P:1e-40	Tpos:269.4,Tstd:241.6,Bpos:215.3,Bstd:138.8,StrandBias:-0.0,Multiplicity:1.49
0.001	0.001	0.997	0.001
0.001	0.001	0.997	0.001
0.001	0.001	0.997	0.001
0.053	0.001	0.874	0.072
0.001	0.001	0.001	0.997
0.001	0.001	0.888	0.110
0.001	0.001	0.897	0.101
0.127	0.001	0.871	0.001
>TTHAMACB	9-TTHAMACB	6.076151	-82.136485	0	T:1078.0(15.09%),B:4311.6(10.30%),P:1e-35	Tpos:275.0,Tstd:217.8,Bpos:220.9,Bstd:146.0,StrandBias:-0.1,Multiplicity:1.15
0.001	0.001	0.124	0.874
0.029	0.012	0.001	0.958
0.347	0.286	0.129	0.238
0.756	0.001	0.092	0.151
0.432	0.459	0.108	0.001
0.572	0.042	0.247	0.139
0.179	0.512	0.308	0.001
0.019	0.334	0.374	0.273
>TGATTGGA	10-TGATTGGA	7.955390	-80.166005	0	T:465.0(6.51%),B:1465.0(3.50%),P:1e-34	Tpos:299.4,Tstd:472.0,Bpos:212.2,Bstd:137.4,StrandBias:-0.1,Multiplicity:1.06
0.001	0.001	0.001	0.997
0.075	0.001	0.923	0.001
0.997	0.001	0.001	0.001
0.001	0.001	0.001	0.997
0.001	0.125	0.001	0.873
0.165	0.081	0.753	0.001
0.001	0.001	0.997	0.001
0.893	0.001	0.105	0.001
>AAACAAGG	11-AAACAAGG	9.088864	-76.253695	0	T:727.0(10.18%),B:2678.5(6.40%),P:1e-33	Tpos:270.9,Tstd:214.6,Bpos:223.2,Bstd:150.4,StrandBias:0.1,Multiplicity:1.10
0.997	0.001	0.001	0.001
0.997	0.001	0.001	0.001
0.997	0.001	0.001	0.001
0.001	0.997	0.001	0.001
0.997	0.001	0.001	0.001
0.997	0.001	0.001	0.001
0.168	0.001	0.830	0.001
0.001	0.179	0.819	0.001
>CTCCCCCA	12-CTCCCCCA	9.088821	-74.049628	0	T:1123.0(15.72%),B:4630.9(11.07%),P:1e-32	Tpos:264.8,Tstd:192.2,Bpos:223.3,Bstd:138.2,StrandBias:-0.2,Multiplicity:1.15
0.179	0.682	0.001	0.138
0.001	0.001	0.001	0.997
0.001	0.997	0.001	0.001
0.001	0.997	0.001	0.001
0.001	0.997	0.001	0.001
0.001	0.997	0.001	0.001
0.001	0.997	0.001	0.001
0.997	0.001	0.001	0.001
>CCCCGCCT	13-CCCCGCCT	8.871097	-71.496162	0	T:1188.0(16.63%),B:4990.7(11.93%),P:1e-31	Tpos:263.0,Tstd:211.9,Bpos:213.0,Bstd:141.0,StrandBias:0.0,Multiplicity:1.19
0.001	0.997	0.001	0.001
0.111	0.563	0.001	0.325
0.001	0.997	0.001	0.001
0.001	0.997	0.001	0.001
0.001	0.001	0.997	0.001
0.001	0.997	0.001	0.001
0.001	0.997	0.001	0.001
0.001	0.001	0.001	0.997
>AGATTCBY	14-AGATTCBY	5.599837	-63.604530	0	T:2782.0(38.95%),B:13710.9(32.76%),P:1e-27	Tpos:268.8,Tstd:253.0,Bpos:219.7,Bstd:143.9,StrandBias:0.0,Multiplicity:1.40
0.551	0.001	0.401	0.047
0.192	0.101	0.706	0.001
0.798	0.075	0.001	0.126
0.228	0.001	0.001	0.770
0.001	0.046	0.001	0.952
0.193	0.775	0.001	0.031
0.001	0.338	0.372	0.289
0.001	0.409	0.078	0.512
>ATTGGTCG	15-ATTGGTCG	6.398183	-59.243249	0	T:817.0(11.44%),B:3288.9(7.86%),P:1e-25	Tpos:286.5,Tstd:254.3,Bpos:202.1,Bstd:136.0,StrandBias:0.1,Multiplicity:1.17
0.941	0.001	0.022	0.036
0.001	0.053	0.026	0.920
0.024	0.001	0.001	0.974
0.001	0.044	0.933	0.022
0.052	0.001	0.946	0.001
0.091	0.001	0.001	0.907
0.001	0.813	0.089	0.097
0.140	0.040	0.770	0.050
>YCKRWTBM	16-YCKRWTBM	5.065026	-58.859371	0	T:373.0(5.22%),B:1212.7(2.90%),P:1e-25	Tpos:304.9,Tstd:382.8,Bpos:222.1,Bstd:141.6,StrandBias:0.1,Multiplicity:1.11
0.001	0.439	0.194	0.365
0.001	0.582	0.189	0.228
0.001	0.020	0.426	0.553
0.491	0.071	0.402	0.035
0.374	0.024	0.155	0.446
0.054	0.189	0.001	0.756
0.154	0.280	0.234	0.333
0.370	0.354	0.150	0.127
>ATCACGCS	17-ATCACGCS	5.321608	-54.586982	0	T:1775.0(24.85%),B:8337.4(19.92%),P:1e-23	Tpos:253.8,Tstd:198.8,Bpos:208.3,Bstd:136.2,StrandBias:-0.0,Multiplicity:1.36
0.650	0.001	0.348	0.001
0.001	0.058	0.001	0.940
0.001	0.686	0.312	0.001
0.997	0.001	0.001	0.001
0.001	0.997	0.001	0.001
0.001	0.001	0.997	0.001
0.001	0.625	0.001	0.373
0.195	0.388	0.417	0.001
>GCATATTA	18-GCATATTA	8.236954	-53.200715	0	T:90.0(1.26%),B:147.5(0.35%),P:1e-23	Tpos:254.3,Tstd:157.4,Bpos:202.6,Bstd:130.2,StrandBias:-0.3,Multiplicity:1.01
0.100	0.100	0.700	0.100
0.100	0.700	0.100	0.100
0.700	0.100	0.100	0.100
0.100	0.100	0.100	0.700
0.700	0.100	0.100	0.100
0.100	0.100	0.100	0.700
0.100	0.100	0.100	0.700
0.700	0.100	0.100	0.100
>ACTTAATC	19-ACTTAATC	9.767369	-48.702917	0	T:151.0(2.11%),B:364.4(0.87%),P:1e-21	Tpos:305.9,Tstd:237.9,Bpos:216.8,Bstd:145.9,StrandBias:0.2,Multiplicity:1.05
0.997	0.001	0.001	0.001
0.001	0.726	0.272	0.001
0.001	0.001	0.001	0.997
0.001	0.001	0.001	0.997
0.997	0.001	0.001	0.001
0.997	0.001	0.001	0.001
0.001	0.001	0.001	0.997
0.001	0.997	0.001	0.001
>AAGTAAAC	20-AAGTAAAC	7.553696	-47.789328	0	T:288.0(4.03%),B:921.2(2.20%),P:1e-20	Tpos:293.1,Tstd:286.9,Bpos:222.2,Bstd:149.4,StrandBias:0.0,Multiplicity:1.03
0.842	0.001	0.001	0.156
0.997	0.001	0.001	0.001
0.001	0.001	0.997	0.001
0.001	0.001	0.001	0.997
0.997	0.001	0.001	0.001
0.997	0.001	0.001	0.001
0.808	0.001	0.001	0.190
0.001	0.997	0.001	0.001
>CGCATGCG	21-CGCATGCG	9.017746	-46.770087	0	T:439.0(6.15%),B:1607.5(3.84%),P:1e-20	Tpos:258.2,Tstd:198.2,Bpos:193.8,Bstd:132.2,StrandBias:-0.1,Multiplicity:1.18
0.038	0.937	0.024	0.001
0.001	0.001	0.997	0.001
0.001	0.997	0.001	0.001
0.711	0.150	0.001	0.138
0.001	0.200	0.001	0.798
0.009	0.001	0.956	0.034
0.001	0.997	0.001	0.001
0.001	0.001	0.997	0.001
>TTACACTC	22-TTACACTC	8.236954	-35.136856	0	T:120.0(1.68%),B:306.6(0.73%),P:1e-15	Tpos:270.9,Tstd:188.4,Bpos:234.5,Bstd:146.5,StrandBias:0.2,Multiplicity:1.01
0.100	0.100	0.100	0.700
0.100	0.100	0.100	0.700
0.700	0.100	0.100	0.100
0.100	0.700	0.100	0.100
0.700	0.100	0.100	0.100
0.100	0.700	0.100	0.100
0.100	0.100	0.100	0.700
0.100	0.700	0.100	0.100
>TACTTAAA	23-TACTTAAA	6.551314	-32.204612	0	T:268.0(3.75%),B:952.9(2.28%),P:1e-13	Tpos:266.8,Tstd:177.9,Bpos:210.6,Bstd:153.7,StrandBias:0.2,Multiplicity:1.02
0.001	0.001	0.001	0.997
0.851	0.001	0.147	0.001
0.001	0.997	0.001	0.001
0.001	0.001	0.074	0.924
0.001	0.001	0.001	0.997
0.997	0.001	0.001	0.001
0.997	0.001	0.001	0.001
0.997	0.001	0.001	0.001
>CATTWRTC	24-CATTWRTC	7.697130	-27.380707	0	T:424.0(5.94%),B:1747.9(4.18%),P:1e-11	Tpos:289.7,Tstd:382.1,Bpos:218.9,Bstd:142.6,StrandBias:0.1,Multiplicity:1.17
0.001	0.830	0.168	0.001
0.875	0.001	0.123	0.001
0.001	0.001	0.001	0.997
0.149	0.001	0.001	0.849
0.560	0.001	0.001	0.438
0.312	0.093	0.439	0.156
0.001	0.001	0.223	0.775
0.001	0.997	0.001	0.001
>CCCCTGGT	25-CCCCTGGT	8.236954	-27.205095	0	T:225.0(3.15%),B:800.8(1.91%),P:1e-11	Tpos:258.9,Tstd:192.1,Bpos:218.4,Bstd:136.1,StrandBias:-0.2,Multiplicity:1.02
0.100	0.700	0.100	0.100
0.100	0.700	0.100	0.100
0.100	0.700	0.100	0.100
0.100	0.700	0.100	0.100
0.100	0.100	0.100	0.700
0.100	0.100	0.700	0.100
0.100	0.100	0.700	0.100
0.100	0.100	0.100	0.700
