>TATGGCGA	1-TATGGCGA	10.801443	-15.083226	0	T:6.0(6.67%),B:137.7(0.29%),P:1e-6	Tpos:435.3,Tstd:628.8,Bpos:290.9,Bstd:221.8,StrandBias:2.7,Multiplicity:2.50
0.001	0.001	0.001	0.997
0.997	0.001	0.001	0.001
0.001	0.001	0.001	0.997
0.001	0.001	0.997	0.001
0.001	0.001	0.997	0.001
0.001	0.997	0.001	0.001
0.233	0.001	0.765	0.001
0.997	0.001	0.001	0.001
>GCCTAATC	2-GCCTAATC	7.199083	-11.138806	0	T:16.0(17.78%),B:2473.8(5.18%),P:1e-4	Tpos:566.4,Tstd:1093.1,Bpos:296.3,Bstd:192.8,StrandBias:0.0,Multiplicity:1.25
0.001	0.207	0.765	0.027
0.001	0.862	0.001	0.136
0.001	0.941	0.001	0.057
0.001	0.046	0.105	0.848
0.874	0.080	0.001	0.045
0.906	0.043	0.001	0.050
0.049	0.059	0.001	0.891
0.001	0.908	0.045	0.046
>CTACYAHT	3-CTACYAHT	6.775034	-10.211920	0	T:35.0(38.89%),B:9660.4(20.22%),P:1e-4	Tpos:845.2,Tstd:1108.5,Bpos:305.8,Bstd:188.5,StrandBias:0.2,Multiplicity:1.77
0.090	0.908	0.001	0.001
0.041	0.252	0.001	0.706
0.997	0.001	0.001	0.001
0.189	0.713	0.034	0.064
0.067	0.344	0.118	0.471
0.997	0.001	0.001	0.001
0.366	0.381	0.001	0.251
0.097	0.221	0.001	0.681
>CCTACMRT	4-CCTACMRT	6.844658	-9.383770	0	T:15.0(16.67%),B:2556.7(5.35%),P:1e-4	Tpos:423.1,Tstd:873.2,Bpos:310.6,Bstd:202.5,StrandBias:-1.4,Multiplicity:2.13
0.001	0.920	0.001	0.078
0.001	0.868	0.130	0.001
0.069	0.001	0.124	0.806
0.888	0.050	0.001	0.061
0.001	0.811	0.096	0.092
0.407	0.509	0.083	0.001
0.428	0.058	0.513	0.001
0.071	0.001	0.058	0.870
>GTAAGTCA	5-GTAAGTCA	7.098144	-7.853342	0	T:29.0(32.22%),B:8230.4(17.23%),P:1e-3	Tpos:395.0,Tstd:593.9,Bpos:302.7,Bstd:185.7,StrandBias:-0.1,Multiplicity:1.59
0.001	0.001	0.997	0.001
0.001	0.289	0.050	0.660
0.793	0.205	0.001	0.001
0.997	0.001	0.001	0.001
0.001	0.393	0.605	0.001
0.001	0.001	0.001	0.997
0.059	0.939	0.001	0.001
0.997	0.001	0.001	0.001
>ACCAAACG	6-ACCAAACG	4.831417	-6.893218	0	T:35.0(38.89%),B:11367.1(23.79%),P:1e-2	Tpos:962.6,Tstd:1411.1,Bpos:303.4,Bstd:196.1,StrandBias:0.7,Multiplicity:1.88
0.519	0.212	0.183	0.086
0.159	0.520	0.006	0.315
0.116	0.561	0.001	0.322
0.608	0.010	0.261	0.121
0.427	0.080	0.255	0.238
0.441	0.207	0.160	0.191
0.001	0.779	0.001	0.219
0.272	0.223	0.504	0.001
>AAACGWGA	7-AAACGWGA	8.956965	-6.482966	0	T:7.0(7.78%),B:892.2(1.87%),P:1e-2	Tpos:200.9,Tstd:145.0,Bpos:310.2,Bstd:202.2,StrandBias:-1.2,Multiplicity:1.43
0.997	0.001	0.001	0.001
0.997	0.001	0.001	0.001
0.997	0.001	0.001	0.001
0.001	0.796	0.001	0.202
0.001	0.001	0.997	0.001
0.512	0.001	0.001	0.486
0.001	0.001	0.703	0.295
0.997	0.001	0.001	0.001
>CCGTGTTT	8-CCGTGTTT	7.949314	-5.809434	0	T:18.0(20.00%),B:4745.6(9.93%),P:1e-2	Tpos:232.3,Tstd:158.8,Bpos:299.4,Bstd:194.8,StrandBias:1.2,Multiplicity:1.35
0.001	0.861	0.001	0.137
0.120	0.878	0.001	0.001
0.001	0.001	0.863	0.135
0.001	0.001	0.001	0.997
0.001	0.001	0.997	0.001
0.001	0.001	0.365	0.633
0.225	0.001	0.001	0.773
0.001	0.001	0.001	0.997
>TTGTTGTT	9-TTGTTGTT	6.974478	-5.008779	0	T:22.0(24.44%),B:6780.4(14.19%),P:1e-2	Tpos:753.6,Tstd:1090.3,Bpos:307.2,Bstd:188.9,StrandBias:-1.0,Multiplicity:1.41
0.001	0.001	0.001	0.997
0.022	0.001	0.001	0.976
0.001	0.001	0.997	0.001
0.001	0.001	0.001	0.997
0.001	0.001	0.001	0.997
0.001	0.001	0.997	0.001
0.001	0.001	0.179	0.819
0.079	0.001	0.001	0.919
>TTTTCAGT	10-TTTTCAGT	9.138301	-4.743609	0	T:14.0(15.56%),B:3672.7(7.69%),P:1e-2	Tpos:262.0,Tstd:183.9,Bpos:303.3,Bstd:195.6,StrandBias:-0.7,Multiplicity:2.43
0.001	0.001	0.001	0.997
0.001	0.001	0.001	0.997
0.001	0.001	0.001	0.997
0.145	0.001	0.001	0.853
0.001	0.997	0.001	0.001
0.997	0.001	0.001	0.001
0.001	0.001	0.997	0.001
0.001	0.001	0.001	0.997
>WATTATTA	11-WATTATTA	8.079728	-4.529923	0	T:25.0(27.78%),B:8387.7(17.55%),P:1e-1	Tpos:932.5,Tstd:1268.3,Bpos:310.4,Bstd:183.3,StrandBias:0.7,Multiplicity:2.36
0.450	0.001	0.041	0.508
0.997	0.001	0.001	0.001
0.001	0.001	0.001	0.997
0.211	0.001	0.001	0.787
0.997	0.001	0.001	0.001
0.001	0.001	0.031	0.967
0.001	0.001	0.001	0.997
0.543	0.341	0.115	0.001
>TGGAATAT	12-TGGAATAT	8.236954	-4.397611	0	T:7.0(7.78%),B:1316.9(2.76%),P:1e-1	Tpos:314.6,Tstd:508.8,Bpos:307.6,Bstd:189.5,StrandBias:2.8,Multiplicity:2.29
0.100	0.100	0.100	0.700
0.100	0.100	0.700	0.100
0.100	0.100	0.700	0.100
0.700	0.100	0.100	0.100
0.700	0.100	0.100	0.100
0.100	0.100	0.100	0.700
0.700	0.100	0.100	0.100
0.100	0.100	0.100	0.700
>TCCTCCTC	13-TCCTCCTC	3.817670	-2.699869	0	T:41.0(45.56%),B:17832.5(37.32%),P:1e-1	Tpos:473.6,Tstd:688.3,Bpos:309.0,Bstd:184.5,StrandBias:-1.2,Multiplicity:1.83
0.001	0.001	0.001	0.997
0.001	0.997	0.001	0.001
0.001	0.837	0.001	0.161
0.001	0.001	0.001	0.997
0.030	0.909	0.060	0.001
0.001	0.842	0.001	0.156
0.001	0.001	0.001	0.997
0.001	0.997	0.001	0.001
>AAAATGAG	14-AAAATGAG	8.236954	-2.333971	0	T:8.0(8.89%),B:2487.2(5.21%),P:1e-1	Tpos:247.4,Tstd:182.0,Bpos:305.1,Bstd:197.8,StrandBias:1.6,Multiplicity:4.12
0.700	0.100	0.100	0.100
0.700	0.100	0.100	0.100
0.700	0.100	0.100	0.100
0.700	0.100	0.100	0.100
0.100	0.100	0.100	0.700
0.100	0.100	0.700	0.100
0.700	0.100	0.100	0.100
0.100	0.100	0.700	0.100
>TCCTTCCT	15-TCCTTCCT	8.363276	-1.833481	0	T:11.0(12.22%),B:4167.3(8.72%),P:1e0	Tpos:331.2,Tstd:146.3,Bpos:302.1,Bstd:189.5,StrandBias:-0.3,Multiplicity:2.45
0.001	0.001	0.001	0.997
0.001	0.997	0.001	0.001
0.001	0.888	0.110	0.001
0.001	0.001	0.075	0.923
0.001	0.001	0.001	0.997
0.001	0.997	0.001	0.001
0.001	0.997	0.001	0.001
0.001	0.001	0.001	0.997
>TCTTTCTT	16-TCTTTCTT	7.150528	-1.741009	0	T:17.0(18.89%),B:7099.4(14.86%),P:1e0	Tpos:433.8,Tstd:568.6,Bpos:303.4,Bstd:178.5,StrandBias:1.3,Multiplicity:4.24
0.001	0.001	0.001	0.997
0.001	0.997	0.001	0.001
0.001	0.001	0.022	0.976
0.001	0.001	0.001	0.997
0.065	0.001	0.001	0.933
0.001	0.997	0.001	0.001
0.001	0.001	0.036	0.962
0.001	0.001	0.001	0.997
