>AGAGGGCG	1-AGAGGGCG	8.356134	-1452.377193	0	T:11654.0(28.88%),B:7076.3(17.92%),P:1e-630	Tpos:419.4,Tstd:301.2,Bpos:339.2,Bstd:204.8,StrandBias:-0.0,Multiplicity:1.21
0.997	0.001	0.001	0.001
0.001	0.001	0.997	0.001
0.784	0.001	0.214	0.001
0.001	0.001	0.997	0.001
0.001	0.001	0.997	0.001
0.001	0.001	0.997	0.001
0.001	0.997	0.001	0.001
0.309	0.001	0.689	0.001
>CCACTAGA	2-CCACTAGA	7.933971	-574.824247	0	T:3719.0(9.22%),B:2020.1(5.12%),P:1e-249	Tpos:404.3,Tstd:302.2,Bpos:342.1,Bstd:210.0,StrandBias:0.1,Multiplicity:1.03
0.001	0.997	0.001	0.001
0.001	0.808	0.097	0.094
0.933	0.001	0.065	0.001
0.001	0.997	0.001	0.001
0.001	0.001	0.001	0.997
0.997	0.001	0.001	0.001
0.001	0.001	0.997	0.001
0.823	0.001	0.175	0.001
>CGCCACCT	3-CGCCACCT	7.107694	-462.868657	0	T:4509.0(11.17%),B:2770.5(7.02%),P:1e-201	Tpos:405.2,Tstd:301.9,Bpos:353.5,Bstd:214.2,StrandBias:-0.0,Multiplicity:1.07
0.001	0.575	0.001	0.423
0.001	0.001	0.997	0.001
0.001	0.997	0.001	0.001
0.033	0.965	0.001	0.001
0.997	0.001	0.001	0.001
0.001	0.997	0.001	0.001
0.001	0.997	0.001	0.001
0.001	0.001	0.001	0.997
>ACAATAGA	4-ACAATAGA	10.876950	-387.370952	0	T:1325.0(3.28%),B:548.2(1.39%),P:1e-168	Tpos:424.6,Tstd:278.8,Bpos:352.8,Bstd:204.8,StrandBias:0.1,Multiplicity:1.04
0.997	0.001	0.001	0.001
0.001	0.997	0.001	0.001
0.997	0.001	0.001	0.001
0.997	0.001	0.001	0.001
0.001	0.001	0.001	0.997
0.997	0.001	0.001	0.001
0.001	0.001	0.997	0.001
0.825	0.173	0.001	0.001
>AATCGCGC	5-AATCGCGC	5.233702	-357.357565	0	T:11750.0(29.12%),B:9228.1(23.37%),P:1e-155	Tpos:466.9,Tstd:335.0,Bpos:350.8,Bstd:218.5,StrandBias:0.0,Multiplicity:1.34
0.818	0.049	0.065	0.068
0.750	0.038	0.101	0.111
0.118	0.089	0.090	0.703
0.131	0.672	0.106	0.091
0.118	0.175	0.622	0.085
0.044	0.873	0.041	0.042
0.071	0.053	0.739	0.137
0.051	0.822	0.047	0.080
>CCGCCCTT	6-CCGCCCTT	7.528940	-344.500153	0	T:9769.0(24.21%),B:7483.6(18.95%),P:1e-149	Tpos:489.1,Tstd:317.7,Bpos:334.1,Bstd:207.4,StrandBias:-0.0,Multiplicity:1.44
0.170	0.565	0.107	0.158
0.001	0.997	0.001	0.001
0.001	0.001	0.997	0.001
0.006	0.992	0.001	0.001
0.078	0.920	0.001	0.001
0.175	0.514	0.001	0.310
0.176	0.309	0.001	0.514
0.085	0.001	0.217	0.697
>CCACACCC	7-CCACACCC	8.137366	-335.725188	0	T:15452.0(38.29%),B:12718.6(32.21%),P:1e-145	Tpos:456.5,Tstd:335.5,Bpos:341.7,Bstd:206.8,StrandBias:-0.0,Multiplicity:1.63
0.001	0.924	0.001	0.074
0.001	0.661	0.039	0.299
0.539	0.360	0.100	0.001
0.018	0.912	0.056	0.014
0.749	0.001	0.249	0.001
0.001	0.997	0.001	0.001
0.001	0.900	0.098	0.001
0.042	0.856	0.065	0.037
>CCCCTGGT	8-CCCCTGGT	8.236954	-322.434857	0	T:1923.0(4.77%),B:1008.0(2.55%),P:1e-140	Tpos:412.4,Tstd:298.9,Bpos:348.4,Bstd:201.0,StrandBias:0.1,Multiplicity:1.03
0.100	0.700	0.100	0.100
0.100	0.700	0.100	0.100
0.100	0.700	0.100	0.100
0.100	0.700	0.100	0.100
0.100	0.100	0.100	0.700
0.100	0.100	0.700	0.100
0.100	0.100	0.700	0.100
0.100	0.100	0.100	0.700
>ACCACGTG	9-ACCACGTG	8.279323	-320.254879	0	T:4078.0(10.11%),B:2665.2(6.75%),P:1e-139	Tpos:450.4,Tstd:324.1,Bpos:333.7,Bstd:203.7,StrandBias:-0.0,Multiplicity:1.11
0.789	0.001	0.209	0.001
0.001	0.481	0.225	0.293
0.001	0.997	0.001	0.001
0.997	0.001	0.001	0.001
0.001	0.997	0.001	0.001
0.001	0.001	0.997	0.001
0.001	0.001	0.001	0.997
0.001	0.001	0.997	0.001
>HAAVBCGG	10-HAAVBCGG	5.101480	-315.475752	0	T:12837.0(31.81%),B:10358.0(26.23%),P:1e-137	Tpos:463.8,Tstd:347.3,Bpos:344.9,Bstd:227.0,StrandBias:0.0,Multiplicity:1.42
0.293	0.258	0.123	0.326
0.570	0.001	0.175	0.254
0.767	0.001	0.227	0.005
0.377	0.239	0.248	0.136
0.017	0.385	0.299	0.298
0.001	0.997	0.001	0.001
0.001	0.300	0.698	0.001
0.220	0.281	0.497	0.001
>GAATTCCG	11-GAATTCCG	5.474334	-286.244578	0	T:14570.0(36.11%),B:12071.5(30.57%),P:1e-124	Tpos:435.6,Tstd:326.6,Bpos:343.7,Bstd:217.1,StrandBias:-0.0,Multiplicity:1.38
0.167	0.123	0.624	0.086
0.662	0.168	0.085	0.085
0.744	0.110	0.033	0.113
0.088	0.060	0.040	0.812
0.080	0.080	0.077	0.763
0.038	0.849	0.086	0.027
0.077	0.829	0.060	0.034
0.107	0.067	0.716	0.110
>CAAGGTCA	12-CAAGGTCA	8.174175	-277.990270	0	T:5120.0(12.69%),B:3613.6(9.15%),P:1e-120	Tpos:422.2,Tstd:331.6,Bpos:350.1,Bstd:213.3,StrandBias:-0.0,Multiplicity:1.13
0.128	0.870	0.001	0.001
0.997	0.001	0.001	0.001
0.997	0.001	0.001	0.001
0.001	0.001	0.997	0.001
0.001	0.001	0.997	0.001
0.001	0.001	0.001	0.997
0.001	0.929	0.001	0.069
0.930	0.001	0.068	0.001
>CCGGAAAA	13-CCGGAAAA	6.189188	-256.838868	0	T:10500.0(26.02%),B:8418.9(21.32%),P:1e-111	Tpos:472.9,Tstd:338.5,Bpos:348.6,Bstd:222.3,StrandBias:0.0,Multiplicity:1.38
0.029	0.684	0.260	0.027
0.001	0.722	0.242	0.035
0.001	0.001	0.997	0.001
0.122	0.052	0.775	0.051
0.499	0.073	0.333	0.095
0.904	0.001	0.094	0.001
0.548	0.095	0.219	0.138
0.539	0.286	0.001	0.174
>TGTAATGC	14-TGTAATGC	8.236954	-254.229455	0	T:914.0(2.26%),B:387.3(0.98%),P:1e-110	Tpos:437.5,Tstd:280.7,Bpos:356.1,Bstd:213.7,StrandBias:0.1,Multiplicity:1.10
0.100	0.100	0.100	0.700
0.100	0.100	0.700	0.100
0.100	0.100	0.100	0.700
0.700	0.100	0.100	0.100
0.700	0.100	0.100	0.100
0.100	0.100	0.100	0.700
0.100	0.100	0.700	0.100
0.100	0.700	0.100	0.100
>TTDRAVCG	15-TTDRAVCG	3.754465	-243.119929	0	T:17377.0(43.06%),B:14901.9(37.74%),P:1e-105	Tpos:443.2,Tstd:349.2,Bpos:346.8,Bstd:225.7,StrandBias:-0.0,Multiplicity:1.40
0.145	0.167	0.229	0.459
0.070	0.211	0.194	0.525
0.249	0.127	0.290	0.333
0.413	0.174	0.275	0.138
0.543	0.126	0.202	0.129
0.360	0.259	0.241	0.140
0.056	0.753	0.089	0.102
0.080	0.150	0.616	0.154
>KTACTGMA	16-KTACTGMA	7.911246	-220.309439	0	T:5084.0(12.60%),B:3724.5(9.43%),P:1e-95	Tpos:390.1,Tstd:296.5,Bpos:347.9,Bstd:210.3,StrandBias:-0.0,Multiplicity:1.11
0.001	0.001	0.541	0.457
0.001	0.336	0.001	0.662
0.802	0.001	0.001	0.196
0.001	0.662	0.001	0.336
0.001	0.196	0.001	0.802
0.001	0.001	0.997	0.001
0.457	0.541	0.001	0.001
0.997	0.001	0.001	0.001
>GCCATTGT	17-GCCATTGT	6.527425	-220.124850	0	T:7827.0(19.40%),B:6131.9(15.53%),P:1e-95	Tpos:429.0,Tstd:322.5,Bpos:348.9,Bstd:208.9,StrandBias:0.1,Multiplicity:1.19
0.001	0.124	0.874	0.001
0.001	0.997	0.001	0.001
0.001	0.869	0.001	0.129
0.662	0.001	0.001	0.336
0.001	0.001	0.001	0.997
0.001	0.001	0.001	0.997
0.001	0.001	0.997	0.001
0.001	0.001	0.001	0.997
>TTAGCGTN	18-TTAGCGTN	5.285872	-192.614614	0	T:11894.0(29.47%),B:9950.6(25.20%),P:1e-83	Tpos:447.5,Tstd:340.9,Bpos:345.8,Bstd:222.5,StrandBias:-0.0,Multiplicity:1.31
0.001	0.316	0.012	0.671
0.133	0.204	0.014	0.649
0.543	0.056	0.093	0.308
0.272	0.167	0.560	0.001
0.001	0.997	0.001	0.001
0.098	0.001	0.900	0.001
0.215	0.215	0.009	0.561
0.220	0.224	0.208	0.347
>ACATTCCT	19-ACATTCCT	8.558197	-172.783977	0	T:5374.0(13.32%),B:4112.4(10.42%),P:1e-75	Tpos:415.4,Tstd:318.6,Bpos:348.6,Bstd:210.0,StrandBias:-0.0,Multiplicity:1.12
0.997	0.001	0.001	0.001
0.001	0.877	0.121	0.001
0.997	0.001	0.001	0.001
0.001	0.001	0.001	0.997
0.001	0.001	0.001	0.997
0.001	0.997	0.001	0.001
0.001	0.842	0.001	0.156
0.206	0.001	0.001	0.792
>TCTGAATG	20-TCTGAATG	9.948464	-158.377385	0	T:2854.0(7.07%),B:1992.2(5.05%),P:1e-68	Tpos:411.3,Tstd:315.9,Bpos:345.5,Bstd:209.4,StrandBias:0.0,Multiplicity:1.10
0.001	0.001	0.001	0.997
0.001	0.672	0.001	0.326
0.001	0.001	0.001	0.997
0.001	0.001	0.997	0.001
0.997	0.001	0.001	0.001
0.997	0.001	0.001	0.001
0.001	0.001	0.001	0.997
0.001	0.001	0.997	0.001
>ATAGCGAA	21-ATAGCGAA	7.453294	-157.206580	0	T:2029.0(5.03%),B:1321.3(3.35%),P:1e-68	Tpos:452.0,Tstd:326.2,Bpos:350.9,Bstd:217.7,StrandBias:0.0,Multiplicity:1.06
0.770	0.228	0.001	0.001
0.001	0.001	0.001	0.997
0.851	0.147	0.001	0.001
0.001	0.160	0.838	0.001
0.001	0.996	0.002	0.001
0.001	0.001	0.837	0.161
0.762	0.090	0.001	0.147
0.641	0.357	0.001	0.001
>ATGCAAAT	22-ATGCAAAT	9.843353	-147.754020	0	T:2598.0(6.44%),B:1804.0(4.57%),P:1e-64	Tpos:426.7,Tstd:325.0,Bpos:337.0,Bstd:210.6,StrandBias:0.0,Multiplicity:1.12
0.997	0.001	0.001	0.001
0.001	0.001	0.001	0.997
0.001	0.001	0.997	0.001
0.001	0.997	0.001	0.001
0.635	0.001	0.001	0.363
0.887	0.001	0.111	0.001
0.997	0.001	0.001	0.001
0.092	0.001	0.001	0.906
>CTTATAAT	23-CTTATAAT	8.236954	-129.951467	0	T:817.0(2.02%),B:435.6(1.10%),P:1e-56	Tpos:433.1,Tstd:314.9,Bpos:342.7,Bstd:206.5,StrandBias:0.2,Multiplicity:1.04
0.100	0.700	0.100	0.100
0.100	0.100	0.100	0.700
0.100	0.100	0.100	0.700
0.700	0.100	0.100	0.100
0.100	0.100	0.100	0.700
0.700	0.100	0.100	0.100
0.700	0.100	0.100	0.100
0.100	0.100	0.100	0.700
>GTGTAYGG	24-GTGTAYGG	7.300230	-127.185639	0	T:2705.0(6.70%),B:1943.6(4.92%),P:1e-55	Tpos:445.2,Tstd:331.9,Bpos:352.0,Bstd:209.3,StrandBias:-0.0,Multiplicity:1.12
0.099	0.071	0.829	0.001
0.076	0.112	0.071	0.741
0.372	0.001	0.626	0.001
0.060	0.197	0.001	0.742
0.997	0.001	0.001	0.001
0.001	0.568	0.001	0.430
0.111	0.236	0.652	0.001
0.001	0.001	0.997	0.001
>TTGGAACA	25-TTGGAACA	8.236954	-113.734518	0	T:1310.0(3.25%),B:830.3(2.10%),P:1e-49	Tpos:435.5,Tstd:334.6,Bpos:348.0,Bstd:209.3,StrandBias:0.1,Multiplicity:1.02
0.100	0.100	0.100	0.700
0.100	0.100	0.100	0.700
0.100	0.100	0.700	0.100
0.100	0.100	0.700	0.100
0.700	0.100	0.100	0.100
0.700	0.100	0.100	0.100
0.100	0.700	0.100	0.100
0.700	0.100	0.100	0.100
