>GGTGTGGC	1-GGTGTGGC	8.829575	-3928.791399	0	T:13426.0(21.22%),B:5956.6(9.45%),P:1e-1706	Tpos:412.8,Tstd:552.9,Bpos:261.9,Bstd:156.4,StrandBias:0.0,Multiplicity:1.30
0.001	0.001	0.997	0.001
0.001	0.001	0.997	0.001
0.133	0.037	0.001	0.829
0.001	0.001	0.997	0.001
0.001	0.001	0.039	0.959
0.039	0.001	0.959	0.001
0.037	0.008	0.750	0.205
0.001	0.792	0.023	0.184
>GATTAAAG	2-GATTAAAG	8.236954	-3368.934443	0	T:11671.0(18.45%),B:5164.6(8.19%),P:1e-1463	Tpos:462.3,Tstd:659.0,Bpos:260.0,Bstd:165.4,StrandBias:-0.0,Multiplicity:1.25
0.100	0.100	0.700	0.100
0.700	0.100	0.100	0.100
0.100	0.100	0.100	0.700
0.100	0.100	0.100	0.700
0.700	0.100	0.100	0.100
0.700	0.100	0.100	0.100
0.700	0.100	0.100	0.100
0.100	0.100	0.700	0.100
>RTTCAAGG	3-RTTCAAGG	7.426168	-3228.869714	0	T:11131.0(17.59%),B:4900.3(7.77%),P:1e-1402	Tpos:453.1,Tstd:612.9,Bpos:262.5,Bstd:162.5,StrandBias:0.0,Multiplicity:1.17
0.508	0.001	0.486	0.005
0.138	0.037	0.244	0.581
0.170	0.099	0.001	0.730
0.233	0.454	0.143	0.170
0.522	0.301	0.072	0.105
0.794	0.017	0.107	0.082
0.064	0.004	0.894	0.038
0.102	0.038	0.739	0.121
>RCCASKCY	4-RCCASKCY	8.349977	-2260.507160	0	T:4394.0(6.94%),B:1329.8(2.11%),P:1e-981	Tpos:450.3,Tstd:556.2,Bpos:262.6,Bstd:165.8,StrandBias:-0.0,Multiplicity:1.05
0.524	0.001	0.474	0.001
0.001	0.997	0.001	0.001
0.001	0.944	0.054	0.001
0.997	0.001	0.001	0.001
0.055	0.475	0.469	0.001
0.001	0.001	0.524	0.474
0.001	0.997	0.001	0.001
0.001	0.529	0.001	0.469
>TAGACCAG	5-TAGACCAG	9.359537	-1566.711003	0	T:10967.0(17.33%),B:6336.6(10.05%),P:1e-680	Tpos:483.5,Tstd:719.1,Bpos:263.1,Bstd:167.0,StrandBias:-0.0,Multiplicity:1.16
0.001	0.001	0.001	0.997
0.997	0.001	0.001	0.001
0.001	0.001	0.997	0.001
0.997	0.001	0.001	0.001
0.001	0.997	0.001	0.001
0.001	0.816	0.001	0.182
0.991	0.001	0.007	0.001
0.001	0.001	0.997	0.001
>TATAGCCC	6-TATAGCCC	8.829422	-1546.344288	0	T:11744.0(18.56%),B:6972.9(11.06%),P:1e-671	Tpos:467.8,Tstd:719.8,Bpos:259.7,Bstd:163.5,StrandBias:-0.0,Multiplicity:1.17
0.001	0.001	0.001	0.997
0.616	0.001	0.382	0.001
0.001	0.001	0.001	0.997
0.997	0.001	0.001	0.001
0.001	0.001	0.997	0.001
0.104	0.617	0.001	0.278
0.001	0.618	0.001	0.380
0.001	0.997	0.001	0.001
>GGCTRTYC	7-GGCTRTYC	8.480481	-1472.909833	0	T:11124.0(17.58%),B:6578.9(10.43%),P:1e-639	Tpos:470.5,Tstd:703.2,Bpos:259.7,Bstd:164.7,StrandBias:-0.1,Multiplicity:1.14
0.076	0.001	0.922	0.001
0.046	0.001	0.952	0.001
0.205	0.687	0.001	0.107
0.205	0.001	0.001	0.793
0.487	0.118	0.394	0.001
0.197	0.001	0.001	0.801
0.001	0.556	0.001	0.442
0.106	0.892	0.001	0.001
>GAGTTCCA	8-GAGTTCCA	9.284716	-1398.954918	0	T:12197.0(19.28%),B:7536.7(11.95%),P:1e-607	Tpos:468.8,Tstd:705.5,Bpos:261.0,Bstd:162.5,StrandBias:0.0,Multiplicity:1.19
0.001	0.001	0.997	0.001
0.997	0.001	0.001	0.001
0.070	0.001	0.928	0.001
0.001	0.001	0.001	0.997
0.001	0.001	0.240	0.758
0.001	0.997	0.001	0.001
0.001	0.686	0.001	0.312
0.758	0.001	0.240	0.001
>AGGGCGTK	9-AGGGCGTK	3.826417	-1372.462629	0	T:8555.0(13.52%),B:4719.7(7.49%),P:1e-596	Tpos:416.0,Tstd:641.2,Bpos:259.8,Bstd:156.1,StrandBias:0.0,Multiplicity:1.14
0.997	0.001	0.001	0.001
0.001	0.001	0.997	0.001
0.001	0.001	0.997	0.001
0.001	0.001	0.997	0.001
0.003	0.995	0.001	0.001
0.001	0.001	0.997	0.001
0.001	0.001	0.376	0.622
0.066	0.227	0.381	0.325
>GACAGGGT	10-GACAGGGT	11.015922	-1325.656511	0	T:9251.0(14.62%),B:5305.5(8.41%),P:1e-575	Tpos:465.7,Tstd:684.2,Bpos:260.8,Bstd:164.0,StrandBias:-0.0,Multiplicity:1.13
0.001	0.001	0.997	0.001
0.997	0.001	0.001	0.001
0.001	0.948	0.001	0.050
0.997	0.001	0.001	0.001
0.001	0.001	0.997	0.001
0.001	0.001	0.997	0.001
0.001	0.001	0.997	0.001
0.001	0.001	0.001	0.997
>AGATAAGG	11-AGATAAGG	8.553949	-1316.724258	0	T:6987.0(11.04%),B:3620.4(5.74%),P:1e-571	Tpos:426.9,Tstd:584.2,Bpos:262.0,Bstd:156.0,StrandBias:-0.0,Multiplicity:1.18
0.957	0.001	0.001	0.041
0.001	0.001	0.954	0.044
0.997	0.001	0.001	0.001
0.001	0.001	0.001	0.997
0.956	0.001	0.001	0.042
0.997	0.001	0.001	0.001
0.092	0.001	0.906	0.001
0.312	0.101	0.586	0.001
>CGTGCGCC	12-CGTGCGCC	8.801487	-1224.902111	0	T:4994.0(7.89%),B:2307.4(3.66%),P:1e-531	Tpos:460.2,Tstd:608.2,Bpos:265.7,Bstd:166.9,StrandBias:-0.0,Multiplicity:1.06
0.001	0.949	0.001	0.049
0.015	0.001	0.983	0.001
0.001	0.001	0.001	0.997
0.001	0.001	0.996	0.002
0.012	0.616	0.001	0.371
0.180	0.001	0.818	0.001
0.004	0.990	0.001	0.005
0.001	0.997	0.001	0.001
>TTGTTTGT	13-TTGTTTGT	10.781640	-1053.026563	0	T:8922.0(14.10%),B:5408.9(8.58%),P:1e-457	Tpos:439.6,Tstd:572.2,Bpos:264.0,Bstd:165.0,StrandBias:-0.0,Multiplicity:2.43
0.001	0.001	0.001	0.997
0.001	0.001	0.001	0.997
0.001	0.001	0.997	0.001
0.001	0.001	0.001	0.997
0.001	0.001	0.001	0.997
0.001	0.001	0.001	0.997
0.001	0.001	0.750	0.248
0.001	0.001	0.001	0.997
>GCCTGCCT	14-GCCTGCCT	10.976110	-1028.600012	0	T:8999.0(14.22%),B:5504.3(8.73%),P:1e-446	Tpos:475.0,Tstd:804.8,Bpos:263.0,Bstd:164.0,StrandBias:-0.0,Multiplicity:1.14
0.001	0.001	0.997	0.001
0.001	0.997	0.001	0.001
0.001	0.997	0.001	0.001
0.001	0.001	0.001	0.997
0.001	0.001	0.997	0.001
0.001	0.997	0.001	0.001
0.001	0.911	0.001	0.087
0.001	0.001	0.001	0.997
>TCAGGAAT	15-TCAGGAAT	8.336201	-909.122652	0	T:12435.0(19.65%),B:8539.7(13.54%),P:1e-394	Tpos:474.9,Tstd:719.7,Bpos:261.1,Bstd:159.7,StrandBias:-0.0,Multiplicity:1.17
0.181	0.037	0.042	0.740
0.001	0.921	0.001	0.077
0.465	0.120	0.111	0.304
0.001	0.001	0.997	0.001
0.363	0.001	0.541	0.095
0.768	0.001	0.176	0.055
0.744	0.133	0.081	0.042
0.001	0.001	0.001	0.997
>AGTGCTGG	16-AGTGCTGG	11.018029	-876.031469	0	T:10122.0(16.00%),B:6657.0(10.56%),P:1e-380	Tpos:480.0,Tstd:689.3,Bpos:264.1,Bstd:162.2,StrandBias:-0.0,Multiplicity:1.16
0.997	0.001	0.001	0.001
0.001	0.001	0.997	0.001
0.001	0.001	0.001	0.997
0.048	0.001	0.950	0.001
0.001	0.997	0.001	0.001
0.001	0.001	0.001	0.997
0.001	0.001	0.997	0.001
0.001	0.001	0.997	0.001
>GGTGGAGC	17-GGTGGAGC	8.005893	-876.031228	0	T:7339.0(11.60%),B:4411.6(7.00%),P:1e-380	Tpos:414.1,Tstd:653.4,Bpos:258.6,Bstd:153.1,StrandBias:0.1,Multiplicity:1.16
0.001	0.001	0.997	0.001
0.001	0.001	0.997	0.001
0.001	0.159	0.001	0.839
0.001	0.001	0.997	0.001
0.001	0.001	0.997	0.001
0.705	0.001	0.293	0.001
0.001	0.001	0.997	0.001
0.001	0.997	0.001	0.001
>GGAWTGTA	18-GGAWTGTA	8.992002	-662.090820	0	T:4665.0(7.37%),B:2640.5(4.19%),P:1e-287	Tpos:444.8,Tstd:570.1,Bpos:267.5,Bstd:151.4,StrandBias:-0.0,Multiplicity:1.06
0.001	0.059	0.939	0.001
0.001	0.001	0.997	0.001
0.939	0.001	0.001	0.059
0.485	0.001	0.141	0.373
0.141	0.001	0.001	0.857
0.001	0.001	0.796	0.202
0.001	0.423	0.001	0.575
0.997	0.001	0.001	0.001
>GAATTTAC	19-GAATTTAC	10.705479	-637.788342	0	T:1918.0(3.03%),B:754.9(1.20%),P:1e-276	Tpos:472.6,Tstd:565.0,Bpos:261.2,Bstd:162.1,StrandBias:-0.1,Multiplicity:1.12
0.001	0.001	0.997	0.001
0.695	0.001	0.001	0.303
0.997	0.001	0.001	0.001
0.001	0.001	0.001	0.997
0.001	0.001	0.001	0.997
0.001	0.001	0.001	0.997
0.997	0.001	0.001	0.001
0.001	0.997	0.001	0.001
>GCCTAAGG	20-GCCTAAGG	8.698586	-612.282833	0	T:6035.0(9.54%),B:3773.4(5.98%),P:1e-265	Tpos:436.2,Tstd:554.4,Bpos:265.8,Bstd:157.3,StrandBias:0.0,Multiplicity:1.09
0.109	0.016	0.860	0.015
0.001	0.997	0.001	0.001
0.001	0.997	0.001	0.001
0.001	0.076	0.007	0.916
0.694	0.134	0.157	0.015
0.799	0.001	0.190	0.010
0.027	0.001	0.971	0.001
0.001	0.039	0.959	0.001
>TTTGTTTT	21-TTTGTTTT	10.724076	-600.295716	0	T:13790.0(21.80%),B:10405.3(16.50%),P:1e-260	Tpos:469.0,Tstd:732.8,Bpos:260.7,Bstd:162.7,StrandBias:-0.0,Multiplicity:2.02
0.001	0.001	0.055	0.943
0.001	0.069	0.001	0.929
0.001	0.001	0.110	0.888
0.001	0.001	0.997	0.001
0.001	0.001	0.096	0.902
0.001	0.001	0.001	0.997
0.001	0.001	0.001	0.997
0.001	0.001	0.001	0.997
>GGAGGCAG	22-GGAGGCAG	11.027458	-550.402577	0	T:11039.0(17.45%),B:8101.6(12.85%),P:1e-239	Tpos:488.5,Tstd:736.8,Bpos:260.1,Bstd:161.4,StrandBias:0.0,Multiplicity:1.17
0.001	0.001	0.997	0.001
0.001	0.001	0.997	0.001
0.997	0.001	0.001	0.001
0.001	0.001	0.997	0.001
0.001	0.001	0.997	0.001
0.001	0.997	0.001	0.001
0.959	0.001	0.039	0.001
0.001	0.001	0.997	0.001
>RCTATAGT	23-RCTATAGT	8.166088	-504.205605	0	T:6595.0(10.42%),B:4414.2(7.00%),P:1e-218	Tpos:459.4,Tstd:647.6,Bpos:261.7,Bstd:157.3,StrandBias:0.0,Multiplicity:1.19
0.330	0.001	0.416	0.254
0.001	0.997	0.001	0.001
0.001	0.332	0.056	0.611
0.613	0.330	0.001	0.056
0.001	0.356	0.001	0.642
0.997	0.001	0.001	0.001
0.001	0.001	0.997	0.001
0.001	0.001	0.001	0.997
>TTGTTGGA	24-TTGTTGGA	9.454872	-390.020774	0	T:4526.0(7.15%),B:2933.9(4.65%),P:1e-169	Tpos:416.5,Tstd:657.8,Bpos:261.9,Bstd:157.1,StrandBias:-0.0,Multiplicity:1.13
0.001	0.199	0.001	0.799
0.001	0.001	0.001	0.997
0.001	0.001	0.997	0.001
0.001	0.001	0.001	0.997
0.001	0.001	0.001	0.997
0.001	0.001	0.997	0.001
0.001	0.001	0.997	0.001
0.997	0.001	0.001	0.001
>RGATCTTG	25-RGATCTTG	8.186794	-311.595526	0	T:4133.0(6.53%),B:2758.7(4.38%),P:1e-135	Tpos:430.6,Tstd:577.9,Bpos:257.1,Bstd:156.7,StrandBias:-0.0,Multiplicity:1.27
0.497	0.011	0.424	0.068
0.007	0.001	0.983	0.009
0.951	0.001	0.033	0.015
0.008	0.095	0.035	0.862
0.026	0.935	0.001	0.038
0.045	0.111	0.050	0.794
0.170	0.254	0.157	0.419
0.123	0.051	0.726	0.100
