>GCCCCGCC	1-GCCCCGCC	6.802983	-2841.716150	0	T:11279.0(57.91%),B:9568.0(31.67%),P:1e-1234	Tpos:123.0,Tstd:82.9,Bpos:103.9,Bstd:67.9,StrandBias:-0.0,Multiplicity:1.95
0.252	0.001	0.746	0.001
0.001	0.997	0.001	0.001
0.001	0.879	0.001	0.119
0.319	0.679	0.001	0.001
0.001	0.997	0.001	0.001
0.249	0.001	0.683	0.067
0.001	0.997	0.001	0.001
0.001	0.997	0.001	0.001
>TGATTGGC	2-TGATTGGC	6.362394	-2420.751853	0	T:4214.0(21.64%),B:1937.9(6.41%),P:1e-1051	Tpos:118.5,Tstd:73.8,Bpos:97.1,Bstd:71.5,StrandBias:0.0,Multiplicity:1.39
0.001	0.052	0.050	0.897
0.010	0.089	0.883	0.018
0.982	0.001	0.016	0.001
0.001	0.001	0.001	0.997
0.007	0.001	0.001	0.991
0.001	0.003	0.995	0.001
0.018	0.001	0.980	0.001
0.105	0.579	0.039	0.277
>GWCACGCC	3-GWCACGCC	6.340139	-1516.361107	0	T:8461.0(43.44%),B:7641.0(25.29%),P:1e-658	Tpos:126.7,Tstd:85.6,Bpos:107.7,Bstd:69.7,StrandBias:0.1,Multiplicity:1.25
0.138	0.001	0.819	0.042
0.428	0.145	0.103	0.323
0.172	0.740	0.001	0.087
0.561	0.329	0.001	0.109
0.001	0.997	0.001	0.001
0.096	0.001	0.902	0.001
0.001	0.997	0.001	0.001
0.001	0.889	0.109	0.001
>TGATTGGY	4-TGATTGGY	5.820342	-1346.864597	0	T:4682.0(24.04%),B:3294.5(10.90%),P:1e-584	Tpos:125.3,Tstd:87.3,Bpos:112.3,Bstd:68.5,StrandBias:-0.0,Multiplicity:1.11
0.107	0.120	0.002	0.771
0.073	0.053	0.718	0.156
0.882	0.001	0.105	0.012
0.090	0.091	0.001	0.818
0.231	0.172	0.001	0.596
0.106	0.086	0.709	0.099
0.316	0.001	0.682	0.001
0.208	0.469	0.001	0.322
>GGCGKDAH	5-GGCGKDAH	5.463905	-980.713234	0	T:6597.0(33.87%),B:6128.4(20.28%),P:1e-425	Tpos:127.3,Tstd:85.8,Bpos:110.8,Bstd:70.2,StrandBias:0.0,Multiplicity:1.13
0.370	0.001	0.628	0.001
0.108	0.200	0.456	0.236
0.307	0.691	0.001	0.001
0.001	0.049	0.949	0.001
0.172	0.001	0.488	0.339
0.387	0.001	0.293	0.319
0.611	0.001	0.387	0.001
0.316	0.319	0.001	0.365
>CTATTGGC	6-CTATTGGC	6.717078	-640.801430	0	T:1834.0(9.42%),B:1115.8(3.69%),P:1e-278	Tpos:122.1,Tstd:73.1,Bpos:100.9,Bstd:73.8,StrandBias:0.0,Multiplicity:1.17
0.001	0.997	0.001	0.001
0.076	0.354	0.001	0.569
0.997	0.001	0.001	0.001
0.007	0.001	0.001	0.991
0.017	0.001	0.012	0.970
0.007	0.001	0.973	0.019
0.001	0.001	0.997	0.001
0.030	0.779	0.012	0.179
>CCGGAAGT	7-CCGGAAGT	6.205292	-622.962131	0	T:3938.0(20.22%),B:3460.4(11.45%),P:1e-270	Tpos:127.6,Tstd:85.5,Bpos:106.4,Bstd:65.0,StrandBias:0.1,Multiplicity:1.29
0.051	0.808	0.140	0.001
0.080	0.911	0.008	0.001
0.001	0.001	0.997	0.001
0.001	0.001	0.997	0.001
0.997	0.001	0.001	0.001
0.950	0.001	0.001	0.048
0.054	0.033	0.912	0.001
0.078	0.108	0.028	0.786
>CGTGACGT	8-CGTGACGT	6.202360	-372.548401	0	T:2450.0(12.58%),B:2141.7(7.09%),P:1e-161	Tpos:123.9,Tstd:81.9,Bpos:103.8,Bstd:64.0,StrandBias:0.0,Multiplicity:1.14
0.152	0.474	0.158	0.216
0.352	0.054	0.593	0.001
0.001	0.001	0.001	0.997
0.070	0.353	0.547	0.030
0.983	0.001	0.015	0.001
0.015	0.864	0.001	0.120
0.060	0.201	0.605	0.134
0.170	0.108	0.090	0.632
>GGGAGTAG	9-GGGAGTAG	7.896837	-270.048009	0	T:3472.0(17.83%),B:3659.1(12.11%),P:1e-117	Tpos:122.6,Tstd:84.1,Bpos:108.8,Bstd:66.2,StrandBias:-0.0,Multiplicity:1.24
0.001	0.063	0.620	0.316
0.232	0.001	0.766	0.001
0.055	0.001	0.855	0.089
0.989	0.009	0.001	0.001
0.001	0.001	0.997	0.001
0.001	0.001	0.358	0.640
0.529	0.144	0.001	0.326
0.005	0.001	0.878	0.116
>WGATAARG	10-WGATAARG	6.191209	-252.088260	0	T:1665.0(8.55%),B:1445.2(4.78%),P:1e-109	Tpos:125.0,Tstd:88.7,Bpos:111.2,Bstd:68.3,StrandBias:-0.0,Multiplicity:1.15
0.473	0.053	0.001	0.473
0.001	0.001	0.997	0.001
0.960	0.001	0.001	0.038
0.001	0.001	0.001	0.997
0.997	0.001	0.001	0.001
0.908	0.039	0.001	0.052
0.426	0.095	0.478	0.001
0.192	0.156	0.651	0.001
>ATGCAAAT	11-ATGCAAAT	10.005111	-217.995945	0	T:486.0(2.50%),B:250.1(0.83%),P:1e-94	Tpos:122.8,Tstd:85.2,Bpos:111.8,Bstd:70.2,StrandBias:-0.2,Multiplicity:1.13
0.997	0.001	0.001	0.001
0.001	0.001	0.001	0.997
0.001	0.001	0.997	0.001
0.001	0.997	0.001	0.001
0.653	0.001	0.001	0.345
0.997	0.001	0.001	0.001
0.997	0.001	0.001	0.001
0.001	0.001	0.001	0.997
>GCATGCGC	12-GCATGCGC	8.600569	-215.905749	0	T:1433.0(7.36%),B:1243.2(4.11%),P:1e-93	Tpos:130.9,Tstd:84.9,Bpos:105.1,Bstd:66.5,StrandBias:0.0,Multiplicity:1.17
0.018	0.001	0.973	0.008
0.014	0.984	0.001	0.001
0.796	0.100	0.073	0.031
0.030	0.061	0.128	0.781
0.001	0.001	0.991	0.007
0.001	0.997	0.001	0.001
0.001	0.001	0.956	0.042
0.001	0.900	0.001	0.098
>CACGTGAC	13-CACGTGAC	7.777269	-213.107557	0	T:1106.0(5.68%),B:877.5(2.90%),P:1e-92	Tpos:118.3,Tstd:78.6,Bpos:110.0,Bstd:61.9,StrandBias:0.2,Multiplicity:1.04
0.046	0.809	0.100	0.045
0.904	0.001	0.094	0.001
0.001	0.539	0.111	0.349
0.238	0.168	0.499	0.095
0.001	0.139	0.001	0.859
0.112	0.100	0.737	0.051
0.950	0.001	0.001	0.048
0.001	0.914	0.001	0.084
>GGATTGGW	14-GGATTGGW	8.202418	-208.015216	0	T:802.0(4.12%),B:560.5(1.86%),P:1e-90	Tpos:121.9,Tstd:87.7,Bpos:112.4,Bstd:68.9,StrandBias:0.0,Multiplicity:1.03
0.001	0.001	0.997	0.001
0.053	0.001	0.945	0.001
0.904	0.001	0.001	0.094
0.001	0.001	0.272	0.726
0.049	0.001	0.003	0.947
0.117	0.001	0.683	0.199
0.094	0.001	0.801	0.104
0.369	0.166	0.001	0.464
>AGTGACAC	15-AGTGACAC	6.468079	-181.228537	0	T:1097.0(5.63%),B:920.0(3.04%),P:1e-78	Tpos:122.5,Tstd:84.5,Bpos:111.6,Bstd:62.8,StrandBias:0.1,Multiplicity:1.04
0.997	0.001	0.001	0.001
0.105	0.001	0.893	0.001
0.001	0.001	0.001	0.997
0.001	0.001	0.997	0.001
0.997	0.001	0.001	0.001
0.001	0.997	0.001	0.001
0.890	0.001	0.108	0.001
0.001	0.880	0.001	0.118
>TDWCGCGA	16-TDWCGCGA	6.162054	-154.093403	0	T:682.0(3.50%),B:506.9(1.68%),P:1e-66	Tpos:127.5,Tstd:88.3,Bpos:99.4,Bstd:64.2,StrandBias:-0.0,Multiplicity:1.08
0.147	0.081	0.001	0.771
0.324	0.147	0.255	0.274
0.421	0.001	0.058	0.520
0.147	0.667	0.150	0.036
0.026	0.091	0.654	0.229
0.017	0.865	0.057	0.061
0.283	0.023	0.563	0.131
0.819	0.058	0.048	0.075
>ACATTCCT	17-ACATTCCT	7.606848	-145.395809	0	T:1234.0(6.34%),B:1152.5(3.81%),P:1e-63	Tpos:125.4,Tstd:89.4,Bpos:111.7,Bstd:66.9,StrandBias:-0.1,Multiplicity:1.07
0.885	0.001	0.113	0.001
0.001	0.870	0.128	0.001
0.997	0.001	0.001	0.001
0.001	0.001	0.001	0.997
0.001	0.001	0.001	0.997
0.001	0.997	0.001	0.001
0.001	0.997	0.001	0.001
0.317	0.001	0.074	0.608
>GTTTGAAT	18-GTTTGAAT	8.049039	-131.843658	0	T:555.0(2.85%),B:404.0(1.34%),P:1e-57	Tpos:118.0,Tstd:80.9,Bpos:114.2,Bstd:73.3,StrandBias:0.1,Multiplicity:1.04
0.001	0.001	0.997	0.001
0.001	0.083	0.001	0.915
0.001	0.001	0.001	0.997
0.001	0.039	0.001	0.959
0.303	0.001	0.695	0.001
0.874	0.001	0.001	0.124
0.997	0.001	0.001	0.001
0.001	0.001	0.001	0.997
>TCTAACAA	19-TCTAACAA	8.318442	-127.932780	0	T:429.0(2.20%),B:280.7(0.93%),P:1e-55	Tpos:115.8,Tstd:70.2,Bpos:109.8,Bstd:66.0,StrandBias:-0.1,Multiplicity:1.39
0.001	0.001	0.001	0.997
0.001	0.997	0.001	0.001
0.001	0.064	0.001	0.934
0.995	0.001	0.003	0.001
0.997	0.001	0.001	0.001
0.001	0.997	0.001	0.001
0.997	0.001	0.001	0.001
0.997	0.001	0.001	0.001
>GGTGGAGT	20-GGTGGAGT	9.337717	-111.335199	0	T:630.0(3.23%),B:515.9(1.71%),P:1e-48	Tpos:123.2,Tstd:81.2,Bpos:114.2,Bstd:65.4,StrandBias:-0.1,Multiplicity:1.11
0.001	0.001	0.997	0.001
0.001	0.001	0.821	0.177
0.001	0.001	0.001	0.997
0.001	0.001	0.997	0.001
0.001	0.001	0.997	0.001
0.997	0.001	0.001	0.001
0.001	0.001	0.997	0.001
0.001	0.001	0.001	0.997
>AATGTAGT	21-AATGTAGT	9.541464	-107.891181	0	T:271.0(1.39%),B:151.5(0.50%),P:1e-46	Tpos:127.9,Tstd:94.9,Bpos:96.4,Bstd:68.8,StrandBias:0.2,Multiplicity:1.04
0.997	0.001	0.001	0.001
0.781	0.001	0.001	0.217
0.001	0.001	0.001	0.997
0.001	0.001	0.997	0.001
0.001	0.001	0.001	0.997
0.997	0.001	0.001	0.001
0.001	0.001	0.997	0.001
0.001	0.001	0.001	0.997
>CCTTGAAC	22-CCTTGAAC	8.236954	-87.333336	0	T:432.0(2.22%),B:336.5(1.11%),P:1e-37	Tpos:131.7,Tstd:88.9,Bpos:111.2,Bstd:65.1,StrandBias:0.0,Multiplicity:1.05
0.100	0.700	0.100	0.100
0.100	0.700	0.100	0.100
0.100	0.100	0.100	0.700
0.100	0.100	0.100	0.700
0.100	0.100	0.700	0.100
0.700	0.100	0.100	0.100
0.700	0.100	0.100	0.100
0.100	0.700	0.100	0.100
>GCGCACGC	23-GCGCACGC	8.346927	-76.843814	0	T:1015.0(5.21%),B:1058.5(3.50%),P:1e-33	Tpos:127.1,Tstd:83.7,Bpos:106.3,Bstd:67.5,StrandBias:0.1,Multiplicity:1.10
0.001	0.001	0.997	0.001
0.001	0.997	0.001	0.001
0.001	0.001	0.997	0.001
0.001	0.908	0.001	0.090
0.997	0.001	0.001	0.001
0.270	0.728	0.001	0.001
0.001	0.001	0.997	0.001
0.001	0.997	0.001	0.001
>ACTATTAG	24-ACTATTAG	8.701313	-68.842328	0	T:199.0(1.02%),B:121.5(0.40%),P:1e-29	Tpos:119.4,Tstd:71.7,Bpos:113.7,Bstd:76.2,StrandBias:0.6,Multiplicity:1.01
0.892	0.106	0.001	0.001
0.001	0.997	0.001	0.001
0.001	0.001	0.117	0.881
0.997	0.001	0.001	0.001
0.001	0.001	0.001	0.997
0.001	0.001	0.001	0.997
0.997	0.001	0.001	0.001
0.001	0.001	0.997	0.001
>TTWACATA	25-TTWACATA	7.837875	-65.609221	0	T:264.0(1.36%),B:189.2(0.63%),P:1e-28	Tpos:122.7,Tstd:84.2,Bpos:114.3,Bstd:71.9,StrandBias:-0.1,Multiplicity:1.04
0.031	0.067	0.001	0.901
0.001	0.101	0.001	0.897
0.522	0.001	0.066	0.411
0.733	0.115	0.001	0.151
0.001	0.896	0.001	0.102
0.589	0.033	0.155	0.223
0.001	0.001	0.144	0.854
0.733	0.112	0.001	0.154
