>GGYGTGGC	1-GGYGTGGC	6.640440	-1994.636734	0	T:7194.0(58.38%),B:11407.6(30.82%),P:1e-866	Tpos:132.4,Tstd:89.6,Bpos:111.5,Bstd:72.6,StrandBias:0.0,Multiplicity:1.98
0.001	0.001	0.997	0.001
0.001	0.001	0.997	0.001
0.071	0.457	0.001	0.471
0.001	0.001	0.997	0.001
0.001	0.001	0.267	0.731
0.239	0.001	0.759	0.001
0.080	0.001	0.849	0.070
0.001	0.664	0.001	0.334
>YGATTGGC	2-YGATTGGC	2.975585	-1608.162015	0	T:3457.0(28.05%),B:3668.3(9.91%),P:1e-698	Tpos:129.7,Tstd:80.2,Bpos:103.7,Bstd:75.6,StrandBias:-0.0,Multiplicity:1.51
0.001	0.486	0.001	0.512
0.001	0.326	0.593	0.080
0.997	0.001	0.001	0.001
0.001	0.001	0.001	0.997
0.001	0.001	0.001	0.997
0.001	0.001	0.997	0.001
0.001	0.001	0.997	0.001
0.001	0.855	0.001	0.143
>DAYCCGCC	3-DAYCCGCC	3.310818	-933.527606	0	T:6183.0(50.17%),B:11642.1(31.45%),P:1e-405	Tpos:137.8,Tstd:93.8,Bpos:114.7,Bstd:77.2,StrandBias:0.0,Multiplicity:1.39
0.266	0.001	0.412	0.321
0.736	0.259	0.001	0.004
0.071	0.529	0.001	0.399
0.001	0.997	0.001	0.001
0.001	0.997	0.001	0.001
0.001	0.001	0.997	0.001
0.001	0.997	0.001	0.001
0.001	0.997	0.001	0.001
>GMCMCWCC	4-GMCMCWCC	6.992943	-708.952309	0	T:3374.0(27.38%),B:5307.3(14.34%),P:1e-307	Tpos:130.7,Tstd:90.2,Bpos:117.9,Bstd:72.9,StrandBias:0.1,Multiplicity:1.14
0.329	0.001	0.669	0.001
0.289	0.406	0.154	0.152
0.001	0.791	0.001	0.207
0.493	0.505	0.001	0.001
0.298	0.474	0.001	0.228
0.517	0.001	0.070	0.412
0.001	0.997	0.001	0.001
0.001	0.997	0.001	0.001
>GCCWAYCA	5-GCCWAYCA	8.490473	-581.095168	0	T:1070.0(8.68%),B:947.2(2.56%),P:1e-252	Tpos:137.3,Tstd:85.7,Bpos:119.1,Bstd:72.6,StrandBias:0.2,Multiplicity:1.13
0.066	0.003	0.930	0.001
0.042	0.956	0.001	0.001
0.001	0.759	0.239	0.001
0.548	0.001	0.026	0.425
0.997	0.001	0.001	0.001
0.001	0.453	0.082	0.465
0.217	0.756	0.001	0.026
0.739	0.001	0.259	0.001
>CCGGAAGT	6-CCGGAAGT	7.332456	-395.134198	0	T:1528.0(12.40%),B:2112.8(5.71%),P:1e-171	Tpos:136.6,Tstd:88.5,Bpos:109.7,Bstd:68.3,StrandBias:0.1,Multiplicity:1.25
0.039	0.801	0.146	0.014
0.046	0.952	0.001	0.001
0.001	0.001	0.997	0.001
0.001	0.001	0.997	0.001
0.997	0.001	0.001	0.001
0.951	0.001	0.001	0.047
0.048	0.030	0.921	0.001
0.104	0.142	0.030	0.724
>VVTGACGY	7-VVTGACGY	6.536225	-283.709630	0	T:1825.0(14.81%),B:3087.0(8.34%),P:1e-123	Tpos:133.5,Tstd:89.0,Bpos:110.0,Bstd:72.4,StrandBias:-0.0,Multiplicity:1.18
0.277	0.200	0.343	0.179
0.396	0.275	0.329	0.001
0.001	0.001	0.001	0.997
0.039	0.251	0.647	0.063
0.997	0.001	0.001	0.001
0.041	0.957	0.001	0.001
0.185	0.001	0.812	0.002
0.148	0.370	0.001	0.481
>GCCAATTC	8-GCCAATTC	4.183995	-241.966273	0	T:815.0(6.61%),B:1040.4(2.81%),P:1e-105	Tpos:126.8,Tstd:78.0,Bpos:118.6,Bstd:78.0,StrandBias:-0.1,Multiplicity:1.11
0.077	0.001	0.921	0.001
0.001	0.997	0.001	0.001
0.001	0.997	0.001	0.001
0.997	0.001	0.001	0.001
0.997	0.001	0.001	0.001
0.001	0.001	0.001	0.997
0.001	0.055	0.001	0.943
0.014	0.978	0.007	0.001
>GGGAGGAG	9-GGGAGGAG	8.779791	-230.159376	0	T:2470.0(20.04%),B:4867.9(13.15%),P:1e-99	Tpos:135.6,Tstd:95.3,Bpos:120.4,Bstd:71.2,StrandBias:0.0,Multiplicity:1.24
0.001	0.001	0.997	0.001
0.001	0.001	0.997	0.001
0.001	0.001	0.997	0.001
0.777	0.001	0.001	0.221
0.001	0.001	0.997	0.001
0.001	0.001	0.997	0.001
0.868	0.001	0.001	0.130
0.001	0.001	0.997	0.001
>CTTTAATC	10-CTTTAATC	8.288701	-193.716330	0	T:617.0(5.01%),B:763.0(2.06%),P:1e-84	Tpos:121.6,Tstd:87.3,Bpos:114.7,Bstd:72.6,StrandBias:-0.0,Multiplicity:1.08
0.001	0.997	0.001	0.001
0.001	0.062	0.006	0.931
0.001	0.001	0.001	0.997
0.001	0.001	0.001	0.997
0.997	0.001	0.001	0.001
0.997	0.001	0.001	0.001
0.001	0.001	0.001	0.997
0.001	0.997	0.001	0.001
>GCATGCGC	11-GCATGCGC	8.300702	-162.735407	0	T:1547.0(12.55%),B:2918.0(7.88%),P:1e-70	Tpos:138.2,Tstd:90.0,Bpos:112.6,Bstd:73.2,StrandBias:0.0,Multiplicity:1.25
0.024	0.001	0.974	0.001
0.009	0.989	0.001	0.001
0.732	0.111	0.093	0.064
0.026	0.062	0.086	0.826
0.001	0.001	0.994	0.004
0.001	0.997	0.001	0.001
0.001	0.001	0.959	0.039
0.005	0.883	0.001	0.111
>GTTCAAGG	12-GTTCAAGG	8.236954	-156.616174	0	T:454.0(3.68%),B:533.3(1.44%),P:1e-68	Tpos:127.9,Tstd:89.2,Bpos:116.6,Bstd:75.6,StrandBias:-0.2,Multiplicity:1.08
0.100	0.100	0.700	0.100
0.100	0.100	0.100	0.700
0.100	0.100	0.100	0.700
0.100	0.700	0.100	0.100
0.700	0.100	0.100	0.100
0.700	0.100	0.100	0.100
0.100	0.100	0.700	0.100
0.100	0.100	0.700	0.100
>BCTTATCT	13-BCTTATCT	7.017836	-154.009045	0	T:1309.0(10.62%),B:2388.2(6.45%),P:1e-66	Tpos:134.5,Tstd:92.6,Bpos:117.1,Bstd:76.6,StrandBias:0.0,Multiplicity:1.16
0.001	0.265	0.335	0.399
0.001	0.622	0.222	0.155
0.001	0.001	0.001	0.997
0.367	0.001	0.001	0.631
0.997	0.001	0.001	0.001
0.001	0.001	0.001	0.997
0.001	0.997	0.001	0.001
0.285	0.001	0.001	0.713
>AGGAATGT	14-AGGAATGT	3.468218	-142.246496	0	T:1612.0(13.08%),B:3179.0(8.59%),P:1e-61	Tpos:132.9,Tstd:95.7,Bpos:118.5,Bstd:75.7,StrandBias:0.1,Multiplicity:1.15
0.601	0.001	0.001	0.397
0.001	0.001	0.997	0.001
0.001	0.001	0.997	0.001
0.997	0.001	0.001	0.001
0.997	0.001	0.001	0.001
0.001	0.001	0.001	0.997
0.001	0.275	0.716	0.008
0.001	0.304	0.001	0.694
>TTTCGCGA	15-TTTCGCGA	7.068878	-131.300469	0	T:572.0(4.64%),B:820.1(2.22%),P:1e-57	Tpos:139.2,Tstd:96.2,Bpos:112.0,Bstd:78.1,StrandBias:-0.1,Multiplicity:1.12
0.137	0.001	0.001	0.861
0.238	0.244	0.001	0.517
0.253	0.001	0.001	0.745
0.058	0.889	0.001	0.052
0.001	0.001	0.997	0.001
0.001	0.826	0.001	0.172
0.126	0.001	0.872	0.001
0.586	0.157	0.213	0.044
>ATKCAAAC	16-ATKCAAAC	7.725172	-130.041642	0	T:671.0(5.45%),B:1031.4(2.79%),P:1e-56	Tpos:132.5,Tstd:90.5,Bpos:123.5,Bstd:76.2,StrandBias:-0.0,Multiplicity:1.10
0.997	0.001	0.001	0.001
0.143	0.107	0.001	0.749
0.186	0.001	0.468	0.345
0.001	0.905	0.001	0.093
0.857	0.001	0.057	0.085
0.826	0.030	0.001	0.143
0.997	0.001	0.001	0.001
0.164	0.625	0.001	0.210
>GGCCCGCC	17-GGCCCGCC	7.996902	-127.665888	0	T:1481.0(12.02%),B:2931.9(7.92%),P:1e-55	Tpos:134.8,Tstd:89.7,Bpos:114.2,Bstd:76.4,StrandBias:0.0,Multiplicity:1.11
0.270	0.001	0.728	0.001
0.001	0.001	0.997	0.001
0.001	0.997	0.001	0.001
0.171	0.827	0.001	0.001
0.001	0.997	0.001	0.001
0.001	0.001	0.997	0.001
0.001	0.997	0.001	0.001
0.001	0.997	0.001	0.001
>TACTMCAA	18-TACTMCAA	6.448294	-122.675335	0	T:1876.0(15.22%),B:3956.1(10.69%),P:1e-53	Tpos:129.3,Tstd:86.0,Bpos:117.6,Bstd:75.2,StrandBias:0.1,Multiplicity:1.26
0.188	0.034	0.100	0.678
0.621	0.371	0.007	0.001
0.045	0.875	0.038	0.042
0.295	0.001	0.015	0.689
0.448	0.474	0.001	0.077
0.012	0.871	0.001	0.116
0.602	0.179	0.008	0.211
0.860	0.089	0.050	0.001
>STTTACGS	19-STTTACGS	5.884251	-119.671254	0	T:1264.0(10.26%),B:2440.6(6.59%),P:1e-51	Tpos:133.4,Tstd:91.5,Bpos:118.1,Bstd:76.6,StrandBias:-0.1,Multiplicity:1.10
0.055	0.411	0.393	0.141
0.071	0.001	0.122	0.806
0.034	0.049	0.027	0.890
0.072	0.016	0.120	0.792
0.590	0.328	0.039	0.043
0.026	0.805	0.118	0.051
0.081	0.054	0.844	0.021
0.114	0.458	0.387	0.041
>AAGGAAGT	20-AAGGAAGT	3.868857	-117.819856	0	T:1352.0(10.97%),B:2665.0(7.20%),P:1e-51	Tpos:134.9,Tstd:95.4,Bpos:120.7,Bstd:72.2,StrandBias:0.2,Multiplicity:1.11
0.690	0.001	0.308	0.001
0.744	0.001	0.254	0.001
0.001	0.001	0.997	0.001
0.001	0.001	0.997	0.001
0.997	0.001	0.001	0.001
0.997	0.001	0.001	0.001
0.001	0.001	0.997	0.001
0.001	0.001	0.001	0.997
>GACTACAA	21-GACTACAA	5.090285	-111.367803	0	T:548.0(4.45%),B:826.3(2.23%),P:1e-48	Tpos:129.6,Tstd:92.3,Bpos:116.5,Bstd:75.4,StrandBias:-0.2,Multiplicity:1.07
0.047	0.001	0.951	0.001
0.997	0.001	0.001	0.001
0.001	0.997	0.001	0.001
0.001	0.001	0.001	0.997
0.997	0.001	0.001	0.001
0.001	0.997	0.001	0.001
0.940	0.001	0.058	0.001
0.923	0.001	0.001	0.075
>TGTCAATC	22-TGTCAATC	3.502923	-104.848254	0	T:815.0(6.61%),B:1441.2(3.89%),P:1e-45	Tpos:142.1,Tstd:115.3,Bpos:118.8,Bstd:72.0,StrandBias:-0.1,Multiplicity:1.09
0.001	0.057	0.001	0.941
0.001	0.001	0.997	0.001
0.001	0.001	0.001	0.997
0.001	0.997	0.001	0.001
0.997	0.001	0.001	0.001
0.516	0.209	0.129	0.146
0.001	0.001	0.001	0.997
0.001	0.997	0.001	0.001
>AAACAAAC	23-AAACAAAC	8.304702	-43.505345	0	T:405.0(3.29%),B:755.4(2.04%),P:1e-18	Tpos:132.7,Tstd:92.1,Bpos:123.8,Bstd:76.8,StrandBias:0.2,Multiplicity:1.60
0.935	0.001	0.063	0.001
0.997	0.001	0.001	0.001
0.997	0.001	0.001	0.001
0.001	0.997	0.001	0.001
0.997	0.001	0.001	0.001
0.997	0.001	0.001	0.001
0.997	0.001	0.001	0.001
0.001	0.997	0.001	0.001
>CTAATAGT	24-CTAATAGT	8.888955	-40.760750	0	T:99.0(0.80%),B:107.6(0.29%),P:1e-17	Tpos:129.7,Tstd:72.3,Bpos:128.7,Bstd:81.1,StrandBias:-0.8,Multiplicity:1.01
0.001	0.997	0.001	0.001
0.001	0.001	0.001	0.997
0.997	0.001	0.001	0.001
0.997	0.001	0.001	0.001
0.001	0.001	0.001	0.997
0.885	0.113	0.001	0.001
0.001	0.001	0.997	0.001
0.001	0.001	0.001	0.997
>CGCAAGCG	25-CGCAAGCG	8.236954	-31.935372	0	T:172.0(1.40%),B:272.2(0.74%),P:1e-13	Tpos:131.4,Tstd:89.1,Bpos:112.1,Bstd:76.2,StrandBias:-0.2,Multiplicity:1.04
0.100	0.700	0.100	0.100
0.100	0.100	0.700	0.100
0.100	0.700	0.100	0.100
0.700	0.100	0.100	0.100
0.700	0.100	0.100	0.100
0.100	0.100	0.700	0.100
0.100	0.700	0.100	0.100
0.100	0.100	0.700	0.100
