>GCCACACC	1-GCCACACC	8.354778	-1051.678974	0	T:10699.0(25.72%),B:6889.7(16.82%),P:1e-456	Tpos:439.8,Tstd:315.9,Bpos:289.8,Bstd:175.4,StrandBias:-0.0,Multiplicity:1.40
0.129	0.001	0.869	0.001
0.079	0.870	0.001	0.050
0.001	0.997	0.001	0.001
0.877	0.121	0.001	0.001
0.001	0.997	0.001	0.001
0.761	0.001	0.099	0.139
0.001	0.997	0.001	0.001
0.001	0.997	0.001	0.001
>TTTACTGC	2-TTTACTGC	7.544126	-519.393114	0	T:7528.0(18.10%),B:5155.1(12.59%),P:1e-225	Tpos:393.4,Tstd:338.7,Bpos:296.9,Bstd:179.5,StrandBias:0.0,Multiplicity:1.20
0.001	0.001	0.001	0.997
0.001	0.001	0.001	0.997
0.001	0.001	0.001	0.997
0.997	0.001	0.001	0.001
0.001	0.681	0.034	0.284
0.242	0.015	0.267	0.476
0.386	0.016	0.597	0.001
0.001	0.997	0.001	0.001
>GCCCCGCC	3-GCCCCGCC	7.746164	-436.951933	0	T:11249.0(27.04%),B:8593.6(20.98%),P:1e-189	Tpos:476.1,Tstd:315.5,Bpos:284.9,Bstd:175.8,StrandBias:-0.0,Multiplicity:2.06
0.240	0.001	0.556	0.203
0.083	0.700	0.001	0.216
0.001	0.688	0.001	0.310
0.309	0.689	0.001	0.001
0.001	0.997	0.001	0.001
0.001	0.001	0.997	0.001
0.001	0.997	0.001	0.001
0.001	0.997	0.001	0.001
>AGGGGGCA	4-AGGGGGCA	5.313877	-427.331240	0	T:8173.0(19.65%),B:5902.2(14.41%),P:1e-185	Tpos:393.6,Tstd:323.6,Bpos:297.0,Bstd:178.5,StrandBias:-0.0,Multiplicity:1.15
0.997	0.001	0.001	0.001
0.001	0.001	0.997	0.001
0.012	0.001	0.986	0.001
0.001	0.001	0.997	0.001
0.001	0.001	0.997	0.001
0.001	0.001	0.997	0.001
0.001	0.997	0.001	0.001
0.735	0.001	0.263	0.001
>CCGGAATT	5-CCGGAATT	6.023404	-413.666873	0	T:12130.0(29.16%),B:9454.9(23.08%),P:1e-179	Tpos:412.2,Tstd:333.7,Bpos:292.7,Bstd:177.7,StrandBias:-0.0,Multiplicity:1.31
0.080	0.733	0.109	0.078
0.169	0.565	0.097	0.169
0.038	0.098	0.852	0.012
0.037	0.100	0.830	0.033
0.847	0.059	0.064	0.030
0.836	0.057	0.025	0.082
0.077	0.043	0.160	0.720
0.059	0.153	0.169	0.619
>ACATTCTT	6-ACATTCTT	9.295901	-349.391801	0	T:3299.0(7.93%),B:2011.1(4.91%),P:1e-151	Tpos:386.8,Tstd:309.8,Bpos:296.5,Bstd:174.9,StrandBias:-0.1,Multiplicity:1.07
0.997	0.001	0.001	0.001
0.156	0.842	0.001	0.001
0.997	0.001	0.001	0.001
0.001	0.001	0.001	0.997
0.001	0.001	0.001	0.997
0.001	0.997	0.001	0.001
0.001	0.201	0.001	0.797
0.001	0.001	0.001	0.997
>CAAGGTSG	7-CAAGGTSG	8.393199	-327.402115	0	T:4370.0(10.50%),B:2905.1(7.09%),P:1e-142	Tpos:403.8,Tstd:332.1,Bpos:301.1,Bstd:180.4,StrandBias:-0.0,Multiplicity:1.09
0.001	0.863	0.113	0.023
0.904	0.001	0.042	0.053
0.837	0.062	0.100	0.001
0.001	0.131	0.755	0.113
0.115	0.001	0.883	0.001
0.001	0.078	0.001	0.920
0.001	0.521	0.405	0.073
0.323	0.055	0.506	0.116
>MATTCCGA	8-MATTCCGA	7.082796	-300.740424	0	T:6134.0(14.75%),B:4445.4(10.85%),P:1e-130	Tpos:402.7,Tstd:337.5,Bpos:295.7,Bstd:181.4,StrandBias:0.0,Multiplicity:1.10
0.331	0.477	0.191	0.001
0.786	0.001	0.001	0.212
0.190	0.067	0.001	0.742
0.001	0.001	0.001	0.997
0.001	0.997	0.001	0.001
0.001	0.997	0.001	0.001
0.222	0.001	0.598	0.179
0.494	0.297	0.001	0.209
>GATAATGG	9-GATAATGG	8.236954	-263.460254	0	T:1224.0(2.94%),B:585.3(1.43%),P:1e-114	Tpos:365.9,Tstd:300.7,Bpos:295.4,Bstd:176.5,StrandBias:0.1,Multiplicity:1.01
0.100	0.100	0.700	0.100
0.700	0.100	0.100	0.100
0.100	0.100	0.100	0.700
0.700	0.100	0.100	0.100
0.700	0.100	0.100	0.100
0.100	0.100	0.100	0.700
0.100	0.100	0.700	0.100
0.100	0.100	0.700	0.100
>CGAGATAA	10-CGAGATAA	6.256908	-263.336921	0	T:7822.0(18.80%),B:6024.9(14.71%),P:1e-114	Tpos:407.2,Tstd:343.1,Bpos:300.2,Bstd:177.4,StrandBias:0.0,Multiplicity:1.22
0.124	0.618	0.097	0.161
0.111	0.250	0.584	0.055
0.717	0.105	0.057	0.121
0.073	0.015	0.857	0.055
0.766	0.054	0.041	0.139
0.041	0.053	0.040	0.866
0.762	0.041	0.029	0.168
0.831	0.045	0.071	0.053
>CCTSAGGC	11-CCTSAGGC	7.472866	-257.527304	0	T:12218.0(29.37%),B:10044.0(24.52%),P:1e-111	Tpos:417.5,Tstd:334.8,Bpos:299.3,Bstd:180.1,StrandBias:-0.0,Multiplicity:1.30
0.001	0.997	0.001	0.001
0.001	0.952	0.001	0.046
0.001	0.250	0.106	0.643
0.123	0.320	0.363	0.195
0.800	0.001	0.198	0.001
0.001	0.001	0.997	0.001
0.001	0.001	0.997	0.001
0.001	0.606	0.392	0.001
>GACACACC	12-GACACACC	7.256646	-246.439921	0	T:4809.0(11.56%),B:3445.0(8.41%),P:1e-107	Tpos:422.2,Tstd:327.5,Bpos:298.3,Bstd:174.1,StrandBias:-0.1,Multiplicity:1.14
0.001	0.001	0.921	0.077
0.700	0.001	0.001	0.298
0.001	0.997	0.001	0.001
0.997	0.001	0.001	0.001
0.001	0.997	0.001	0.001
0.918	0.001	0.080	0.001
0.001	0.997	0.001	0.001
0.001	0.997	0.001	0.001
>GAGCGTTC	13-GAGCGTTC	7.906019	-232.589513	0	T:3360.0(8.08%),B:2263.3(5.53%),P:1e-101	Tpos:379.1,Tstd:314.5,Bpos:296.4,Bstd:182.0,StrandBias:0.0,Multiplicity:1.03
0.140	0.001	0.767	0.092
0.856	0.142	0.001	0.001
0.001	0.001	0.997	0.001
0.155	0.843	0.001	0.001
0.312	0.001	0.686	0.001
0.001	0.001	0.001	0.997
0.155	0.001	0.001	0.843
0.001	0.713	0.001	0.285
>CCAATTAA	14-CCAATTAA	7.528863	-231.482990	0	T:1293.0(3.11%),B:664.6(1.62%),P:1e-100	Tpos:368.1,Tstd:316.8,Bpos:297.4,Bstd:170.5,StrandBias:0.0,Multiplicity:1.02
0.001	0.997	0.001	0.001
0.001	0.997	0.001	0.001
0.969	0.001	0.029	0.001
0.997	0.001	0.001	0.001
0.001	0.001	0.001	0.997
0.001	0.001	0.001	0.997
0.997	0.001	0.001	0.001
0.997	0.001	0.001	0.001
>RTCACGCG	15-RTCACGCG	8.155709	-209.996342	0	T:1713.0(4.12%),B:997.3(2.43%),P:1e-91	Tpos:449.4,Tstd:327.7,Bpos:288.6,Bstd:171.4,StrandBias:-0.0,Multiplicity:1.10
0.343	0.001	0.452	0.204
0.008	0.285	0.001	0.706
0.001	0.997	0.001	0.001
0.847	0.001	0.003	0.149
0.101	0.823	0.001	0.075
0.001	0.001	0.997	0.001
0.001	0.644	0.001	0.354
0.001	0.058	0.827	0.114
>YCAAGGCA	16-YCAAGGCA	7.743524	-186.655244	0	T:8715.0(20.95%),B:7090.9(17.31%),P:1e-81	Tpos:396.6,Tstd:338.9,Bpos:294.6,Bstd:175.2,StrandBias:0.0,Multiplicity:1.19
0.001	0.473	0.001	0.525
0.001	0.709	0.001	0.289
0.585	0.010	0.001	0.404
0.997	0.001	0.001	0.001
0.001	0.295	0.703	0.001
0.001	0.001	0.997	0.001
0.001	0.997	0.001	0.001
0.704	0.232	0.063	0.001
>ACCGGTTT	17-ACCGGTTT	5.444796	-181.303778	0	T:10201.0(24.52%),B:8478.9(20.70%),P:1e-78	Tpos:426.8,Tstd:346.4,Bpos:300.1,Bstd:190.5,StrandBias:0.0,Multiplicity:1.32
0.593	0.118	0.137	0.152
0.021	0.767	0.106	0.106
0.100	0.813	0.086	0.001
0.001	0.099	0.899	0.001
0.111	0.102	0.786	0.001
0.116	0.136	0.101	0.647
0.001	0.183	0.104	0.712
0.055	0.141	0.020	0.784
>GCCTGGAT	18-GCCTGGAT	9.733721	-177.056464	0	T:4156.0(9.99%),B:3062.1(7.48%),P:1e-76	Tpos:383.0,Tstd:319.8,Bpos:299.9,Bstd:176.1,StrandBias:-0.0,Multiplicity:1.12
0.001	0.001	0.997	0.001
0.001	0.997	0.001	0.001
0.001	0.997	0.001	0.001
0.001	0.001	0.001	0.997
0.001	0.001	0.997	0.001
0.001	0.001	0.997	0.001
0.997	0.001	0.001	0.001
0.263	0.001	0.001	0.735
>CKCGACCT	19-CKCGACCT	4.769570	-176.042809	0	T:8158.0(19.61%),B:6623.7(16.17%),P:1e-76	Tpos:420.8,Tstd:332.7,Bpos:299.0,Bstd:180.5,StrandBias:0.0,Multiplicity:1.22
0.001	0.997	0.001	0.001
0.001	0.001	0.480	0.518
0.001	0.997	0.001	0.001
0.001	0.225	0.773	0.001
0.997	0.001	0.001	0.001
0.001	0.997	0.001	0.001
0.001	0.822	0.176	0.001
0.001	0.019	0.001	0.979
>CTGAACCT	20-CTGAACCT	8.236954	-168.347232	0	T:2041.0(4.91%),B:1318.2(3.22%),P:1e-73	Tpos:371.6,Tstd:321.4,Bpos:299.0,Bstd:170.7,StrandBias:0.0,Multiplicity:1.24
0.100	0.700	0.100	0.100
0.100	0.100	0.100	0.700
0.100	0.100	0.700	0.100
0.700	0.100	0.100	0.100
0.700	0.100	0.100	0.100
0.100	0.700	0.100	0.100
0.100	0.700	0.100	0.100
0.100	0.100	0.100	0.700
>GCTTATCA	21-GCTTATCA	8.000865	-151.056564	0	T:3750.0(9.01%),B:2784.3(6.80%),P:1e-65	Tpos:379.6,Tstd:320.1,Bpos:292.1,Bstd:175.4,StrandBias:-0.0,Multiplicity:1.08
0.001	0.311	0.461	0.227
0.001	0.951	0.047	0.001
0.001	0.001	0.109	0.889
0.001	0.001	0.225	0.773
0.997	0.001	0.001	0.001
0.041	0.036	0.001	0.922
0.390	0.608	0.001	0.001
0.856	0.001	0.142	0.001
>TAGATAGG	22-TAGATAGG	7.816115	-127.561042	0	T:2924.0(7.03%),B:2140.6(5.23%),P:1e-55	Tpos:389.6,Tstd:318.2,Bpos:299.2,Bstd:177.2,StrandBias:-0.0,Multiplicity:1.07
0.001	0.001	0.001	0.997
0.710	0.288	0.001	0.001
0.001	0.001	0.997	0.001
0.763	0.001	0.001	0.235
0.001	0.001	0.001	0.997
0.778	0.220	0.001	0.001
0.322	0.001	0.676	0.001
0.001	0.277	0.474	0.248
>CTGGCTTA	23-CTGGCTTA	8.236954	-126.528933	0	T:1689.0(4.06%),B:1114.4(2.72%),P:1e-54	Tpos:368.9,Tstd:312.1,Bpos:298.8,Bstd:178.3,StrandBias:-0.0,Multiplicity:1.02
0.100	0.700	0.100	0.100
0.100	0.100	0.100	0.700
0.100	0.100	0.700	0.100
0.100	0.100	0.700	0.100
0.100	0.700	0.100	0.100
0.100	0.100	0.100	0.700
0.100	0.100	0.100	0.700
0.700	0.100	0.100	0.100
>GAACAGAC	24-GAACAGAC	8.236954	-120.806563	0	T:1342.0(3.23%),B:848.8(2.07%),P:1e-52	Tpos:375.7,Tstd:321.6,Bpos:305.1,Bstd:170.2,StrandBias:-0.1,Multiplicity:1.02
0.100	0.100	0.700	0.100
0.700	0.100	0.100	0.100
0.700	0.100	0.100	0.100
0.100	0.700	0.100	0.100
0.700	0.100	0.100	0.100
0.100	0.100	0.700	0.100
0.700	0.100	0.100	0.100
0.100	0.700	0.100	0.100
>AGATCTCG	25-AGATCTCG	5.879760	-66.563230	0	T:8504.0(20.44%),B:7487.7(18.28%),P:1e-28	Tpos:402.2,Tstd:342.2,Bpos:300.5,Bstd:177.1,StrandBias:0.0,Multiplicity:1.17
0.950	0.001	0.030	0.019
0.030	0.011	0.958	0.001
0.950	0.001	0.025	0.024
0.017	0.024	0.001	0.958
0.018	0.980	0.001	0.001
0.026	0.029	0.021	0.924
0.091	0.534	0.204	0.171
0.001	0.119	0.742	0.138
