>TTTATGGC	1-TTTATGGC	8.444120	-1274.566746	0	T:2059.0(15.19%),B:1476.0(4.14%),P:1e-553	Tpos:443.6,Tstd:374.3,Bpos:266.1,Bstd:162.1,StrandBias:0.0,Multiplicity:1.13
0.134	0.107	0.001	0.758
0.001	0.001	0.134	0.864
0.001	0.001	0.001	0.997
0.899	0.001	0.001	0.099
0.099	0.123	0.001	0.777
0.123	0.001	0.534	0.342
0.391	0.001	0.607	0.001
0.001	0.749	0.001	0.249
>TGACTCAT	2-TGACTCAT	7.861497	-1018.253302	0	T:2536.0(18.71%),B:2493.7(6.99%),P:1e-442	Tpos:379.8,Tstd:304.3,Bpos:265.6,Bstd:159.8,StrandBias:-0.0,Multiplicity:1.21
0.001	0.001	0.001	0.997
0.001	0.022	0.965	0.012
0.987	0.011	0.001	0.001
0.019	0.736	0.219	0.026
0.020	0.001	0.007	0.972
0.014	0.984	0.001	0.001
0.976	0.001	0.001	0.022
0.036	0.204	0.159	0.601
>TTTAYRGC	3-TTTAYRGC	7.077722	-943.745901	0	T:4200.0(30.98%),B:5706.7(15.99%),P:1e-409	Tpos:413.1,Tstd:350.3,Bpos:265.6,Bstd:166.5,StrandBias:0.0,Multiplicity:1.31
0.001	0.057	0.041	0.901
0.001	0.001	0.001	0.997
0.007	0.001	0.001	0.991
0.905	0.001	0.001	0.093
0.001	0.572	0.001	0.426
0.435	0.001	0.563	0.001
0.400	0.001	0.598	0.001
0.001	0.628	0.137	0.234
>RTGACTCA	4-RTGACTCA	7.001909	-860.953907	0	T:2595.0(19.14%),B:2842.1(7.96%),P:1e-373	Tpos:422.5,Tstd:330.8,Bpos:270.4,Bstd:163.0,StrandBias:0.1,Multiplicity:1.06
0.470	0.039	0.387	0.104
0.047	0.001	0.001	0.951
0.050	0.101	0.529	0.320
0.905	0.041	0.001	0.053
0.106	0.775	0.053	0.066
0.197	0.023	0.043	0.737
0.082	0.638	0.104	0.176
0.537	0.006	0.242	0.215
>TACATTCC	5-TACATTCC	7.348301	-617.580550	0	T:2830.0(20.87%),B:3771.5(10.57%),P:1e-268	Tpos:430.1,Tstd:346.0,Bpos:264.7,Bstd:160.8,StrandBias:-0.1,Multiplicity:1.36
0.054	0.138	0.051	0.757
0.791	0.019	0.150	0.040
0.236	0.762	0.001	0.001
0.989	0.001	0.001	0.009
0.001	0.014	0.001	0.984
0.001	0.001	0.001	0.997
0.045	0.953	0.001	0.001
0.164	0.834	0.001	0.001
>CATTATTC	6-CATTATTC	8.236954	-298.611695	0	T:516.0(3.81%),B:376.1(1.05%),P:1e-129	Tpos:484.8,Tstd:342.8,Bpos:268.4,Bstd:163.5,StrandBias:0.1,Multiplicity:1.02
0.100	0.700	0.100	0.100
0.700	0.100	0.100	0.100
0.100	0.100	0.100	0.700
0.100	0.100	0.100	0.700
0.700	0.100	0.100	0.100
0.100	0.100	0.100	0.700
0.100	0.100	0.100	0.700
0.100	0.700	0.100	0.100
>YGGAATTC	7-YGGAATTC	8.504360	-274.792678	0	T:1508.0(11.12%),B:2098.1(5.88%),P:1e-119	Tpos:412.1,Tstd:372.0,Bpos:263.5,Bstd:165.1,StrandBias:0.0,Multiplicity:1.17
0.061	0.522	0.042	0.375
0.168	0.001	0.635	0.196
0.001	0.006	0.992	0.001
0.986	0.012	0.001	0.001
0.988	0.010	0.001	0.001
0.001	0.081	0.001	0.917
0.001	0.001	0.009	0.989
0.006	0.980	0.010	0.004
>ATAGCTAA	8-ATAGCTAA	9.638031	-273.726651	0	T:719.0(5.30%),B:700.1(1.96%),P:1e-118	Tpos:471.6,Tstd:372.8,Bpos:265.3,Bstd:167.2,StrandBias:0.1,Multiplicity:1.17
0.759	0.239	0.001	0.001
0.001	0.001	0.001	0.997
0.997	0.001	0.001	0.001
0.001	0.001	0.997	0.001
0.001	0.997	0.001	0.001
0.001	0.001	0.001	0.997
0.997	0.001	0.001	0.001
0.997	0.001	0.001	0.001
>GGGTGTGA	9-GGGTGTGA	8.655912	-264.660115	0	T:1381.0(10.19%),B:1882.5(5.27%),P:1e-114	Tpos:447.2,Tstd:341.0,Bpos:265.0,Bstd:158.1,StrandBias:0.1,Multiplicity:1.26
0.407	0.001	0.591	0.001
0.001	0.001	0.997	0.001
0.001	0.001	0.997	0.001
0.001	0.001	0.001	0.997
0.001	0.001	0.997	0.001
0.001	0.001	0.001	0.997
0.151	0.001	0.847	0.001
0.997	0.001	0.001	0.001
>BTATTGTC	10-BTATTGTC	8.062433	-254.876457	0	T:1720.0(12.69%),B:2576.5(7.22%),P:1e-110	Tpos:448.9,Tstd:364.1,Bpos:268.6,Bstd:163.4,StrandBias:-0.1,Multiplicity:1.23
0.001	0.381	0.288	0.330
0.001	0.001	0.001	0.997
0.997	0.001	0.001	0.001
0.001	0.001	0.001	0.997
0.248	0.001	0.001	0.750
0.001	0.001	0.997	0.001
0.001	0.001	0.001	0.997
0.249	0.578	0.001	0.172
>CGATTTGA	11-CGATTTGA	8.236954	-235.901299	0	T:209.0(1.54%),B:77.1(0.22%),P:1e-102	Tpos:453.5,Tstd:377.4,Bpos:301.2,Bstd:154.3,StrandBias:-0.1,Multiplicity:1.00
0.100	0.700	0.100	0.100
0.100	0.100	0.700	0.100
0.700	0.100	0.100	0.100
0.100	0.100	0.100	0.700
0.100	0.100	0.100	0.700
0.100	0.100	0.100	0.700
0.100	0.100	0.700	0.100
0.700	0.100	0.100	0.100
>AGGAAGTR	12-AGGAAGTR	9.160925	-230.098643	0	T:1936.0(14.28%),B:3106.8(8.70%),P:1e-99	Tpos:405.7,Tstd:346.3,Bpos:267.1,Bstd:156.2,StrandBias:0.0,Multiplicity:1.16
0.829	0.169	0.001	0.001
0.001	0.001	0.997	0.001
0.001	0.001	0.997	0.001
0.997	0.001	0.001	0.001
0.997	0.001	0.001	0.001
0.001	0.342	0.656	0.001
0.001	0.001	0.001	0.997
0.520	0.001	0.476	0.003
>CCGTTCCA	13-CCGTTCCA	8.239104	-228.699363	0	T:424.0(3.13%),B:326.9(0.92%),P:1e-99	Tpos:429.5,Tstd:370.0,Bpos:273.8,Bstd:167.0,StrandBias:-0.1,Multiplicity:1.10
0.001	0.997	0.001	0.001
0.001	0.997	0.001	0.001
0.001	0.001	0.997	0.001
0.001	0.001	0.001	0.997
0.001	0.001	0.001	0.997
0.001	0.997	0.001	0.001
0.001	0.734	0.059	0.206
0.997	0.001	0.001	0.001
>ATAAGTGC	14-ATAAGTGC	8.236954	-221.424149	0	T:376.0(2.77%),B:270.7(0.76%),P:1e-96	Tpos:457.8,Tstd:457.4,Bpos:259.8,Bstd:164.2,StrandBias:0.0,Multiplicity:1.01
0.700	0.100	0.100	0.100
0.100	0.100	0.100	0.700
0.700	0.100	0.100	0.100
0.700	0.100	0.100	0.100
0.100	0.100	0.700	0.100
0.100	0.100	0.100	0.700
0.100	0.100	0.700	0.100
0.100	0.700	0.100	0.100
>GCTTCTAA	15-GCTTCTAA	10.640077	-219.678442	0	T:626.0(4.62%),B:638.2(1.79%),P:1e-95	Tpos:458.3,Tstd:328.5,Bpos:260.2,Bstd:161.3,StrandBias:0.1,Multiplicity:1.08
0.001	0.001	0.997	0.001
0.001	0.651	0.347	0.001
0.001	0.001	0.001	0.997
0.001	0.001	0.001	0.997
0.001	0.997	0.001	0.001
0.001	0.001	0.001	0.997
0.997	0.001	0.001	0.001
0.997	0.001	0.001	0.001
>GAGTATTG	16-GAGTATTG	8.236954	-210.032719	0	T:348.0(2.57%),B:245.6(0.69%),P:1e-91	Tpos:501.2,Tstd:319.9,Bpos:257.2,Bstd:158.4,StrandBias:0.2,Multiplicity:1.02
0.100	0.100	0.700	0.100
0.700	0.100	0.100	0.100
0.100	0.100	0.700	0.100
0.100	0.100	0.100	0.700
0.700	0.100	0.100	0.100
0.100	0.100	0.100	0.700
0.100	0.100	0.100	0.700
0.100	0.100	0.700	0.100
>TTAGATAG	17-TTAGATAG	10.838651	-203.433565	0	T:350.0(2.58%),B:254.7(0.71%),P:1e-88	Tpos:501.9,Tstd:334.9,Bpos:253.9,Bstd:169.0,StrandBias:0.1,Multiplicity:1.01
0.001	0.001	0.204	0.794
0.001	0.001	0.001	0.997
0.997	0.001	0.001	0.001
0.001	0.001	0.997	0.001
0.997	0.001	0.001	0.001
0.001	0.001	0.001	0.997
0.997	0.001	0.001	0.001
0.001	0.001	0.997	0.001
>TTTGTCAC	18-TTTGTCAC	8.014074	-190.554881	0	T:1579.0(11.65%),B:2510.8(7.03%),P:1e-82	Tpos:424.2,Tstd:368.7,Bpos:268.4,Bstd:155.5,StrandBias:-0.0,Multiplicity:1.13
0.001	0.001	0.001	0.997
0.282	0.050	0.155	0.513
0.121	0.001	0.001	0.877
0.032	0.031	0.936	0.001
0.001	0.001	0.001	0.997
0.001	0.983	0.015	0.001
0.870	0.001	0.044	0.085
0.001	0.934	0.064	0.001
>ACGCTTTG	19-ACGCTTTG	8.236954	-189.034998	0	T:255.0(1.88%),B:150.8(0.42%),P:1e-82	Tpos:366.4,Tstd:324.6,Bpos:256.8,Bstd:185.8,StrandBias:-0.3,Multiplicity:1.00
0.700	0.100	0.100	0.100
0.100	0.700	0.100	0.100
0.100	0.100	0.700	0.100
0.100	0.700	0.100	0.100
0.100	0.100	0.100	0.700
0.100	0.100	0.100	0.700
0.100	0.100	0.100	0.700
0.100	0.100	0.700	0.100
>CATCCGGT	20-CATCCGGT	8.236954	-183.977996	0	T:233.0(1.72%),B:129.3(0.36%),P:1e-79	Tpos:489.7,Tstd:329.8,Bpos:234.2,Bstd:156.2,StrandBias:-0.1,Multiplicity:1.00
0.100	0.700	0.100	0.100
0.700	0.100	0.100	0.100
0.100	0.100	0.100	0.700
0.100	0.700	0.100	0.100
0.100	0.700	0.100	0.100
0.100	0.100	0.700	0.100
0.100	0.100	0.700	0.100
0.100	0.100	0.100	0.700
>AGCCCTTG	21-AGCCCTTG	9.789188	-183.476717	0	T:1195.0(8.81%),B:1756.6(4.92%),P:1e-79	Tpos:446.3,Tstd:360.5,Bpos:269.2,Bstd:157.3,StrandBias:-0.0,Multiplicity:1.24
0.997	0.001	0.001	0.001
0.001	0.001	0.997	0.001
0.001	0.720	0.001	0.278
0.001	0.997	0.001	0.001
0.001	0.997	0.001	0.001
0.001	0.001	0.001	0.997
0.001	0.001	0.001	0.997
0.001	0.001	0.997	0.001
>ARGAATGT	22-ARGAATGT	8.638639	-182.715531	0	T:730.0(5.38%),B:883.8(2.48%),P:1e-79	Tpos:402.2,Tstd:335.4,Bpos:269.2,Bstd:163.1,StrandBias:0.1,Multiplicity:1.04
0.897	0.001	0.001	0.101
0.484	0.052	0.357	0.107
0.001	0.001	0.874	0.124
0.929	0.001	0.069	0.001
0.692	0.169	0.138	0.001
0.001	0.214	0.001	0.784
0.001	0.231	0.630	0.138
0.107	0.052	0.126	0.715
>ACTCCCTT	23-ACTCCCTT	8.581143	-164.874160	0	T:855.0(6.31%),B:1154.3(3.23%),P:1e-71	Tpos:469.8,Tstd:339.1,Bpos:273.4,Bstd:163.2,StrandBias:-0.0,Multiplicity:1.07
0.997	0.001	0.001	0.001
0.002	0.996	0.001	0.001
0.001	0.287	0.119	0.593
0.001	0.733	0.001	0.265
0.054	0.891	0.035	0.020
0.118	0.630	0.251	0.001
0.025	0.001	0.001	0.973
0.345	0.001	0.001	0.653
>GWRCCWTK	24-GWRCCWTK	8.404598	-164.823163	0	T:728.0(5.37%),B:920.9(2.58%),P:1e-71	Tpos:439.4,Tstd:350.2,Bpos:268.9,Bstd:158.9,StrandBias:-0.0,Multiplicity:1.03
0.001	0.001	0.997	0.001
0.454	0.001	0.100	0.445
0.562	0.001	0.436	0.001
0.001	0.997	0.001	0.001
0.001	0.898	0.100	0.001
0.453	0.001	0.001	0.545
0.001	0.001	0.001	0.997
0.001	0.001	0.562	0.436
>CGCAGACM	25-CGCAGACM	10.451283	-139.493454	0	T:385.0(2.84%),B:385.2(1.08%),P:1e-60	Tpos:388.9,Tstd:348.5,Bpos:286.9,Bstd:170.3,StrandBias:0.1,Multiplicity:1.01
0.001	0.997	0.001	0.001
0.001	0.001	0.997	0.001
0.001	0.997	0.001	0.001
0.997	0.001	0.001	0.001
0.001	0.001	0.997	0.001
0.997	0.001	0.001	0.001
0.001	0.997	0.001	0.001
0.539	0.459	0.001	0.001
