>CGRAAAAC	1-CGRAAAAC	5.924622	-65.345553	0	T:1132.0(30.11%),B:9859.4(22.26%),P:1e-28	Tpos:330.6,Tstd:261.3,Bpos:254.5,Bstd:185.6,StrandBias:-0.0,Multiplicity:1.27
0.121	0.877	0.001	0.001
0.158	0.001	0.840	0.001
0.498	0.001	0.500	0.001
0.784	0.033	0.109	0.074
0.913	0.053	0.001	0.033
0.933	0.001	0.065	0.001
0.788	0.094	0.027	0.091
0.109	0.863	0.001	0.027
>SCGGATCT	2-SCGGATCT	6.260281	-41.175480	0	T:1623.0(43.16%),B:16046.1(36.23%),P:1e-17	Tpos:334.7,Tstd:265.2,Bpos:257.7,Bstd:179.7,StrandBias:-0.0,Multiplicity:1.45
0.072	0.354	0.383	0.191
0.001	0.997	0.001	0.001
0.116	0.001	0.882	0.001
0.001	0.001	0.997	0.001
0.713	0.001	0.265	0.021
0.142	0.158	0.001	0.699
0.001	0.795	0.089	0.115
0.001	0.156	0.048	0.795
>GATCGTTT	3-GATCGTTT	6.246021	-39.838797	0	T:896.0(23.83%),B:8072.4(18.23%),P:1e-17	Tpos:322.4,Tstd:284.7,Bpos:244.5,Bstd:191.4,StrandBias:-0.1,Multiplicity:1.63
0.002	0.001	0.750	0.247
0.594	0.001	0.001	0.404
0.143	0.119	0.173	0.565
0.001	0.723	0.001	0.275
0.001	0.001	0.997	0.001
0.033	0.072	0.095	0.800
0.005	0.091	0.089	0.815
0.032	0.117	0.027	0.824
>ACGCGTTA	4-ACGCGTTA	5.303733	-37.153677	0	T:1155.0(30.72%),B:10962.3(24.75%),P:1e-16	Tpos:325.2,Tstd:257.5,Bpos:250.2,Bstd:183.4,StrandBias:-0.0,Multiplicity:1.29
0.911	0.064	0.024	0.001
0.111	0.731	0.151	0.007
0.016	0.006	0.856	0.122
0.078	0.791	0.010	0.121
0.009	0.186	0.741	0.064
0.017	0.023	0.170	0.790
0.111	0.088	0.221	0.580
0.609	0.180	0.058	0.153
>WCCGGCCT	5-WCCGGCCT	5.794937	-36.507189	0	T:659.0(17.53%),B:5688.8(12.84%),P:1e-15	Tpos:328.3,Tstd:265.3,Bpos:259.7,Bstd:182.7,StrandBias:-0.0,Multiplicity:1.14
0.489	0.001	0.118	0.392
0.122	0.570	0.172	0.136
0.110	0.712	0.177	0.001
0.082	0.059	0.858	0.001
0.136	0.250	0.451	0.163
0.231	0.392	0.200	0.177
0.170	0.403	0.192	0.235
0.001	0.123	0.001	0.875
>CGTTAAAC	6-CGTTAAAC	5.190464	-32.356231	0	T:1170.0(31.12%),B:11309.7(25.54%),P:1e-14	Tpos:327.9,Tstd:273.6,Bpos:247.9,Bstd:179.0,StrandBias:0.1,Multiplicity:1.26
0.123	0.612	0.239	0.026
0.001	0.181	0.650	0.168
0.001	0.366	0.001	0.632
0.098	0.047	0.092	0.763
0.669	0.138	0.038	0.155
0.526	0.213	0.222	0.039
0.597	0.215	0.006	0.182
0.001	0.805	0.068	0.126
>CTAGGTCG	7-CTAGGTCG	5.258416	-32.259400	0	T:1115.0(29.65%),B:10706.8(24.17%),P:1e-14	Tpos:341.7,Tstd:263.1,Bpos:257.5,Bstd:181.5,StrandBias:-0.2,Multiplicity:1.25
0.065	0.682	0.107	0.146
0.100	0.116	0.097	0.687
0.750	0.081	0.049	0.120
0.118	0.067	0.775	0.040
0.068	0.038	0.826	0.068
0.124	0.084	0.087	0.705
0.035	0.816	0.016	0.133
0.086	0.065	0.763	0.086
>CGAATTCG	8-CGAATTCG	5.730580	-27.784007	0	T:805.0(21.41%),B:7504.8(16.95%),P:1e-12	Tpos:324.8,Tstd:265.9,Bpos:255.1,Bstd:185.3,StrandBias:0.2,Multiplicity:1.20
0.066	0.697	0.055	0.182
0.220	0.001	0.778	0.001
0.777	0.047	0.175	0.001
0.793	0.025	0.079	0.103
0.057	0.149	0.142	0.652
0.106	0.051	0.103	0.740
0.047	0.951	0.001	0.001
0.001	0.279	0.498	0.222
>GAACGTCG	9-GAACGTCG	6.750982	-26.609153	0	T:594.0(15.80%),B:5308.6(11.99%),P:1e-11	Tpos:326.9,Tstd:252.7,Bpos:253.3,Bstd:184.1,StrandBias:-0.1,Multiplicity:1.16
0.001	0.101	0.897	0.001
0.997	0.001	0.001	0.001
0.997	0.001	0.001	0.001
0.074	0.825	0.100	0.001
0.001	0.119	0.845	0.035
0.001	0.119	0.110	0.770
0.197	0.660	0.142	0.001
0.001	0.001	0.997	0.001
>CGARRGCW	10-CGARRGCW	5.833346	-24.797353	0	T:1066.0(28.35%),B:10474.7(23.65%),P:1e-10	Tpos:351.9,Tstd:274.8,Bpos:258.6,Bstd:183.3,StrandBias:-0.1,Multiplicity:1.24
0.001	0.939	0.059	0.001
0.001	0.191	0.782	0.026
0.614	0.107	0.257	0.022
0.574	0.001	0.424	0.001
0.354	0.043	0.440	0.164
0.257	0.204	0.432	0.107
0.316	0.496	0.082	0.105
0.486	0.003	0.001	0.510
>CGGAATTG	11-CGGAATTG	7.121729	-23.660981	0	T:541.0(14.39%),B:4850.6(10.95%),P:1e-10	Tpos:325.6,Tstd:240.7,Bpos:238.2,Bstd:159.1,StrandBias:-0.1,Multiplicity:1.11
0.001	0.754	0.221	0.024
0.001	0.231	0.742	0.026
0.001	0.001	0.997	0.001
0.693	0.001	0.305	0.001
0.774	0.224	0.001	0.001
0.118	0.001	0.222	0.659
0.051	0.001	0.149	0.799
0.121	0.208	0.670	0.001
>AGACCGGT	12-AGACCGGT	5.555822	-22.970896	0	T:1285.0(34.18%),B:13010.4(29.38%),P:1e-9	Tpos:318.9,Tstd:263.6,Bpos:260.6,Bstd:180.2,StrandBias:-0.1,Multiplicity:1.25
0.666	0.116	0.090	0.128
0.077	0.200	0.594	0.129
0.693	0.172	0.056	0.079
0.112	0.561	0.227	0.100
0.001	0.997	0.001	0.001
0.071	0.018	0.850	0.061
0.058	0.116	0.728	0.098
0.056	0.001	0.025	0.918
>ATGGCGGC	13-ATGGCGGC	7.635014	-22.375802	0	T:567.0(15.08%),B:5166.1(11.66%),P:1e-9	Tpos:321.6,Tstd:244.8,Bpos:271.6,Bstd:172.2,StrandBias:0.3,Multiplicity:1.12
0.997	0.001	0.001	0.001
0.001	0.001	0.001	0.997
0.001	0.001	0.973	0.025
0.001	0.001	0.997	0.001
0.001	0.997	0.001	0.001
0.001	0.001	0.997	0.001
0.001	0.001	0.766	0.232
0.137	0.661	0.142	0.060
>AGRCCGCA	14-AGRCCGCA	7.819066	-21.553598	0	T:218.0(5.80%),B:1658.4(3.74%),P:1e-9	Tpos:319.6,Tstd:247.3,Bpos:265.1,Bstd:182.4,StrandBias:0.5,Multiplicity:1.02
0.995	0.001	0.001	0.003
0.097	0.005	0.760	0.138
0.430	0.001	0.555	0.014
0.108	0.890	0.001	0.001
0.001	0.997	0.001	0.001
0.001	0.001	0.907	0.091
0.089	0.809	0.004	0.098
0.765	0.133	0.005	0.097
>GGAATCGG	15-GGAATCGG	7.759959	-20.086851	0	T:682.0(18.14%),B:6478.5(14.63%),P:1e-8	Tpos:330.0,Tstd:247.5,Bpos:260.1,Bstd:177.5,StrandBias:0.1,Multiplicity:1.16
0.029	0.001	0.951	0.019
0.001	0.001	0.960	0.038
0.869	0.001	0.092	0.038
0.826	0.001	0.085	0.088
0.001	0.069	0.201	0.729
0.022	0.976	0.001	0.001
0.001	0.001	0.910	0.088
0.001	0.110	0.872	0.017
>ACCCTGTC	16-ACCCTGTC	7.963157	-18.198119	0	T:394.0(10.48%),B:3501.0(7.90%),P:1e-7	Tpos:322.9,Tstd:282.9,Bpos:255.7,Bstd:165.3,StrandBias:-0.2,Multiplicity:1.09
0.997	0.001	0.001	0.001
0.094	0.812	0.001	0.093
0.001	0.884	0.114	0.001
0.001	0.997	0.001	0.001
0.001	0.001	0.001	0.997
0.062	0.001	0.936	0.001
0.001	0.001	0.001	0.997
0.001	0.997	0.001	0.001
>SCGGCCCT	17-SCGGCCCT	7.708343	-15.918462	0	T:978.0(26.01%),B:9932.4(22.43%),P:1e-6	Tpos:324.5,Tstd:253.5,Bpos:268.8,Bstd:180.0,StrandBias:0.1,Multiplicity:1.25
0.055	0.434	0.505	0.006
0.215	0.783	0.001	0.001
0.001	0.001	0.997	0.001
0.249	0.001	0.749	0.001
0.001	0.810	0.001	0.188
0.001	0.997	0.001	0.001
0.207	0.741	0.051	0.001
0.197	0.001	0.001	0.801
