>RCATTCCW	1-RCATTCCW	7.541894	-339.462244	0	T:1422.0(24.95%),B:5343.0(12.36%),P:1e-147	Tpos:307.7,Tstd:261.6,Bpos:231.8,Bstd:146.1,StrandBias:-0.1,Multiplicity:1.37
0.457	0.001	0.541	0.001
0.291	0.572	0.136	0.001
0.997	0.001	0.001	0.001
0.001	0.001	0.001	0.997
0.001	0.001	0.001	0.997
0.001	0.997	0.001	0.001
0.001	0.913	0.001	0.085
0.384	0.087	0.122	0.408
>ARGAATKC	2-ARGAATKC	6.945367	-203.825799	0	T:945.0(16.58%),B:3615.3(8.36%),P:1e-88	Tpos:305.3,Tstd:257.4,Bpos:234.9,Bstd:145.5,StrandBias:-0.1,Multiplicity:1.19
0.585	0.046	0.001	0.368
0.512	0.001	0.486	0.001
0.001	0.001	0.690	0.308
0.869	0.001	0.001	0.129
0.710	0.001	0.001	0.288
0.265	0.001	0.001	0.733
0.001	0.112	0.503	0.384
0.001	0.661	0.001	0.337
>GGCGGGGC	3-GGCGGGGC	6.811845	-117.722124	0	T:2267.0(39.78%),B:13118.1(30.34%),P:1e-51	Tpos:281.9,Tstd:208.4,Bpos:216.9,Bstd:140.9,StrandBias:-0.0,Multiplicity:2.14
0.001	0.001	0.997	0.001
0.001	0.001	0.997	0.001
0.001	0.908	0.001	0.090
0.001	0.001	0.997	0.001
0.001	0.001	0.889	0.109
0.224	0.001	0.774	0.001
0.108	0.001	0.890	0.001
0.001	0.877	0.001	0.121
>TGACTCAT	4-TGACTCAT	9.066602	-108.026651	0	T:538.0(9.44%),B:2085.3(4.82%),P:1e-46	Tpos:285.0,Tstd:216.6,Bpos:233.7,Bstd:137.1,StrandBias:-0.1,Multiplicity:1.10
0.001	0.007	0.001	0.991
0.001	0.001	0.997	0.001
0.972	0.026	0.001	0.001
0.001	0.740	0.237	0.022
0.029	0.001	0.011	0.959
0.001	0.983	0.015	0.001
0.967	0.001	0.005	0.027
0.019	0.280	0.204	0.497
>CGGAAGTA	5-CGGAAGTA	6.684884	-103.964677	0	T:1277.0(22.41%),B:6602.9(15.27%),P:1e-45	Tpos:278.8,Tstd:199.0,Bpos:226.0,Bstd:139.4,StrandBias:0.2,Multiplicity:1.22
0.269	0.729	0.001	0.001
0.001	0.011	0.987	0.001
0.007	0.001	0.991	0.001
0.988	0.001	0.010	0.001
0.957	0.001	0.034	0.008
0.066	0.013	0.874	0.047
0.071	0.001	0.069	0.859
0.679	0.035	0.199	0.087
>AGGGCGTT	6-AGGGCGTT	7.013641	-99.691619	0	T:876.0(15.37%),B:4126.7(9.55%),P:1e-43	Tpos:296.8,Tstd:250.2,Bpos:234.2,Bstd:147.4,StrandBias:-0.1,Multiplicity:1.13
0.845	0.017	0.090	0.048
0.001	0.006	0.992	0.001
0.001	0.008	0.990	0.001
0.067	0.026	0.867	0.040
0.179	0.819	0.001	0.001
0.024	0.001	0.816	0.159
0.020	0.034	0.081	0.865
0.012	0.029	0.075	0.884
>GTATTGCA	7-GTATTGCA	9.759617	-86.975676	0	T:155.0(2.72%),B:338.6(0.78%),P:1e-37	Tpos:301.8,Tstd:241.2,Bpos:236.8,Bstd:137.0,StrandBias:0.4,Multiplicity:1.26
0.001	0.001	0.997	0.001
0.001	0.001	0.001	0.997
0.997	0.001	0.001	0.001
0.001	0.001	0.001	0.997
0.001	0.001	0.240	0.758
0.001	0.001	0.997	0.001
0.001	0.643	0.001	0.355
0.997	0.001	0.001	0.001
>CCAATCAG	8-CCAATCAG	4.603733	-82.712050	0	T:783.0(13.74%),B:3752.6(8.68%),P:1e-35	Tpos:292.4,Tstd:276.6,Bpos:220.0,Bstd:139.4,StrandBias:-0.2,Multiplicity:1.18
0.017	0.981	0.001	0.001
0.001	0.910	0.001	0.088
0.997	0.001	0.001	0.001
0.890	0.001	0.001	0.108
0.001	0.001	0.001	0.997
0.001	0.997	0.001	0.001
0.923	0.075	0.001	0.001
0.001	0.001	0.997	0.001
>SCGGHADH	9-SCGGHADH	5.425642	-82.182994	0	T:2188.0(38.39%),B:13215.2(30.57%),P:1e-35	Tpos:295.7,Tstd:253.7,Bpos:232.9,Bstd:153.3,StrandBias:0.0,Multiplicity:1.47
0.204	0.391	0.257	0.148
0.001	0.626	0.372	0.001
0.001	0.001	0.997	0.001
0.001	0.001	0.997	0.001
0.400	0.253	0.001	0.346
0.621	0.001	0.001	0.377
0.394	0.001	0.289	0.316
0.364	0.279	0.001	0.355
>ACTACATT	10-ACTACATT	10.532519	-62.525295	0	T:142.0(2.49%),B:369.6(0.85%),P:1e-27	Tpos:265.6,Tstd:177.4,Bpos:213.1,Bstd:149.1,StrandBias:0.2,Multiplicity:1.03
0.997	0.001	0.001	0.001
0.001	0.997	0.001	0.001
0.001	0.001	0.001	0.997
0.997	0.001	0.001	0.001
0.001	0.997	0.001	0.001
0.965	0.001	0.033	0.001
0.001	0.001	0.001	0.997
0.394	0.001	0.001	0.604
>AATTGCCT	11-AATTGCCT	8.236954	-61.944948	0	T:137.0(2.40%),B:350.6(0.81%),P:1e-26	Tpos:274.2,Tstd:208.3,Bpos:233.2,Bstd:154.6,StrandBias:0.1,Multiplicity:1.01
0.700	0.100	0.100	0.100
0.700	0.100	0.100	0.100
0.100	0.100	0.100	0.700
0.100	0.100	0.100	0.700
0.100	0.100	0.700	0.100
0.100	0.700	0.100	0.100
0.100	0.700	0.100	0.100
0.100	0.100	0.100	0.700
>AATCAGGC	12-AATCAGGC	8.236954	-56.493286	0	T:147.0(2.58%),B:416.2(0.96%),P:1e-24	Tpos:286.2,Tstd:228.1,Bpos:216.9,Bstd:139.3,StrandBias:0.3,Multiplicity:1.01
0.700	0.100	0.100	0.100
0.700	0.100	0.100	0.100
0.100	0.100	0.100	0.700
0.100	0.700	0.100	0.100
0.700	0.100	0.100	0.100
0.100	0.100	0.700	0.100
0.100	0.100	0.700	0.100
0.100	0.700	0.100	0.100
>ATTCATGA	13-ATTCATGA	8.236954	-54.822827	0	T:146.0(2.56%),B:419.0(0.97%),P:1e-23	Tpos:336.1,Tstd:227.7,Bpos:233.1,Bstd:139.5,StrandBias:0.6,Multiplicity:1.05
0.700	0.100	0.100	0.100
0.100	0.100	0.100	0.700
0.100	0.100	0.100	0.700
0.100	0.700	0.100	0.100
0.700	0.100	0.100	0.100
0.100	0.100	0.100	0.700
0.100	0.100	0.700	0.100
0.700	0.100	0.100	0.100
>ATGTATGG	14-ATGTATGG	8.236954	-54.255130	0	T:118.0(2.07%),B:300.0(0.69%),P:1e-23	Tpos:324.3,Tstd:371.6,Bpos:238.5,Bstd:130.0,StrandBias:0.4,Multiplicity:1.01
0.700	0.100	0.100	0.100
0.100	0.100	0.100	0.700
0.100	0.100	0.700	0.100
0.100	0.100	0.100	0.700
0.700	0.100	0.100	0.100
0.100	0.100	0.100	0.700
0.100	0.100	0.700	0.100
0.100	0.100	0.700	0.100
>TACTACAT	15-TACTACAT	8.236954	-51.830295	0	T:94.0(1.65%),B:210.2(0.49%),P:1e-22	Tpos:257.7,Tstd:189.6,Bpos:244.8,Bstd:127.2,StrandBias:0.2,Multiplicity:1.00
0.100	0.100	0.100	0.700
0.700	0.100	0.100	0.100
0.100	0.700	0.100	0.100
0.100	0.100	0.100	0.700
0.700	0.100	0.100	0.100
0.100	0.700	0.100	0.100
0.700	0.100	0.100	0.100
0.100	0.100	0.100	0.700
>GTAAGCGT	16-GTAAGCGT	7.115933	-48.526994	0	T:506.0(8.88%),B:2473.4(5.72%),P:1e-21	Tpos:280.9,Tstd:195.8,Bpos:234.0,Bstd:148.8,StrandBias:0.1,Multiplicity:1.06
0.001	0.322	0.676	0.001
0.001	0.247	0.001	0.751
0.997	0.001	0.001	0.001
0.741	0.257	0.001	0.001
0.001	0.001	0.997	0.001
0.001	0.997	0.001	0.001
0.001	0.001	0.692	0.306
0.001	0.001	0.001	0.997
>ACAATGGT	17-ACAATGGT	8.236954	-46.411164	0	T:128.0(2.25%),B:376.9(0.87%),P:1e-20	Tpos:299.9,Tstd:266.9,Bpos:238.1,Bstd:140.5,StrandBias:0.4,Multiplicity:1.02
0.700	0.100	0.100	0.100
0.100	0.700	0.100	0.100
0.700	0.100	0.100	0.100
0.700	0.100	0.100	0.100
0.100	0.100	0.100	0.700
0.100	0.100	0.700	0.100
0.100	0.100	0.700	0.100
0.100	0.100	0.100	0.700
>GCCTAAGG	18-GCCTAAGG	6.285910	-45.220038	0	T:1526.0(26.78%),B:9353.0(21.63%),P:1e-19	Tpos:292.2,Tstd:242.1,Bpos:236.3,Bstd:144.0,StrandBias:0.0,Multiplicity:1.20
0.061	0.164	0.736	0.039
0.143	0.732	0.034	0.091
0.021	0.818	0.054	0.107
0.103	0.125	0.067	0.705
0.679	0.073	0.119	0.129
0.779	0.065	0.101	0.055
0.150	0.101	0.686	0.063
0.044	0.020	0.871	0.065
>TAAASTTA	19-TAAASTTA	9.659861	-44.895330	0	T:197.0(3.46%),B:725.4(1.68%),P:1e-19	Tpos:304.4,Tstd:263.0,Bpos:233.3,Bstd:145.7,StrandBias:0.1,Multiplicity:1.04
0.001	0.001	0.001	0.997
0.997	0.001	0.001	0.001
0.494	0.001	0.206	0.299
0.997	0.001	0.001	0.001
0.001	0.493	0.505	0.001
0.001	0.001	0.001	0.997
0.001	0.001	0.001	0.997
0.997	0.001	0.001	0.001
>TWKCTAAS	20-TWKCTAAS	8.750404	-44.630848	0	T:91.0(1.60%),B:222.7(0.52%),P:1e-19	Tpos:342.9,Tstd:214.8,Bpos:225.7,Bstd:140.2,StrandBias:-0.1,Multiplicity:1.01
0.175	0.001	0.001	0.823
0.573	0.001	0.001	0.425
0.001	0.001	0.547	0.451
0.001	0.997	0.001	0.001
0.168	0.001	0.041	0.790
0.997	0.001	0.001	0.001
0.997	0.001	0.001	0.001
0.053	0.477	0.429	0.041
>TTAGAATA	21-TTAGAATA	8.236954	-44.132432	0	T:128.0(2.25%),B:387.5(0.90%),P:1e-19	Tpos:343.6,Tstd:491.2,Bpos:236.5,Bstd:141.0,StrandBias:-0.2,Multiplicity:1.03
0.100	0.100	0.100	0.700
0.100	0.100	0.100	0.700
0.700	0.100	0.100	0.100
0.100	0.100	0.700	0.100
0.700	0.100	0.100	0.100
0.700	0.100	0.100	0.100
0.100	0.100	0.100	0.700
0.700	0.100	0.100	0.100
>CCCATATA	22-CCCATATA	11.035766	-42.784077	0	T:100.0(1.75%),B:267.1(0.62%),P:1e-18	Tpos:318.7,Tstd:395.9,Bpos:218.1,Bstd:126.8,StrandBias:-0.1,Multiplicity:1.02
0.001	0.997	0.001	0.001
0.001	0.997	0.001	0.001
0.001	0.997	0.001	0.001
0.967	0.001	0.031	0.001
0.001	0.001	0.001	0.997
0.997	0.001	0.001	0.001
0.001	0.001	0.001	0.997
0.997	0.001	0.001	0.001
>TAGAAATC	23-TAGAAATC	8.580408	-42.238835	0	T:164.0(2.88%),B:573.3(1.33%),P:1e-18	Tpos:286.3,Tstd:250.9,Bpos:223.7,Bstd:150.5,StrandBias:0.1,Multiplicity:1.03
0.001	0.001	0.001	0.997
0.997	0.001	0.001	0.001
0.001	0.001	0.997	0.001
0.915	0.001	0.001	0.083
0.997	0.001	0.001	0.001
0.997	0.001	0.001	0.001
0.001	0.001	0.001	0.997
0.001	0.997	0.001	0.001
>GATAGTDA	24-GATAGTDA	8.093226	-39.699446	0	T:216.0(3.79%),B:866.7(2.00%),P:1e-17	Tpos:307.7,Tstd:439.9,Bpos:235.2,Bstd:142.9,StrandBias:-0.1,Multiplicity:1.42
0.001	0.001	0.639	0.359
0.762	0.001	0.001	0.236
0.001	0.001	0.001	0.997
0.997	0.001	0.001	0.001
0.001	0.001	0.997	0.001
0.236	0.001	0.001	0.762
0.244	0.026	0.370	0.360
0.606	0.001	0.026	0.367
>MTTATTAG	25-MTTATTAG	8.149821	-38.447510	0	T:219.0(3.84%),B:893.9(2.07%),P:1e-16	Tpos:299.1,Tstd:283.3,Bpos:234.9,Bstd:142.5,StrandBias:0.0,Multiplicity:1.06
0.536	0.417	0.001	0.046
0.001	0.001	0.001	0.997
0.180	0.001	0.073	0.746
0.925	0.073	0.001	0.001
0.001	0.001	0.313	0.685
0.268	0.001	0.001	0.730
0.953	0.045	0.001	0.001
0.179	0.001	0.819	0.001
