>TGAGTCAC	1-TGAGTCAC	9.261415	-1019.465121	0	T:4204.0(17.25%),B:2044.6(8.27%),P:1e-442	Tpos:554.6,Tstd:387.5,Bpos:515.0,Bstd:310.2,StrandBias:0.1,Multiplicity:1.17
0.001	0.001	0.001	0.997
0.001	0.001	0.997	0.001
0.997	0.001	0.001	0.001
0.001	0.265	0.733	0.001
0.001	0.001	0.001	0.997
0.001	0.997	0.001	0.001
0.997	0.001	0.001	0.001
0.001	0.617	0.115	0.267
>TGAGTCAB	2-TGAGTCAB	6.857213	-673.517603	0	T:8239.0(33.81%),B:5800.7(23.45%),P:1e-292	Tpos:586.2,Tstd:426.2,Bpos:512.6,Bstd:320.0,StrandBias:0.1,Multiplicity:1.18
0.024	0.102	0.023	0.851
0.039	0.022	0.787	0.152
0.803	0.175	0.001	0.021
0.101	0.152	0.605	0.142
0.001	0.001	0.034	0.964
0.093	0.847	0.001	0.059
0.834	0.064	0.101	0.001
0.001	0.339	0.308	0.352
>SCCTRGGG	3-SCCTRGGG	6.512637	-573.623745	0	T:11799.0(48.42%),B:9347.8(37.79%),P:1e-249	Tpos:634.4,Tstd:426.7,Bpos:535.9,Bstd:317.0,StrandBias:0.0,Multiplicity:1.52
0.050	0.511	0.407	0.032
0.101	0.770	0.081	0.048
0.060	0.811	0.066	0.063
0.065	0.103	0.083	0.749
0.507	0.078	0.362	0.053
0.047	0.064	0.888	0.001
0.051	0.052	0.896	0.001
0.001	0.096	0.870	0.033
>CCTSAGGC	4-CCTSAGGC	7.228056	-511.114925	0	T:9076.0(37.25%),B:6884.2(27.83%),P:1e-221	Tpos:609.8,Tstd:414.4,Bpos:522.0,Bstd:310.7,StrandBias:-0.0,Multiplicity:1.31
0.001	0.997	0.001	0.001
0.001	0.997	0.001	0.001
0.001	0.001	0.001	0.997
0.068	0.418	0.426	0.087
0.997	0.001	0.001	0.001
0.001	0.001	0.997	0.001
0.001	0.001	0.997	0.001
0.001	0.752	0.246	0.001
>ACMMCGCC	5-ACMMCGCC	7.635446	-423.235278	0	T:10654.0(43.72%),B:8593.3(34.74%),P:1e-183	Tpos:666.8,Tstd:393.6,Bpos:508.2,Bstd:300.5,StrandBias:-0.0,Multiplicity:2.06
0.531	0.001	0.307	0.161
0.341	0.577	0.081	0.001
0.306	0.441	0.001	0.252
0.459	0.539	0.001	0.001
0.001	0.997	0.001	0.001
0.001	0.001	0.997	0.001
0.001	0.997	0.001	0.001
0.109	0.889	0.001	0.001
>AATTCCGG	6-AATTCCGG	5.730754	-373.340048	0	T:10385.0(42.62%),B:8464.3(34.22%),P:1e-162	Tpos:633.7,Tstd:426.4,Bpos:515.3,Bstd:324.6,StrandBias:-0.0,Multiplicity:1.51
0.632	0.151	0.128	0.089
0.679	0.172	0.047	0.102
0.103	0.062	0.047	0.788
0.030	0.068	0.045	0.857
0.041	0.873	0.031	0.055
0.026	0.911	0.046	0.017
0.106	0.111	0.652	0.131
0.132	0.143	0.610	0.115
>WGGAATGY	7-WGGAATGY	9.653757	-371.778552	0	T:4649.0(19.08%),B:3192.7(12.91%),P:1e-161	Tpos:583.6,Tstd:430.8,Bpos:502.0,Bstd:319.5,StrandBias:0.0,Multiplicity:1.16
0.508	0.001	0.001	0.490
0.001	0.001	0.997	0.001
0.001	0.001	0.997	0.001
0.997	0.001	0.001	0.001
0.997	0.001	0.001	0.001
0.001	0.001	0.001	0.997
0.001	0.001	0.997	0.001
0.001	0.504	0.001	0.494
>KTWMCGCC	8-KTWMCGCC	6.242353	-282.565914	0	T:10741.0(44.08%),B:9078.3(36.70%),P:1e-122	Tpos:669.2,Tstd:416.9,Bpos:521.6,Bstd:323.0,StrandBias:0.0,Multiplicity:1.72
0.001	0.001	0.505	0.493
0.160	0.143	0.001	0.696
0.388	0.100	0.001	0.511
0.296	0.401	0.145	0.159
0.001	0.997	0.001	0.001
0.001	0.001	0.997	0.001
0.025	0.973	0.001	0.001
0.119	0.596	0.001	0.284
>TSCGSTTT	9-TSCGSTTT	5.701470	-235.833708	0	T:11201.0(45.97%),B:9689.6(39.17%),P:1e-102	Tpos:644.9,Tstd:452.3,Bpos:514.9,Bstd:349.2,StrandBias:0.0,Multiplicity:1.57
0.241	0.198	0.170	0.391
0.001	0.448	0.550	0.001
0.001	0.997	0.001	0.001
0.001	0.001	0.997	0.001
0.159	0.391	0.345	0.105
0.263	0.001	0.001	0.735
0.262	0.001	0.001	0.736
0.403	0.001	0.001	0.595
>WYTTCCCG	10-WYTTCCCG	6.904484	-216.273795	0	T:9501.0(38.99%),B:8089.4(32.71%),P:1e-93	Tpos:662.7,Tstd:441.0,Bpos:532.6,Bstd:339.1,StrandBias:0.0,Multiplicity:1.37
0.426	0.188	0.094	0.292
0.028	0.425	0.204	0.343
0.001	0.001	0.016	0.982
0.001	0.001	0.001	0.997
0.001	0.935	0.001	0.063
0.085	0.834	0.080	0.001
0.001	0.528	0.372	0.099
0.001	0.001	0.899	0.099
>RCGWGAHA	11-RCGWGAHA	5.590198	-180.026864	0	T:7791.0(31.97%),B:6568.8(26.56%),P:1e-78	Tpos:626.5,Tstd:451.6,Bpos:508.1,Bstd:337.9,StrandBias:0.0,Multiplicity:1.29
0.382	0.111	0.441	0.066
0.001	0.783	0.059	0.157
0.001	0.001	0.970	0.028
0.413	0.078	0.001	0.508
0.001	0.063	0.893	0.043
0.555	0.094	0.020	0.331
0.378	0.298	0.052	0.272
0.643	0.115	0.042	0.200
>CTDGAGGC	12-CTDGAGGC	7.423610	-162.078363	0	T:11859.0(48.67%),B:10635.6(43.00%),P:1e-70	Tpos:618.6,Tstd:427.2,Bpos:527.5,Bstd:313.9,StrandBias:-0.0,Multiplicity:1.45
0.001	0.997	0.001	0.001
0.001	0.001	0.001	0.997
0.321	0.144	0.316	0.219
0.001	0.408	0.590	0.001
0.997	0.001	0.001	0.001
0.001	0.001	0.997	0.001
0.001	0.001	0.997	0.001
0.001	0.861	0.137	0.001
>HVCGAANT	13-HVCGAANT	4.102465	-154.179547	0	T:8399.0(34.47%),B:7254.1(29.33%),P:1e-66	Tpos:639.6,Tstd:462.3,Bpos:519.4,Bstd:342.1,StrandBias:0.0,Multiplicity:1.27
0.355	0.236	0.074	0.335
0.361	0.243	0.385	0.011
0.001	0.678	0.301	0.020
0.001	0.070	0.928	0.001
0.385	0.204	0.231	0.181
0.453	0.173	0.193	0.181
0.195	0.175	0.308	0.322
0.187	0.207	0.216	0.390
>AGGAAGTT	14-AGGAAGTT	7.852520	-142.183650	0	T:7482.0(30.70%),B:6417.8(25.95%),P:1e-61	Tpos:599.5,Tstd:442.0,Bpos:516.4,Bstd:316.1,StrandBias:-0.0,Multiplicity:1.25
0.951	0.001	0.047	0.001
0.001	0.001	0.997	0.001
0.001	0.001	0.997	0.001
0.921	0.001	0.077	0.001
0.997	0.001	0.001	0.001
0.001	0.001	0.997	0.001
0.001	0.209	0.001	0.789
0.201	0.001	0.217	0.581
>WKAACGTT	15-WKAACGTT	5.891879	-134.083035	0	T:7792.0(31.98%),B:6750.0(27.29%),P:1e-58	Tpos:632.2,Tstd:457.5,Bpos:506.0,Bstd:346.8,StrandBias:-0.0,Multiplicity:1.28
0.442	0.118	0.103	0.337
0.231	0.001	0.365	0.403
0.437	0.139	0.269	0.156
0.660	0.001	0.338	0.001
0.001	0.997	0.001	0.001
0.001	0.001	0.997	0.001
0.001	0.420	0.001	0.578
0.001	0.392	0.001	0.606
>GGGTGGGG	16-GGGTGGGG	9.195219	-117.304699	0	T:9201.0(37.76%),B:8202.4(33.16%),P:1e-50	Tpos:638.5,Tstd:456.8,Bpos:514.7,Bstd:314.3,StrandBias:0.1,Multiplicity:1.58
0.001	0.001	0.997	0.001
0.001	0.001	0.997	0.001
0.001	0.001	0.997	0.001
0.001	0.001	0.001	0.997
0.001	0.001	0.997	0.001
0.001	0.001	0.810	0.188
0.184	0.001	0.814	0.001
0.001	0.001	0.997	0.001
>GCGTMTGC	17-GCGTMTGC	6.301537	-110.652339	0	T:7043.0(28.90%),B:6131.0(24.79%),P:1e-48	Tpos:671.5,Tstd:409.5,Bpos:528.5,Bstd:322.9,StrandBias:0.0,Multiplicity:1.41
0.107	0.001	0.891	0.001
0.001	0.997	0.001	0.001
0.001	0.001	0.997	0.001
0.001	0.039	0.001	0.959
0.568	0.430	0.001	0.001
0.001	0.185	0.001	0.813
0.001	0.001	0.920	0.078
0.001	0.844	0.154	0.001
>NATTCGAN	18-NATTCGAN	4.056718	-105.917961	0	T:4062.0(16.67%),B:3326.0(13.45%),P:1e-45	Tpos:633.0,Tstd:477.1,Bpos:514.4,Bstd:356.1,StrandBias:0.0,Multiplicity:1.14
0.284	0.234	0.271	0.210
0.526	0.157	0.180	0.137
0.169	0.143	0.146	0.542
0.100	0.166	0.134	0.600
0.104	0.694	0.121	0.081
0.106	0.169	0.610	0.115
0.463	0.231	0.155	0.151
0.279	0.209	0.261	0.251
>CAATCRGA	19-CAATCRGA	7.065424	-76.793182	0	T:4324.0(17.74%),B:3688.2(14.91%),P:1e-33	Tpos:623.4,Tstd:442.2,Bpos:498.8,Bstd:315.4,StrandBias:0.0,Multiplicity:1.15
0.001	0.997	0.001	0.001
0.937	0.001	0.061	0.001
0.986	0.001	0.001	0.012
0.258	0.001	0.001	0.740
0.001	0.997	0.001	0.001
0.465	0.097	0.437	0.001
0.001	0.001	0.997	0.001
0.871	0.127	0.001	0.001
>AAGAATGT	20-AAGAATGT	9.349849	-72.898504	0	T:1945.0(7.98%),B:1507.9(6.10%),P:1e-31	Tpos:583.1,Tstd:440.1,Bpos:510.5,Bstd:339.4,StrandBias:0.0,Multiplicity:1.07
0.997	0.001	0.001	0.001
0.997	0.001	0.001	0.001
0.001	0.001	0.997	0.001
0.997	0.001	0.001	0.001
0.997	0.001	0.001	0.001
0.001	0.001	0.001	0.997
0.001	0.001	0.801	0.197
0.001	0.223	0.001	0.775
>TWGGAATC	21-TWGGAATC	5.982324	-69.833620	0	T:10278.0(42.18%),B:9538.9(38.57%),P:1e-30	Tpos:598.4,Tstd:459.1,Bpos:502.8,Bstd:326.7,StrandBias:0.0,Multiplicity:1.37
0.064	0.256	0.092	0.588
0.247	0.214	0.156	0.383
0.179	0.174	0.607	0.040
0.121	0.055	0.571	0.253
0.909	0.040	0.020	0.031
0.866	0.001	0.049	0.084
0.326	0.171	0.001	0.502
0.001	0.792	0.001	0.206
>TTAGAAGC	22-TTAGAAGC	10.770916	-45.641506	0	T:922.0(3.78%),B:683.2(2.76%),P:1e-19	Tpos:586.0,Tstd:412.5,Bpos:523.4,Bstd:337.2,StrandBias:-0.1,Multiplicity:1.06
0.001	0.001	0.001	0.997
0.001	0.001	0.001	0.997
0.997	0.001	0.001	0.001
0.001	0.001	0.997	0.001
0.997	0.001	0.001	0.001
0.997	0.001	0.001	0.001
0.001	0.256	0.742	0.001
0.001	0.997	0.001	0.001
>TTTGTTTT	23-TTTGTTTT	8.432869	-43.548705	0	T:6577.0(26.99%),B:6056.2(24.49%),P:1e-18	Tpos:577.1,Tstd:479.6,Bpos:507.9,Bstd:355.1,StrandBias:-0.0,Multiplicity:1.73
0.001	0.001	0.001	0.997
0.001	0.001	0.001	0.997
0.001	0.084	0.001	0.914
0.001	0.001	0.997	0.001
0.001	0.001	0.001	0.997
0.001	0.001	0.148	0.850
0.001	0.001	0.001	0.997
0.001	0.001	0.001	0.997
>ACATTCAG	24-ACATTCAG	8.236954	-27.916524	0	T:997.0(4.09%),B:805.3(3.26%),P:1e-12	Tpos:566.2,Tstd:401.6,Bpos:515.8,Bstd:319.2,StrandBias:0.0,Multiplicity:1.12
0.700	0.100	0.100	0.100
0.100	0.700	0.100	0.100
0.700	0.100	0.100	0.100
0.100	0.100	0.100	0.700
0.100	0.100	0.100	0.700
0.100	0.700	0.100	0.100
0.700	0.100	0.100	0.100
0.100	0.100	0.700	0.100
>AAAAAAAA	25-AAAAAAAA	8.236954	-24.798904	0	T:6484.0(26.61%),B:6124.2(24.76%),P:1e-10	Tpos:607.8,Tstd:506.6,Bpos:499.7,Bstd:375.4,StrandBias:-0.0,Multiplicity:1.32
0.700	0.100	0.100	0.100
0.700	0.100	0.100	0.100
0.700	0.100	0.100	0.100
0.700	0.100	0.100	0.100
0.700	0.100	0.100	0.100
0.700	0.100	0.100	0.100
0.700	0.100	0.100	0.100
0.700	0.100	0.100	0.100
