>TTTATKGC	1-TTTATKGC	8.050835	-1190.201903	0	T:2783.0(11.54%),B:1024.0(4.04%),P:1e-516	Tpos:403.9,Tstd:289.4,Bpos:292.6,Bstd:184.0,StrandBias:0.0,Multiplicity:1.10
0.111	0.077	0.001	0.811
0.001	0.110	0.160	0.729
0.001	0.001	0.001	0.997
0.926	0.001	0.001	0.072
0.122	0.109	0.001	0.768
0.109	0.001	0.468	0.422
0.351	0.001	0.647	0.001
0.001	0.695	0.001	0.303
>TGAGTCAC	2-TGAGTCAC	8.968188	-833.801859	0	T:2736.0(11.35%),B:1218.0(4.80%),P:1e-362	Tpos:362.5,Tstd:260.6,Bpos:283.3,Bstd:171.8,StrandBias:-0.0,Multiplicity:1.12
0.001	0.001	0.001	0.997
0.001	0.001	0.997	0.001
0.971	0.027	0.001	0.001
0.001	0.208	0.790	0.001
0.001	0.001	0.001	0.997
0.001	0.997	0.001	0.001
0.997	0.001	0.001	0.001
0.001	0.602	0.114	0.283
>AAATTCCT	3-AAATTCCT	7.335645	-796.481100	0	T:6755.0(28.02%),B:4466.2(17.62%),P:1e-345	Tpos:378.3,Tstd:280.8,Bpos:295.6,Bstd:181.3,StrandBias:-0.0,Multiplicity:1.35
0.865	0.001	0.133	0.001
0.500	0.335	0.164	0.001
0.997	0.001	0.001	0.001
0.001	0.001	0.001	0.997
0.001	0.001	0.001	0.997
0.001	0.997	0.001	0.001
0.001	0.997	0.001	0.001
0.295	0.001	0.082	0.622
>TTTACACC	4-TTTACACC	6.987323	-519.546434	0	T:3277.0(13.59%),B:1918.3(7.57%),P:1e-225	Tpos:395.7,Tstd:291.6,Bpos:294.5,Bstd:182.5,StrandBias:0.0,Multiplicity:1.15
0.066	0.093	0.102	0.739
0.014	0.017	0.014	0.955
0.087	0.199	0.031	0.683
0.749	0.035	0.099	0.117
0.098	0.708	0.068	0.126
0.724	0.015	0.181	0.080
0.124	0.724	0.130	0.022
0.056	0.720	0.072	0.152
>ACTTCCGG	5-ACTTCCGG	6.195985	-428.998163	0	T:9034.0(37.47%),B:7289.3(28.75%),P:1e-186	Tpos:372.4,Tstd:281.0,Bpos:291.3,Bstd:173.4,StrandBias:0.0,Multiplicity:1.38
0.674	0.041	0.208	0.077
0.063	0.638	0.093	0.206
0.096	0.014	0.050	0.840
0.056	0.053	0.061	0.830
0.011	0.857	0.081	0.051
0.038	0.937	0.021	0.004
0.001	0.106	0.591	0.302
0.103	0.097	0.635	0.165
>CATTCAGA	6-CATTCAGA	8.844441	-374.944237	0	T:2652.0(11.00%),B:1601.2(6.32%),P:1e-162	Tpos:397.3,Tstd:296.4,Bpos:288.8,Bstd:173.6,StrandBias:-0.0,Multiplicity:1.15
0.001	0.997	0.001	0.001
0.997	0.001	0.001	0.001
0.129	0.001	0.001	0.869
0.001	0.001	0.001	0.997
0.001	0.997	0.001	0.001
0.997	0.001	0.001	0.001
0.124	0.001	0.874	0.001
0.997	0.001	0.001	0.001
>RACAATRG	7-RACAATRG	7.206288	-361.294770	0	T:4315.0(17.90%),B:3032.2(11.96%),P:1e-156	Tpos:368.7,Tstd:277.8,Bpos:292.6,Bstd:178.4,StrandBias:0.1,Multiplicity:1.17
0.483	0.075	0.441	0.001
0.924	0.074	0.001	0.001
0.001	0.956	0.001	0.042
0.901	0.001	0.001	0.097
0.783	0.143	0.001	0.073
0.179	0.001	0.001	0.819
0.392	0.026	0.508	0.074
0.001	0.175	0.823	0.001
>GCCCCGCC	8-GCCCCGCC	6.440003	-342.144798	0	T:9450.0(39.20%),B:7929.8(31.28%),P:1e-148	Tpos:361.1,Tstd:266.6,Bpos:277.1,Bstd:172.6,StrandBias:0.0,Multiplicity:2.10
0.071	0.001	0.927	0.001
0.001	0.873	0.001	0.125
0.021	0.809	0.001	0.169
0.178	0.820	0.001	0.001
0.001	0.997	0.001	0.001
0.086	0.001	0.912	0.001
0.001	0.997	0.001	0.001
0.001	0.997	0.001	0.001
>AGGTGYTA	9-AGGTGYTA	5.575111	-329.556304	0	T:3019.0(12.52%),B:1969.4(7.77%),P:1e-143	Tpos:386.4,Tstd:283.8,Bpos:285.4,Bstd:178.4,StrandBias:-0.1,Multiplicity:1.09
0.997	0.001	0.001	0.001
0.001	0.178	0.820	0.001
0.001	0.001	0.997	0.001
0.001	0.226	0.001	0.772
0.001	0.001	0.997	0.001
0.239	0.331	0.001	0.429
0.001	0.003	0.015	0.981
0.997	0.001	0.001	0.001
>CTAATTAG	10-CTAATTAG	8.236954	-307.057842	0	T:428.0(1.78%),B:103.4(0.41%),P:1e-133	Tpos:467.0,Tstd:275.1,Bpos:296.5,Bstd:184.0,StrandBias:0.0,Multiplicity:1.01
0.100	0.700	0.100	0.100
0.100	0.100	0.100	0.700
0.700	0.100	0.100	0.100
0.700	0.100	0.100	0.100
0.100	0.100	0.100	0.700
0.100	0.100	0.100	0.700
0.700	0.100	0.100	0.100
0.100	0.100	0.700	0.100
>TTTATGAT	11-TTTATGAT	6.807905	-302.449690	0	T:1547.0(6.42%),B:827.3(3.26%),P:1e-131	Tpos:376.7,Tstd:269.9,Bpos:295.2,Bstd:189.3,StrandBias:-0.1,Multiplicity:1.08
0.001	0.001	0.001	0.997
0.001	0.001	0.001	0.997
0.001	0.001	0.001	0.997
0.997	0.001	0.001	0.001
0.001	0.037	0.001	0.961
0.001	0.001	0.997	0.001
0.618	0.001	0.380	0.001
0.001	0.001	0.001	0.997
>CCTTAGGC	12-CCTTAGGC	6.732048	-294.659517	0	T:8680.0(36.00%),B:7305.3(28.82%),P:1e-127	Tpos:369.1,Tstd:282.7,Bpos:298.6,Bstd:179.4,StrandBias:-0.0,Multiplicity:1.30
0.001	0.997	0.001	0.001
0.019	0.851	0.005	0.125
0.001	0.097	0.020	0.882
0.054	0.223	0.255	0.468
0.978	0.001	0.020	0.001
0.001	0.001	0.997	0.001
0.001	0.001	0.997	0.001
0.001	0.929	0.069	0.001
>CATTATTC	13-CATTATTC	8.236954	-284.808551	0	T:729.0(3.02%),B:277.5(1.09%),P:1e-123	Tpos:441.7,Tstd:286.1,Bpos:296.6,Bstd:173.8,StrandBias:0.2,Multiplicity:1.01
0.100	0.700	0.100	0.100
0.700	0.100	0.100	0.100
0.100	0.100	0.100	0.700
0.100	0.100	0.100	0.700
0.700	0.100	0.100	0.100
0.100	0.100	0.100	0.700
0.100	0.100	0.100	0.700
0.100	0.700	0.100	0.100
>GCRTTCCA	14-GCRTTCCA	6.695096	-273.013218	0	T:1796.0(7.45%),B:1052.2(4.15%),P:1e-118	Tpos:373.0,Tstd:289.9,Bpos:295.3,Bstd:175.7,StrandBias:0.0,Multiplicity:1.05
0.224	0.229	0.546	0.001
0.106	0.800	0.015	0.079
0.434	0.001	0.485	0.081
0.066	0.026	0.078	0.830
0.025	0.095	0.035	0.845
0.278	0.549	0.001	0.172
0.001	0.595	0.253	0.151
0.606	0.232	0.001	0.161
>GGCGTTTA	15-GGCGTTTA	6.102651	-246.925246	0	T:4617.0(19.15%),B:3548.3(14.00%),P:1e-107	Tpos:397.4,Tstd:288.7,Bpos:292.2,Bstd:187.0,StrandBias:0.0,Multiplicity:1.22
0.058	0.067	0.797	0.078
0.079	0.104	0.754	0.063
0.022	0.882	0.043	0.053
0.159	0.039	0.569	0.233
0.071	0.179	0.081	0.669
0.010	0.157	0.072	0.761
0.098	0.026	0.059	0.817
0.753	0.061	0.057	0.129
>CGGAATTC	16-CGGAATTC	6.919180	-244.705342	0	T:3920.0(16.26%),B:2917.1(11.51%),P:1e-106	Tpos:390.2,Tstd:302.2,Bpos:291.6,Bstd:179.9,StrandBias:0.0,Multiplicity:1.24
0.001	0.606	0.077	0.316
0.112	0.001	0.699	0.188
0.001	0.013	0.985	0.001
0.956	0.022	0.021	0.001
0.980	0.018	0.001	0.001
0.023	0.052	0.058	0.867
0.001	0.019	0.046	0.934
0.008	0.990	0.001	0.001
>GTACCTTG	17-GTACCTTG	8.236954	-233.431089	0	T:684.0(2.84%),B:281.6(1.11%),P:1e-101	Tpos:447.1,Tstd:291.7,Bpos:300.9,Bstd:177.2,StrandBias:0.1,Multiplicity:1.01
0.100	0.100	0.700	0.100
0.100	0.100	0.100	0.700
0.700	0.100	0.100	0.100
0.100	0.700	0.100	0.100
0.100	0.700	0.100	0.100
0.100	0.100	0.100	0.700
0.100	0.100	0.100	0.700
0.100	0.100	0.700	0.100
>TCGATTTG	18-TCGATTTG	8.236954	-211.851944	0	T:297.0(1.23%),B:72.2(0.28%),P:1e-92	Tpos:418.2,Tstd:320.0,Bpos:290.4,Bstd:175.4,StrandBias:0.1,Multiplicity:1.01
0.100	0.100	0.100	0.700
0.100	0.700	0.100	0.100
0.100	0.100	0.700	0.100
0.700	0.100	0.100	0.100
0.100	0.100	0.100	0.700
0.100	0.100	0.100	0.700
0.100	0.100	0.100	0.700
0.100	0.100	0.700	0.100
>CTGAATAG	19-CTGAATAG	8.452026	-210.038280	0	T:786.0(3.26%),B:366.2(1.44%),P:1e-91	Tpos:407.1,Tstd:295.6,Bpos:296.1,Bstd:174.8,StrandBias:-0.2,Multiplicity:1.01
0.001	0.997	0.001	0.001
0.001	0.001	0.001	0.997
0.001	0.001	0.997	0.001
0.997	0.001	0.001	0.001
0.997	0.001	0.001	0.001
0.001	0.001	0.001	0.997
0.925	0.073	0.001	0.001
0.001	0.001	0.997	0.001
>GAATSCGG	20-GAATSCGG	6.732499	-197.530078	0	T:2210.0(9.17%),B:1507.4(5.95%),P:1e-85	Tpos:362.8,Tstd:279.1,Bpos:281.8,Bstd:180.3,StrandBias:0.0,Multiplicity:1.09
0.001	0.001	0.858	0.140
0.825	0.173	0.001	0.001
0.997	0.001	0.001	0.001
0.001	0.001	0.001	0.997
0.001	0.471	0.526	0.002
0.001	0.997	0.001	0.001
0.001	0.001	0.997	0.001
0.001	0.166	0.832	0.001
>AAGAATGT	21-AAGAATGT	10.756370	-190.365056	0	T:1166.0(4.84%),B:664.2(2.62%),P:1e-82	Tpos:387.0,Tstd:292.0,Bpos:296.1,Bstd:170.1,StrandBias:0.1,Multiplicity:1.04
0.869	0.001	0.129	0.001
0.997	0.001	0.001	0.001
0.001	0.001	0.997	0.001
0.997	0.001	0.001	0.001
0.997	0.001	0.001	0.001
0.001	0.001	0.001	0.997
0.001	0.001	0.839	0.159
0.001	0.001	0.001	0.997
>CYTAGCTA	22-CYTAGCTA	8.258239	-144.172025	0	T:2221.0(9.21%),B:1624.6(6.41%),P:1e-62	Tpos:408.3,Tstd:308.4,Bpos:281.0,Bstd:179.6,StrandBias:0.1,Multiplicity:1.19
0.001	0.605	0.030	0.364
0.234	0.364	0.001	0.401
0.001	0.001	0.001	0.997
0.912	0.001	0.001	0.086
0.001	0.030	0.968	0.001
0.003	0.995	0.001	0.001
0.278	0.001	0.001	0.720
0.997	0.001	0.001	0.001
>YCCATAYA	23-YCCATAYA	8.492310	-135.439722	0	T:962.0(3.99%),B:575.2(2.27%),P:1e-58	Tpos:436.8,Tstd:298.4,Bpos:292.8,Bstd:173.3,StrandBias:-0.0,Multiplicity:1.14
0.001	0.461	0.213	0.325
0.001	0.693	0.233	0.073
0.001	0.855	0.143	0.001
0.732	0.056	0.075	0.137
0.184	0.001	0.001	0.814
0.997	0.001	0.001	0.001
0.001	0.538	0.001	0.460
0.997	0.001	0.001	0.001
>GATCCACG	24-GATCCACG	8.236954	-134.833584	0	T:351.0(1.46%),B:135.4(0.53%),P:1e-58	Tpos:398.0,Tstd:317.0,Bpos:284.6,Bstd:178.6,StrandBias:-0.1,Multiplicity:1.01
0.100	0.100	0.700	0.100
0.700	0.100	0.100	0.100
0.100	0.100	0.100	0.700
0.100	0.700	0.100	0.100
0.100	0.700	0.100	0.100
0.700	0.100	0.100	0.100
0.100	0.700	0.100	0.100
0.100	0.100	0.700	0.100
>ACGCTTTG	25-ACGCTTTG	8.236954	-118.380980	0	T:358.0(1.48%),B:150.3(0.59%),P:1e-51	Tpos:331.9,Tstd:268.3,Bpos:279.7,Bstd:202.9,StrandBias:-0.4,Multiplicity:1.00
0.700	0.100	0.100	0.100
0.100	0.700	0.100	0.100
0.100	0.100	0.700	0.100
0.100	0.700	0.100	0.100
0.100	0.100	0.100	0.700
0.100	0.100	0.100	0.700
0.100	0.100	0.100	0.700
0.100	0.100	0.700	0.100
