>TGAGTCAC	1-TGAGTCAC	9.171712	-1199.617886	0	T:5708.0(13.15%),B:2810.2(6.60%),P:1e-520	Tpos:454.4,Tstd:340.3,Bpos:359.1,Bstd:214.3,StrandBias:0.1,Multiplicity:1.14
0.001	0.001	0.001	0.997
0.001	0.001	0.967	0.031
0.997	0.001	0.001	0.001
0.001	0.251	0.747	0.001
0.001	0.001	0.001	0.997
0.001	0.997	0.001	0.001
0.997	0.001	0.001	0.001
0.001	0.614	0.141	0.244
>CCTBAGGC	2-CCTBAGGC	6.958611	-1188.888692	0	T:16001.0(36.86%),B:11164.7(26.21%),P:1e-516	Tpos:520.0,Tstd:372.5,Bpos:376.2,Bstd:223.3,StrandBias:-0.0,Multiplicity:1.37
0.001	0.997	0.001	0.001
0.001	0.971	0.001	0.027
0.001	0.071	0.001	0.927
0.063	0.327	0.347	0.262
0.946	0.001	0.052	0.001
0.001	0.003	0.995	0.001
0.001	0.001	0.997	0.001
0.001	0.950	0.048	0.001
>TGAGTCAB	3-TGAGTCAB	7.335216	-1100.220099	0	T:8252.0(19.01%),B:4813.3(11.30%),P:1e-477	Tpos:452.2,Tstd:361.2,Bpos:363.8,Bstd:220.7,StrandBias:-0.1,Multiplicity:1.08
0.069	0.106	0.001	0.824
0.043	0.016	0.727	0.214
0.850	0.118	0.001	0.031
0.129	0.104	0.631	0.136
0.025	0.001	0.001	0.973
0.097	0.803	0.001	0.099
0.934	0.049	0.016	0.001
0.014	0.339	0.258	0.388
>CCCTAGGG	4-CCCTAGGG	6.528998	-675.545888	0	T:17751.0(40.89%),B:13843.6(32.50%),P:1e-293	Tpos:536.6,Tstd:401.4,Bpos:372.1,Bstd:224.6,StrandBias:-0.0,Multiplicity:1.21
0.080	0.847	0.027	0.046
0.161	0.718	0.120	0.001
0.048	0.801	0.067	0.084
0.191	0.224	0.083	0.502
0.750	0.095	0.106	0.049
0.176	0.019	0.794	0.011
0.079	0.055	0.865	0.001
0.014	0.218	0.725	0.043
>AGRKGGCG	5-AGRKGGCG	8.414492	-664.837682	0	T:7733.0(17.81%),B:5035.4(11.82%),P:1e-288	Tpos:557.2,Tstd:393.1,Bpos:360.3,Bstd:225.6,StrandBias:-0.0,Multiplicity:1.23
0.912	0.052	0.001	0.035
0.144	0.051	0.736	0.069
0.447	0.001	0.471	0.081
0.073	0.038	0.478	0.411
0.045	0.038	0.823	0.094
0.089	0.001	0.778	0.132
0.001	0.997	0.001	0.001
0.168	0.001	0.830	0.001
>SCCTGGGG	6-SCCTGGGG	8.221926	-597.304323	0	T:17156.0(39.52%),B:13496.8(31.68%),P:1e-259	Tpos:530.1,Tstd:389.5,Bpos:373.7,Bstd:225.5,StrandBias:0.0,Multiplicity:1.40
0.001	0.550	0.448	0.001
0.001	0.997	0.001	0.001
0.001	0.997	0.001	0.001
0.001	0.001	0.001	0.997
0.001	0.142	0.689	0.168
0.001	0.266	0.732	0.001
0.298	0.001	0.700	0.001
0.001	0.001	0.997	0.001
>GMATTCCK	7-GMATTCCK	7.380649	-526.243553	0	T:12093.0(27.86%),B:9071.4(21.30%),P:1e-228	Tpos:465.1,Tstd:381.9,Bpos:364.0,Bstd:222.8,StrandBias:0.0,Multiplicity:1.29
0.310	0.013	0.639	0.038
0.557	0.425	0.017	0.001
0.959	0.039	0.001	0.001
0.001	0.001	0.001	0.997
0.001	0.001	0.010	0.988
0.001	0.983	0.015	0.001
0.091	0.827	0.001	0.081
0.242	0.001	0.351	0.406
>ACCCCGCC	8-ACCCCGCC	9.191778	-404.976021	0	T:8684.0(20.01%),B:6370.5(14.96%),P:1e-175	Tpos:603.6,Tstd:363.8,Bpos:347.7,Bstd:208.5,StrandBias:-0.0,Multiplicity:1.75
0.631	0.001	0.258	0.110
0.055	0.840	0.053	0.052
0.046	0.890	0.001	0.063
0.001	0.984	0.001	0.014
0.001	0.967	0.031	0.001
0.066	0.001	0.903	0.030
0.001	0.976	0.022	0.001
0.029	0.926	0.033	0.012
>TTCCGGCT	9-TTCCGGCT	7.225797	-267.759930	0	T:7116.0(16.39%),B:5363.9(12.59%),P:1e-116	Tpos:569.2,Tstd:389.8,Bpos:369.0,Bstd:225.0,StrandBias:0.0,Multiplicity:1.25
0.076	0.142	0.001	0.781
0.001	0.092	0.052	0.855
0.001	0.880	0.001	0.118
0.104	0.894	0.001	0.001
0.001	0.345	0.653	0.001
0.001	0.001	0.997	0.001
0.043	0.613	0.157	0.187
0.062	0.083	0.109	0.746
>GCGCGATT	10-GCGCGATT	5.519549	-254.693958	0	T:9139.0(21.05%),B:7200.8(16.90%),P:1e-110	Tpos:571.8,Tstd:408.7,Bpos:367.1,Bstd:233.0,StrandBias:-0.0,Multiplicity:1.34
0.097	0.089	0.737	0.077
0.062	0.762	0.071	0.105
0.033	0.117	0.807	0.043
0.055	0.661	0.155	0.129
0.056	0.059	0.810	0.075
0.596	0.110	0.163	0.131
0.094	0.067	0.040	0.799
0.049	0.080	0.040	0.831
>GCGTBAHA	11-GCGTBAHA	6.154288	-214.007049	0	T:10224.0(23.55%),B:8330.1(19.56%),P:1e-92	Tpos:544.8,Tstd:413.0,Bpos:363.1,Bstd:232.1,StrandBias:0.0,Multiplicity:1.28
0.346	0.001	0.652	0.001
0.001	0.997	0.001	0.001
0.001	0.001	0.997	0.001
0.129	0.001	0.001	0.869
0.144	0.280	0.271	0.304
0.532	0.191	0.276	0.001
0.268	0.357	0.001	0.374
0.668	0.330	0.001	0.001
>TCCGCGCT	12-TCCGCGCT	6.703382	-211.195416	0	T:7302.0(16.82%),B:5700.7(13.38%),P:1e-91	Tpos:586.7,Tstd:391.6,Bpos:374.7,Bstd:234.6,StrandBias:0.0,Multiplicity:1.31
0.056	0.082	0.070	0.792
0.068	0.793	0.083	0.056
0.071	0.805	0.050	0.074
0.086	0.120	0.764	0.030
0.084	0.722	0.128	0.066
0.095	0.126	0.692	0.087
0.054	0.713	0.115	0.118
0.133	0.085	0.063	0.719
>ARAAGCCG	13-ARAAGCCG	6.472766	-198.126841	0	T:12028.0(27.71%),B:10059.9(23.62%),P:1e-86	Tpos:550.7,Tstd:406.9,Bpos:369.6,Bstd:238.2,StrandBias:-0.0,Multiplicity:1.37
0.720	0.069	0.210	0.001
0.384	0.167	0.448	0.001
0.997	0.001	0.001	0.001
0.642	0.001	0.280	0.077
0.211	0.104	0.432	0.253
0.001	0.488	0.213	0.298
0.001	0.997	0.001	0.001
0.001	0.001	0.997	0.001
>VBWAAACG	14-VBWAAACG	6.019184	-166.507795	0	T:9486.0(21.85%),B:7846.9(18.42%),P:1e-72	Tpos:533.9,Tstd:423.1,Bpos:361.9,Bstd:240.2,StrandBias:-0.0,Multiplicity:1.24
0.244	0.365	0.250	0.140
0.109	0.334	0.249	0.307
0.329	0.145	0.141	0.385
0.997	0.001	0.001	0.001
0.997	0.001	0.001	0.001
0.458	0.241	0.301	0.001
0.172	0.826	0.001	0.001
0.001	0.001	0.947	0.051
>CCTCTAGG	15-CCTCTAGG	8.100041	-165.324537	0	T:8909.0(20.52%),B:7322.0(17.19%),P:1e-71	Tpos:496.4,Tstd:391.4,Bpos:366.9,Bstd:216.9,StrandBias:0.0,Multiplicity:1.15
0.001	0.997	0.001	0.001
0.001	0.763	0.075	0.161
0.087	0.001	0.038	0.874
0.001	0.664	0.001	0.334
0.232	0.001	0.068	0.699
0.756	0.001	0.215	0.028
0.001	0.001	0.997	0.001
0.002	0.002	0.760	0.236
>GGGTGGGG	16-GGGTGGGG	10.523900	-149.232435	0	T:9059.0(20.87%),B:7530.0(17.68%),P:1e-64	Tpos:536.5,Tstd:419.6,Bpos:366.4,Bstd:216.0,StrandBias:0.0,Multiplicity:1.47
0.001	0.035	0.963	0.001
0.001	0.001	0.997	0.001
0.001	0.001	0.997	0.001
0.001	0.001	0.001	0.997
0.001	0.001	0.997	0.001
0.001	0.073	0.780	0.146
0.188	0.044	0.767	0.001
0.001	0.001	0.997	0.001
>WCATTCNK	17-WCATTCNK	6.514744	-143.853473	0	T:8604.0(19.82%),B:7135.6(16.75%),P:1e-62	Tpos:453.2,Tstd:378.2,Bpos:362.4,Bstd:220.9,StrandBias:0.0,Multiplicity:1.23
0.439	0.229	0.001	0.331
0.034	0.775	0.001	0.190
0.734	0.001	0.264	0.001
0.318	0.001	0.001	0.680
0.127	0.116	0.001	0.756
0.188	0.810	0.001	0.001
0.286	0.302	0.202	0.209
0.001	0.001	0.435	0.563
>TTTACAMC	18-TTTACAMC	7.888727	-137.291803	0	T:4568.0(10.52%),B:3527.0(8.28%),P:1e-59	Tpos:463.7,Tstd:395.3,Bpos:360.0,Bstd:221.0,StrandBias:-0.1,Multiplicity:1.09
0.001	0.001	0.124	0.874
0.001	0.001	0.001	0.997
0.115	0.204	0.050	0.631
0.851	0.001	0.147	0.001
0.001	0.997	0.001	0.001
0.948	0.050	0.001	0.001
0.376	0.430	0.193	0.001
0.001	0.702	0.083	0.214
>AGGAAGTT	19-AGGAAGTT	8.412617	-134.479319	0	T:8977.0(20.68%),B:7521.6(17.66%),P:1e-58	Tpos:468.4,Tstd:381.1,Bpos:368.6,Bstd:218.0,StrandBias:-0.0,Multiplicity:1.18
0.916	0.021	0.062	0.001
0.001	0.019	0.979	0.001
0.001	0.001	0.997	0.001
0.914	0.001	0.084	0.001
0.918	0.080	0.001	0.001
0.001	0.001	0.997	0.001
0.001	0.139	0.001	0.859
0.191	0.001	0.147	0.661
>CTCCCGGA	20-CTCCCGGA	7.541868	-126.466127	0	T:10681.0(24.61%),B:9143.6(21.47%),P:1e-54	Tpos:542.3,Tstd:404.3,Bpos:376.7,Bstd:229.8,StrandBias:-0.0,Multiplicity:1.30
0.049	0.879	0.001	0.071
0.001	0.001	0.059	0.939
0.001	0.951	0.047	0.001
0.001	0.979	0.009	0.011
0.147	0.698	0.056	0.099
0.001	0.001	0.997	0.001
0.023	0.036	0.888	0.053
0.750	0.051	0.099	0.100
>TCGAGTCA	21-TCGAGTCA	8.236954	-80.301759	0	T:422.0(0.97%),B:212.9(0.50%),P:1e-34	Tpos:433.3,Tstd:383.3,Bpos:366.0,Bstd:227.8,StrandBias:0.0,Multiplicity:1.01
0.100	0.100	0.100	0.700
0.100	0.700	0.100	0.100
0.100	0.100	0.700	0.100
0.700	0.100	0.100	0.100
0.100	0.100	0.700	0.100
0.100	0.100	0.100	0.700
0.100	0.700	0.100	0.100
0.700	0.100	0.100	0.100
>ACGAATCT	22-ACGAATCT	4.959446	-78.131273	0	T:5537.0(12.76%),B:4636.7(10.89%),P:1e-33	Tpos:481.5,Tstd:400.1,Bpos:363.4,Bstd:224.0,StrandBias:-0.0,Multiplicity:1.10
0.997	0.001	0.001	0.001
0.001	0.756	0.242	0.001
0.001	0.001	0.997	0.001
0.997	0.001	0.001	0.001
0.997	0.001	0.001	0.001
0.073	0.001	0.001	0.925
0.001	0.997	0.001	0.001
0.001	0.040	0.001	0.958
>AATCAGGC	23-AATCAGGC	9.398009	-74.008677	0	T:1458.0(3.36%),B:1035.9(2.43%),P:1e-32	Tpos:459.2,Tstd:387.6,Bpos:361.6,Bstd:220.8,StrandBias:0.0,Multiplicity:1.03
0.997	0.001	0.001	0.001
0.997	0.001	0.001	0.001
0.001	0.001	0.001	0.997
0.001	0.810	0.001	0.188
0.997	0.001	0.001	0.001
0.001	0.001	0.997	0.001
0.001	0.001	0.997	0.001
0.001	0.997	0.001	0.001
>ATAGCTAA	24-ATAGCTAA	10.797514	-61.584597	0	T:730.0(1.68%),B:468.2(1.10%),P:1e-26	Tpos:421.9,Tstd:348.1,Bpos:355.8,Bstd:218.6,StrandBias:0.1,Multiplicity:1.04
0.762	0.236	0.001	0.001
0.001	0.001	0.001	0.997
0.997	0.001	0.001	0.001
0.001	0.001	0.997	0.001
0.001	0.997	0.001	0.001
0.001	0.001	0.001	0.997
0.997	0.001	0.001	0.001
0.997	0.001	0.001	0.001
>TGAATTCT	25-TGAATTCT	10.755499	-40.545708	0	T:1532.0(3.53%),B:1199.1(2.82%),P:1e-17	Tpos:431.8,Tstd:384.2,Bpos:369.3,Bstd:226.6,StrandBias:-0.1,Multiplicity:1.07
0.001	0.001	0.001	0.997
0.147	0.001	0.851	0.001
0.856	0.142	0.001	0.001
0.997	0.001	0.001	0.001
0.001	0.001	0.001	0.997
0.001	0.001	0.001	0.997
0.001	0.997	0.001	0.001
0.001	0.001	0.001	0.997
