>TATGGCGA	1-TATGGCGA	11.036799	-15.889668	0	T:7.0(5.07%),B:128.3(0.27%),P:1e-6	Tpos:408.7,Tstd:506.4,Bpos:291.8,Bstd:196.9,StrandBias:1.2,Multiplicity:3.86
0.001	0.001	0.001	0.997
0.997	0.001	0.001	0.001
0.001	0.001	0.001	0.997
0.001	0.001	0.997	0.001
0.001	0.001	0.968	0.030
0.001	0.997	0.001	0.001
0.001	0.001	0.997	0.001
0.997	0.001	0.001	0.001
>AAAYGCGA	2-AAAYGCGA	6.218493	-13.239542	0	T:26.0(18.84%),B:3195.0(6.75%),P:1e-5	Tpos:856.3,Tstd:1326.6,Bpos:291.4,Bstd:200.2,StrandBias:0.7,Multiplicity:1.19
0.651	0.196	0.001	0.152
0.841	0.096	0.062	0.001
0.816	0.162	0.001	0.021
0.001	0.538	0.001	0.460
0.001	0.063	0.935	0.001
0.044	0.942	0.001	0.013
0.001	0.001	0.978	0.020
0.792	0.001	0.001	0.206
>ATTATTGA	3-ATTATTGA	7.830387	-13.010612	0	T:29.0(21.01%),B:3881.8(8.20%),P:1e-5	Tpos:761.6,Tstd:1138.9,Bpos:296.3,Bstd:181.5,StrandBias:-0.2,Multiplicity:1.54
0.997	0.001	0.001	0.001
0.001	0.001	0.001	0.997
0.001	0.098	0.203	0.698
0.997	0.001	0.001	0.001
0.001	0.001	0.001	0.997
0.001	0.001	0.001	0.997
0.001	0.001	0.997	0.001
0.819	0.124	0.056	0.001
>TGATTTCG	4-TGATTTCG	8.443568	-11.970639	0	T:15.0(10.87%),B:1291.2(2.73%),P:1e-5	Tpos:558.8,Tstd:781.8,Bpos:291.6,Bstd:184.6,StrandBias:-0.7,Multiplicity:1.20
0.001	0.001	0.001	0.997
0.001	0.001	0.997	0.001
0.997	0.001	0.001	0.001
0.001	0.001	0.001	0.997
0.001	0.001	0.093	0.905
0.001	0.001	0.001	0.997
0.001	0.776	0.222	0.001
0.001	0.001	0.997	0.001
>CGAATATG	5-CGAATATG	7.043026	-9.937934	0	T:18.0(13.04%),B:2118.0(4.47%),P:1e-4	Tpos:410.4,Tstd:432.8,Bpos:294.6,Bstd:191.0,StrandBias:0.8,Multiplicity:1.67
0.001	0.766	0.232	0.001
0.001	0.001	0.997	0.001
0.805	0.099	0.095	0.001
0.867	0.131	0.001	0.001
0.080	0.081	0.001	0.838
0.863	0.001	0.057	0.079
0.153	0.001	0.106	0.740
0.103	0.048	0.669	0.180
>AGGTCCTA	6-AGGTCCTA	9.642206	-8.794568	0	T:10.0(7.25%),B:814.6(1.72%),P:1e-3	Tpos:315.8,Tstd:224.7,Bpos:291.3,Bstd:184.9,StrandBias:-1.9,Multiplicity:3.30
0.997	0.001	0.001	0.001
0.001	0.240	0.758	0.001
0.001	0.001	0.997	0.001
0.001	0.001	0.001	0.997
0.001	0.997	0.001	0.001
0.001	0.997	0.001	0.001
0.001	0.001	0.001	0.997
0.997	0.001	0.001	0.001
>CTCCTACT	7-CTCCTACT	8.442810	-8.686357	0	T:20.0(14.49%),B:2774.4(5.86%),P:1e-3	Tpos:907.1,Tstd:1192.2,Bpos:299.8,Bstd:177.0,StrandBias:0.3,Multiplicity:1.20
0.282	0.539	0.001	0.178
0.001	0.001	0.071	0.927
0.282	0.716	0.001	0.001
0.312	0.593	0.094	0.001
0.001	0.021	0.001	0.977
0.879	0.101	0.019	0.001
0.001	0.990	0.001	0.008
0.001	0.001	0.001	0.997
>ACTGAAAA	8-ACTGAAAA	6.857034	-8.523109	0	T:24.0(17.39%),B:3728.2(7.88%),P:1e-3	Tpos:348.0,Tstd:271.2,Bpos:293.9,Bstd:181.9,StrandBias:0.6,Multiplicity:2.67
0.997	0.001	0.001	0.001
0.001	0.997	0.001	0.001
0.001	0.016	0.106	0.877
0.001	0.001	0.997	0.001
0.923	0.001	0.001	0.075
0.997	0.001	0.001	0.001
0.997	0.001	0.001	0.001
0.997	0.001	0.001	0.001
>GTTTGGTT	9-GTTTGGTT	6.393462	-8.512618	0	T:45.0(32.61%),B:9260.7(19.56%),P:1e-3	Tpos:688.8,Tstd:991.3,Bpos:297.3,Bstd:182.8,StrandBias:-0.7,Multiplicity:1.77
0.056	0.001	0.942	0.001
0.060	0.001	0.165	0.774
0.188	0.229	0.031	0.552
0.054	0.243	0.078	0.625
0.024	0.298	0.677	0.001
0.077	0.001	0.921	0.001
0.078	0.001	0.142	0.779
0.001	0.067	0.180	0.752
>CAGCAGTT	10-CAGCAGTT	8.952255	-8.483825	0	T:27.0(19.57%),B:4463.9(9.43%),P:1e-3	Tpos:243.0,Tstd:162.1,Bpos:294.3,Bstd:169.9,StrandBias:0.6,Multiplicity:1.15
0.001	0.997	0.001	0.001
0.947	0.051	0.001	0.001
0.001	0.001	0.997	0.001
0.001	0.842	0.156	0.001
0.997	0.001	0.001	0.001
0.001	0.188	0.810	0.001
0.001	0.001	0.001	0.997
0.001	0.001	0.001	0.997
>ACAGTGTT	11-ACAGTGTT	9.960660	-8.286364	0	T:16.0(11.59%),B:1996.4(4.22%),P:1e-3	Tpos:342.2,Tstd:408.0,Bpos:291.7,Bstd:169.5,StrandBias:0.8,Multiplicity:1.31
0.997	0.001	0.001	0.001
0.001	0.997	0.001	0.001
0.997	0.001	0.001	0.001
0.001	0.330	0.668	0.001
0.001	0.001	0.001	0.997
0.001	0.001	0.997	0.001
0.001	0.001	0.001	0.997
0.001	0.001	0.001	0.997
>CGGTTAGC	12-CGGTTAGC	7.375582	-7.567398	0	T:15.0(10.87%),B:1921.0(4.06%),P:1e-3	Tpos:209.3,Tstd:143.1,Bpos:278.7,Bstd:188.5,StrandBias:0.8,Multiplicity:1.27
0.066	0.913	0.001	0.020
0.022	0.001	0.928	0.049
0.107	0.066	0.826	0.001
0.243	0.001	0.001	0.755
0.001	0.036	0.024	0.939
0.812	0.001	0.130	0.057
0.001	0.069	0.864	0.066
0.001	0.997	0.001	0.001
>CTTACTTW	13-CTTACTTW	8.565391	-5.055788	0	T:13.0(9.42%),B:2020.7(4.27%),P:1e-2	Tpos:497.4,Tstd:403.9,Bpos:290.4,Bstd:171.0,StrandBias:0.5,Multiplicity:1.46
0.001	0.997	0.001	0.001
0.001	0.001	0.212	0.786
0.001	0.001	0.001	0.997
0.876	0.001	0.001	0.122
0.001	0.997	0.001	0.001
0.001	0.001	0.001	0.997
0.209	0.001	0.001	0.789
0.445	0.001	0.001	0.553
>WATTATTA	14-WATTATTA	8.335460	-3.609786	0	T:12.0(8.70%),B:2191.5(4.63%),P:1e-1	Tpos:479.0,Tstd:602.2,Bpos:295.6,Bstd:182.6,StrandBias:1.3,Multiplicity:1.25
0.457	0.001	0.001	0.541
0.652	0.075	0.272	0.001
0.001	0.001	0.001	0.997
0.332	0.001	0.043	0.624
0.997	0.001	0.001	0.001
0.105	0.001	0.371	0.523
0.001	0.178	0.001	0.820
0.678	0.073	0.248	0.001
>AATGCACA	15-AATGCACA	8.236954	-2.780149	0	T:7.0(5.07%),B:1197.8(2.53%),P:1e-1	Tpos:372.9,Tstd:280.3,Bpos:295.8,Bstd:171.0,StrandBias:1.5,Multiplicity:2.71
0.700	0.100	0.100	0.100
0.700	0.100	0.100	0.100
0.100	0.100	0.100	0.700
0.100	0.100	0.700	0.100
0.100	0.700	0.100	0.100
0.700	0.100	0.100	0.100
0.100	0.700	0.100	0.100
0.700	0.100	0.100	0.100
>AAAATGAG	16-AAAATGAG	8.236954	-2.203345	0	T:10.0(7.25%),B:2201.5(4.65%),P:1e0	Tpos:399.7,Tstd:289.8,Bpos:297.6,Bstd:183.9,StrandBias:1.1,Multiplicity:3.80
0.700	0.100	0.100	0.100
0.700	0.100	0.100	0.100
0.700	0.100	0.100	0.100
0.700	0.100	0.100	0.100
0.100	0.100	0.100	0.700
0.100	0.100	0.700	0.100
0.700	0.100	0.100	0.100
0.100	0.100	0.700	0.100
>TCCTCCTC	17-TCCTCCTC	7.970637	-0.958778	0	T:35.0(25.36%),B:11351.9(23.98%),P:1e0	Tpos:461.8,Tstd:690.9,Bpos:294.9,Bstd:175.2,StrandBias:-1.8,Multiplicity:1.57
0.001	0.001	0.001	0.997
0.001	0.997	0.001	0.001
0.001	0.876	0.001	0.122
0.001	0.077	0.001	0.921
0.001	0.910	0.088	0.001
0.001	0.902	0.001	0.096
0.001	0.193	0.001	0.805
0.001	0.997	0.001	0.001
>AGAAAGAA	18-AGAAAGAA	8.236954	-0.171876	0	T:12.0(8.70%),B:5207.3(11.00%),P:1e0	Tpos:311.7,Tstd:182.1,Bpos:298.1,Bstd:169.6,StrandBias:-2.3,Multiplicity:4.83
0.700	0.100	0.100	0.100
0.100	0.100	0.700	0.100
0.700	0.100	0.100	0.100
0.700	0.100	0.100	0.100
0.700	0.100	0.100	0.100
0.100	0.100	0.700	0.100
0.700	0.100	0.100	0.100
0.700	0.100	0.100	0.100
