>AGGAATGT	1-AGGAATGT	8.807291	-69.500553	0	T:115.0(17.32%),B:2396.6(5.00%),P:1e-30	Tpos:351.8,Tstd:360.1,Bpos:240.3,Bstd:143.3,StrandBias:0.1,Multiplicity:1.18
0.793	0.010	0.009	0.188
0.080	0.006	0.913	0.001
0.001	0.001	0.949	0.049
0.943	0.019	0.026	0.012
0.997	0.001	0.001	0.001
0.013	0.001	0.001	0.985
0.001	0.045	0.870	0.084
0.001	0.221	0.001	0.777
>GAATTCCD	2-GAATTCCD	7.720408	-53.610367	0	T:130.0(19.58%),B:3562.6(7.44%),P:1e-23	Tpos:338.5,Tstd:452.4,Bpos:238.5,Bstd:148.9,StrandBias:-0.2,Multiplicity:1.15
0.178	0.159	0.652	0.011
0.571	0.318	0.110	0.001
0.997	0.001	0.001	0.001
0.113	0.001	0.022	0.864
0.011	0.001	0.001	0.987
0.001	0.997	0.001	0.001
0.004	0.709	0.001	0.286
0.416	0.001	0.276	0.307
>SCGATTTY	3-SCGATTTY	5.395261	-23.567592	0	T:224.0(33.73%),B:10871.8(22.70%),P:1e-10	Tpos:333.9,Tstd:385.5,Bpos:238.5,Bstd:154.1,StrandBias:-0.2,Multiplicity:1.28
0.159	0.316	0.414	0.111
0.139	0.563	0.121	0.177
0.006	0.186	0.681	0.127
0.489	0.211	0.197	0.104
0.033	0.021	0.001	0.945
0.020	0.035	0.046	0.899
0.171	0.216	0.035	0.578
0.114	0.443	0.119	0.323
>CTAATTCC	4-CTAATTCC	7.040131	-21.277660	0	T:132.0(19.88%),B:5559.7(11.61%),P:1e-9	Tpos:280.0,Tstd:227.5,Bpos:235.6,Bstd:148.0,StrandBias:0.1,Multiplicity:1.09
0.028	0.970	0.001	0.001
0.160	0.001	0.001	0.838
0.802	0.074	0.095	0.029
0.823	0.150	0.001	0.026
0.087	0.001	0.150	0.762
0.009	0.047	0.001	0.943
0.001	0.980	0.018	0.001
0.073	0.925	0.001	0.001
>ATGACTCA	5-ATGACTCA	7.117899	-21.252225	0	T:119.0(17.92%),B:4829.4(10.08%),P:1e-9	Tpos:296.4,Tstd:236.3,Bpos:237.3,Bstd:137.1,StrandBias:-0.0,Multiplicity:1.16
0.680	0.133	0.186	0.001
0.025	0.005	0.001	0.969
0.001	0.025	0.973	0.001
0.997	0.001	0.001	0.001
0.142	0.746	0.088	0.024
0.051	0.039	0.001	0.909
0.001	0.978	0.001	0.020
0.853	0.001	0.018	0.128
>RACKSTAT	6-RACKSTAT	8.152367	-20.653518	0	T:52.0(7.83%),B:1454.2(3.04%),P:1e-8	Tpos:373.2,Tstd:830.3,Bpos:235.3,Bstd:143.8,StrandBias:-0.1,Multiplicity:1.06
0.427	0.012	0.560	0.001
0.987	0.005	0.001	0.007
0.001	0.997	0.001	0.001
0.001	0.001	0.514	0.484
0.164	0.401	0.313	0.121
0.008	0.001	0.001	0.990
0.698	0.001	0.001	0.300
0.038	0.001	0.021	0.940
>CGGCTTTT	7-CGGCTTTT	6.861803	-19.804706	0	T:137.0(20.63%),B:5981.6(12.49%),P:1e-8	Tpos:296.3,Tstd:240.9,Bpos:238.0,Bstd:148.7,StrandBias:0.3,Multiplicity:1.09
0.001	0.765	0.111	0.123
0.001	0.001	0.844	0.154
0.027	0.089	0.832	0.052
0.103	0.878	0.009	0.010
0.007	0.001	0.005	0.987
0.035	0.169	0.011	0.785
0.001	0.028	0.040	0.931
0.001	0.001	0.001	0.997
>GCTAAGCT	8-GCTAAGCT	7.305958	-19.694421	0	T:80.0(12.05%),B:2853.4(5.96%),P:1e-8	Tpos:248.4,Tstd:257.7,Bpos:239.2,Bstd:144.4,StrandBias:-0.2,Multiplicity:1.08
0.001	0.001	0.997	0.001
0.001	0.973	0.001	0.025
0.096	0.001	0.077	0.826
0.997	0.001	0.001	0.001
0.956	0.042	0.001	0.001
0.001	0.227	0.771	0.001
0.001	0.881	0.001	0.117
0.001	0.001	0.001	0.997
>TAACGTCG	9-TAACGTCG	5.682263	-19.171107	0	T:119.0(17.92%),B:5007.0(10.45%),P:1e-8	Tpos:351.7,Tstd:626.5,Bpos:237.7,Bstd:154.7,StrandBias:0.1,Multiplicity:1.05
0.094	0.001	0.027	0.878
0.769	0.170	0.001	0.060
0.736	0.123	0.139	0.002
0.057	0.807	0.110	0.026
0.172	0.024	0.502	0.302
0.169	0.063	0.068	0.700
0.045	0.767	0.099	0.089
0.025	0.107	0.867	0.001
>GAATTKMC	10-GAATTKMC	8.404352	-17.593486	0	T:51.0(7.68%),B:1551.0(3.24%),P:1e-7	Tpos:253.3,Tstd:203.5,Bpos:239.2,Bstd:147.6,StrandBias:0.3,Multiplicity:1.24
0.123	0.001	0.875	0.001
0.896	0.102	0.001	0.001
0.705	0.001	0.195	0.099
0.001	0.124	0.093	0.782
0.005	0.099	0.104	0.792
0.001	0.001	0.436	0.562
0.458	0.540	0.001	0.001
0.001	0.997	0.001	0.001
>TGTATGGG	11-TGTATGGG	6.949251	-15.450502	0	T:44.0(6.63%),B:1333.7(2.78%),P:1e-6	Tpos:451.7,Tstd:889.5,Bpos:244.2,Bstd:139.1,StrandBias:-0.3,Multiplicity:1.26
0.001	0.075	0.001	0.923
0.021	0.001	0.977	0.001
0.001	0.001	0.001	0.997
0.997	0.001	0.001	0.001
0.001	0.001	0.001	0.997
0.001	0.001	0.997	0.001
0.001	0.001	0.997	0.001
0.001	0.165	0.833	0.001
>GATAGTAA	12-GATAGTAA	8.375098	-14.915694	0	T:37.0(5.57%),B:1041.2(2.17%),P:1e-6	Tpos:381.2,Tstd:705.7,Bpos:243.3,Bstd:147.2,StrandBias:-0.1,Multiplicity:1.25
0.001	0.001	0.997	0.001
0.997	0.001	0.001	0.001
0.001	0.001	0.001	0.997
0.881	0.001	0.117	0.001
0.001	0.001	0.997	0.001
0.001	0.001	0.001	0.997
0.576	0.001	0.422	0.001
0.997	0.001	0.001	0.001
>TATGGCGA	13-TATGGCGA	8.236954	-14.856619	0	T:11.0(1.66%),B:104.3(0.22%),P:1e-6	Tpos:470.2,Tstd:491.5,Bpos:262.4,Bstd:159.9,StrandBias:0.7,Multiplicity:2.91
0.100	0.100	0.100	0.700
0.700	0.100	0.100	0.100
0.100	0.100	0.100	0.700
0.100	0.100	0.700	0.100
0.100	0.100	0.700	0.100
0.100	0.700	0.100	0.100
0.100	0.100	0.700	0.100
0.700	0.100	0.100	0.100
>GSAATATT	14-GSAATATT	6.546010	-14.465188	0	T:54.0(8.13%),B:1870.4(3.90%),P:1e-6	Tpos:344.6,Tstd:541.9,Bpos:238.0,Bstd:149.6,StrandBias:0.2,Multiplicity:1.27
0.271	0.052	0.676	0.001
0.001	0.570	0.428	0.001
0.767	0.001	0.065	0.167
0.553	0.001	0.107	0.339
0.134	0.242	0.134	0.489
0.591	0.085	0.323	0.001
0.151	0.191	0.001	0.657
0.001	0.129	0.178	0.692
>CCTKAGGG	15-CCTKAGGG	8.286391	-14.055743	0	T:99.0(14.91%),B:4342.3(9.06%),P:1e-6	Tpos:315.4,Tstd:287.3,Bpos:239.2,Bstd:146.1,StrandBias:-0.1,Multiplicity:1.12
0.001	0.960	0.038	0.001
0.001	0.997	0.001	0.001
0.001	0.171	0.026	0.802
0.202	0.091	0.301	0.407
0.945	0.001	0.001	0.053
0.001	0.001	0.997	0.001
0.030	0.001	0.968	0.001
0.001	0.001	0.997	0.001
>TAGTARAA	16-TAGTARAA	8.258948	-10.349520	0	T:18.0(2.71%),B:417.5(0.87%),P:1e-4	Tpos:471.4,Tstd:589.2,Bpos:228.8,Bstd:143.4,StrandBias:0.7,Multiplicity:1.00
0.059	0.143	0.001	0.797
0.687	0.228	0.001	0.084
0.001	0.001	0.997	0.001
0.001	0.001	0.130	0.868
0.693	0.001	0.305	0.001
0.333	0.058	0.380	0.230
0.903	0.032	0.001	0.064
0.523	0.107	0.001	0.369
>TTTTCAGT	17-TTTTCAGT	9.279561	-9.306565	0	T:53.0(7.98%),B:2199.7(4.59%),P:1e-4	Tpos:411.2,Tstd:489.6,Bpos:237.5,Bstd:150.6,StrandBias:0.1,Multiplicity:1.81
0.001	0.001	0.001	0.997
0.001	0.001	0.001	0.997
0.001	0.001	0.001	0.997
0.001	0.001	0.001	0.997
0.167	0.831	0.001	0.001
0.997	0.001	0.001	0.001
0.001	0.001	0.997	0.001
0.001	0.001	0.001	0.997
>GGGGGGGG	18-GGGGGGGG	7.840032	-9.215716	0	T:231.0(34.79%),B:13458.5(28.10%),P:1e-4	Tpos:318.1,Tstd:519.9,Bpos:237.0,Bstd:154.2,StrandBias:-0.2,Multiplicity:1.51
0.039	0.001	0.909	0.051
0.001	0.001	0.861	0.137
0.001	0.001	0.904	0.094
0.001	0.001	0.853	0.145
0.001	0.001	0.942	0.056
0.083	0.001	0.915	0.001
0.001	0.001	0.971	0.027
0.033	0.001	0.846	0.120
>TGTAGGAC	19-TGTAGGAC	6.591849	-8.890013	0	T:25.0(3.77%),B:782.9(1.63%),P:1e-3	Tpos:451.3,Tstd:666.3,Bpos:236.9,Bstd:151.7,StrandBias:0.9,Multiplicity:1.68
0.001	0.001	0.001	0.997
0.001	0.001	0.997	0.001
0.001	0.001	0.001	0.997
0.806	0.192	0.001	0.001
0.001	0.059	0.939	0.001
0.001	0.001	0.997	0.001
0.997	0.001	0.001	0.001
0.001	0.997	0.001	0.001
>AAAATGAG	20-AAAATGAG	8.236954	-2.956077	0	T:24.0(3.61%),B:1205.1(2.52%),P:1e-1	Tpos:320.4,Tstd:277.7,Bpos:243.6,Bstd:148.9,StrandBias:0.9,Multiplicity:2.65
0.700	0.100	0.100	0.100
0.700	0.100	0.100	0.100
0.700	0.100	0.100	0.100
0.700	0.100	0.100	0.100
0.100	0.100	0.100	0.700
0.100	0.100	0.700	0.100
0.700	0.100	0.100	0.100
0.100	0.100	0.700	0.100
