>TGAGTCAC	1-TGAGTCAC	9.445234	-1086.422119	0	T:7083.0(13.61%),B:3860.8(7.65%),P:1e-471	Tpos:806.9,Tstd:1011.5,Bpos:487.0,Bstd:290.3,StrandBias:0.0,Multiplicity:1.16
0.001	0.001	0.001	0.997
0.001	0.001	0.997	0.001
0.997	0.001	0.001	0.001
0.001	0.248	0.750	0.001
0.001	0.001	0.001	0.997
0.001	0.997	0.001	0.001
0.997	0.001	0.001	0.001
0.001	0.601	0.136	0.262
>SCCCTAGG	2-SCCCTAGG	7.053061	-605.565070	0	T:14619.0(28.09%),B:10916.6(21.63%),P:1e-262	Tpos:921.2,Tstd:1022.8,Bpos:512.5,Bstd:303.1,StrandBias:-0.0,Multiplicity:1.39
0.065	0.365	0.480	0.090
0.009	0.952	0.013	0.026
0.053	0.671	0.146	0.130
0.004	0.781	0.099	0.116
0.044	0.321	0.091	0.544
0.747	0.092	0.121	0.040
0.019	0.018	0.928	0.035
0.057	0.009	0.898	0.036
>CCCTGAGG	3-CCCTGAGG	8.801581	-526.414298	0	T:13084.0(25.14%),B:9767.6(19.35%),P:1e-228	Tpos:868.1,Tstd:1029.9,Bpos:506.0,Bstd:292.9,StrandBias:0.0,Multiplicity:1.29
0.001	0.642	0.356	0.001
0.001	0.997	0.001	0.001
0.001	0.997	0.001	0.001
0.001	0.163	0.001	0.835
0.001	0.293	0.514	0.192
0.997	0.001	0.001	0.001
0.001	0.001	0.997	0.001
0.001	0.001	0.997	0.001
>AGAGGGCG	4-AGAGGGCG	8.236954	-508.919341	0	T:3656.0(7.02%),B:2025.0(4.01%),P:1e-221	Tpos:876.8,Tstd:963.1,Bpos:493.1,Bstd:309.5,StrandBias:-0.1,Multiplicity:1.07
0.700	0.100	0.100	0.100
0.100	0.100	0.700	0.100
0.700	0.100	0.100	0.100
0.100	0.100	0.700	0.100
0.100	0.100	0.700	0.100
0.100	0.100	0.700	0.100
0.100	0.700	0.100	0.100
0.100	0.100	0.700	0.100
>CCCCGCCY	5-CCCCGCCY	8.113590	-491.220858	0	T:13805.0(26.52%),B:10499.3(20.80%),P:1e-213	Tpos:1024.4,Tstd:899.9,Bpos:487.6,Bstd:296.5,StrandBias:-0.0,Multiplicity:2.22
0.135	0.681	0.049	0.135
0.037	0.550	0.040	0.373
0.245	0.672	0.082	0.001
0.001	0.997	0.001	0.001
0.200	0.080	0.719	0.001
0.044	0.855	0.100	0.001
0.001	0.897	0.052	0.050
0.031	0.543	0.001	0.425
>ACATTCCT	6-ACATTCCT	9.117195	-362.025413	0	T:7899.0(15.18%),B:5701.9(11.30%),P:1e-157	Tpos:834.3,Tstd:997.9,Bpos:488.4,Bstd:298.4,StrandBias:-0.0,Multiplicity:1.16
0.749	0.001	0.249	0.001
0.109	0.889	0.001	0.001
0.997	0.001	0.001	0.001
0.001	0.001	0.001	0.997
0.001	0.001	0.001	0.997
0.001	0.997	0.001	0.001
0.001	0.903	0.001	0.095
0.234	0.001	0.001	0.764
>RAATTCCG	7-RAATTCCG	7.086421	-311.997973	0	T:6287.0(12.08%),B:4460.6(8.84%),P:1e-135	Tpos:864.7,Tstd:1094.2,Bpos:497.8,Bstd:306.1,StrandBias:0.0,Multiplicity:1.12
0.392	0.062	0.467	0.080
0.522	0.359	0.047	0.072
0.758	0.067	0.041	0.134
0.054	0.046	0.051	0.849
0.012	0.073	0.123	0.792
0.010	0.901	0.057	0.032
0.082	0.751	0.101	0.066
0.217	0.020	0.535	0.228
>CGAGTCAV	8-CGAGTCAV	5.266731	-308.061347	0	T:7610.0(14.62%),B:5594.5(11.08%),P:1e-133	Tpos:879.7,Tstd:1013.8,Bpos:488.8,Bstd:303.2,StrandBias:-0.0,Multiplicity:1.15
0.001	0.984	0.001	0.014
0.001	0.001	0.997	0.001
0.997	0.001	0.001	0.001
0.001	0.001	0.997	0.001
0.001	0.001	0.001	0.997
0.001	0.659	0.001	0.339
0.985	0.013	0.001	0.001
0.230	0.226	0.355	0.189
>YCCGCAGG	9-YCCGCAGG	7.444025	-305.723162	0	T:11775.0(22.62%),B:9257.0(18.34%),P:1e-132	Tpos:988.8,Tstd:880.5,Bpos:523.5,Bstd:322.1,StrandBias:-0.0,Multiplicity:1.37
0.177	0.354	0.189	0.279
0.001	0.732	0.198	0.069
0.001	0.958	0.040	0.001
0.001	0.217	0.781	0.001
0.109	0.760	0.130	0.001
0.853	0.001	0.001	0.145
0.001	0.046	0.952	0.001
0.066	0.067	0.806	0.061
>SCCGGRAG	10-SCCGGRAG	8.234528	-301.349791	0	T:6648.0(12.77%),B:4791.2(9.49%),P:1e-130	Tpos:966.9,Tstd:839.3,Bpos:506.6,Bstd:301.5,StrandBias:0.0,Multiplicity:1.26
0.191	0.347	0.461	0.001
0.001	0.982	0.001	0.016
0.001	0.931	0.067	0.001
0.001	0.001	0.600	0.398
0.016	0.001	0.971	0.012
0.449	0.164	0.355	0.032
0.841	0.001	0.143	0.015
0.131	0.044	0.824	0.001
>CCGCTAGR	11-CCGCTAGR	6.514418	-293.199099	0	T:12655.0(24.31%),B:10091.7(19.99%),P:1e-127	Tpos:933.3,Tstd:957.5,Bpos:506.5,Bstd:314.4,StrandBias:0.0,Multiplicity:1.31
0.077	0.699	0.116	0.108
0.001	0.978	0.020	0.001
0.131	0.110	0.691	0.068
0.001	0.904	0.001	0.094
0.045	0.121	0.045	0.789
0.771	0.001	0.182	0.046
0.134	0.064	0.768	0.034
0.311	0.110	0.397	0.182
>CCCCGAGG	12-CCCCGAGG	7.160855	-279.067296	0	T:10374.0(19.93%),B:8098.5(16.04%),P:1e-121	Tpos:1012.9,Tstd:1070.0,Bpos:524.9,Bstd:325.3,StrandBias:-0.0,Multiplicity:1.16
0.095	0.673	0.085	0.147
0.047	0.843	0.033	0.077
0.114	0.689	0.110	0.087
0.104	0.754	0.121	0.021
0.083	0.249	0.511	0.157
0.818	0.082	0.039	0.061
0.046	0.048	0.881	0.025
0.058	0.047	0.829	0.066
>GCCTTAGG	13-GCCTTAGG	8.619035	-229.747829	0	T:7108.0(13.66%),B:5386.5(10.67%),P:1e-99	Tpos:907.2,Tstd:1009.2,Bpos:504.8,Bstd:304.7,StrandBias:-0.0,Multiplicity:1.15
0.083	0.001	0.915	0.001
0.001	0.997	0.001	0.001
0.001	0.997	0.001	0.001
0.001	0.001	0.001	0.997
0.001	0.001	0.001	0.997
0.561	0.094	0.344	0.001
0.001	0.001	0.997	0.001
0.001	0.001	0.997	0.001
>CGCGTTTC	14-CGCGTTTC	7.186991	-229.313593	0	T:7578.0(14.56%),B:5797.8(11.49%),P:1e-99	Tpos:981.9,Tstd:1066.8,Bpos:502.9,Bstd:331.1,StrandBias:-0.0,Multiplicity:1.23
0.001	0.997	0.001	0.001
0.001	0.001	0.997	0.001
0.001	0.587	0.411	0.001
0.141	0.082	0.776	0.001
0.001	0.001	0.001	0.997
0.001	0.001	0.001	0.997
0.059	0.073	0.006	0.862
0.052	0.777	0.170	0.001
>NAAACCGN	15-NAAACCGN	6.833460	-228.408734	0	T:7048.0(13.54%),B:5338.2(10.58%),P:1e-99	Tpos:948.3,Tstd:985.4,Bpos:487.0,Bstd:329.9,StrandBias:0.1,Multiplicity:1.19
0.241	0.265	0.278	0.216
0.796	0.053	0.043	0.108
0.873	0.078	0.041	0.008
0.652	0.126	0.084	0.138
0.058	0.661	0.160	0.121
0.001	0.964	0.034	0.001
0.023	0.060	0.916	0.001
0.248	0.227	0.328	0.197
>ACAWYCCG	16-ACAWYCCG	5.661495	-218.253514	0	T:12903.0(24.79%),B:10608.3(21.02%),P:1e-94	Tpos:926.8,Tstd:1040.7,Bpos:499.4,Bstd:315.0,StrandBias:0.0,Multiplicity:1.25
0.650	0.151	0.001	0.198
0.001	0.576	0.422	0.001
0.574	0.073	0.001	0.352
0.324	0.256	0.001	0.419
0.001	0.325	0.236	0.438
0.245	0.753	0.001	0.001
0.227	0.484	0.288	0.001
0.001	0.001	0.682	0.316
>CCAGAGGC	17-CCAGAGGC	7.486674	-201.330492	0	T:10650.0(20.46%),B:8632.2(17.10%),P:1e-87	Tpos:925.7,Tstd:990.5,Bpos:504.5,Bstd:304.9,StrandBias:0.0,Multiplicity:1.24
0.083	0.773	0.047	0.097
0.017	0.676	0.057	0.250
0.669	0.044	0.191	0.096
0.059	0.034	0.887	0.020
0.801	0.076	0.103	0.020
0.001	0.281	0.615	0.103
0.037	0.038	0.847	0.078
0.001	0.737	0.185	0.077
>CGCGACST	18-CGCGACST	3.598938	-196.271743	0	T:6980.0(13.41%),B:5382.9(10.66%),P:1e-85	Tpos:1005.9,Tstd:838.6,Bpos:522.3,Bstd:326.4,StrandBias:-0.0,Multiplicity:1.48
0.001	0.997	0.001	0.001
0.001	0.001	0.997	0.001
0.001	0.997	0.001	0.001
0.001	0.001	0.997	0.001
0.997	0.001	0.001	0.001
0.001	0.997	0.001	0.001
0.001	0.430	0.568	0.001
0.001	0.001	0.001	0.997
>CGCGCTGT	19-CGCGCTGT	6.461366	-174.441606	0	T:10838.0(20.82%),B:8917.0(17.67%),P:1e-75	Tpos:973.9,Tstd:898.6,Bpos:516.7,Bstd:323.0,StrandBias:0.0,Multiplicity:1.56
0.116	0.629	0.129	0.126
0.047	0.020	0.932	0.001
0.044	0.799	0.143	0.014
0.030	0.001	0.809	0.160
0.001	0.762	0.082	0.155
0.153	0.001	0.001	0.845
0.105	0.111	0.639	0.145
0.094	0.136	0.188	0.582
>GGTGGCGC	20-GGTGGCGC	10.284685	-167.661295	0	T:4092.0(7.86%),B:2979.9(5.90%),P:1e-72	Tpos:900.4,Tstd:973.6,Bpos:498.1,Bstd:327.5,StrandBias:0.0,Multiplicity:1.09
0.039	0.001	0.906	0.054
0.014	0.050	0.911	0.025
0.048	0.001	0.043	0.908
0.041	0.001	0.942	0.016
0.016	0.013	0.937	0.034
0.088	0.856	0.055	0.001
0.001	0.001	0.869	0.129
0.045	0.908	0.028	0.019
>GAATTTAC	21-GAATTTAC	8.236954	-152.415857	0	T:1547.0(2.97%),B:941.0(1.86%),P:1e-66	Tpos:844.4,Tstd:1179.7,Bpos:505.6,Bstd:312.8,StrandBias:-0.0,Multiplicity:1.07
0.100	0.100	0.700	0.100
0.700	0.100	0.100	0.100
0.700	0.100	0.100	0.100
0.100	0.100	0.100	0.700
0.100	0.100	0.100	0.700
0.100	0.100	0.100	0.700
0.700	0.100	0.100	0.100
0.100	0.700	0.100	0.100
>GCCTGGAG	22-GCCTGGAG	8.660835	-145.713166	0	T:8875.0(17.05%),B:7266.3(14.40%),P:1e-63	Tpos:899.7,Tstd:1006.9,Bpos:504.9,Bstd:297.5,StrandBias:0.0,Multiplicity:1.19
0.001	0.131	0.760	0.108
0.001	0.911	0.087	0.001
0.001	0.997	0.001	0.001
0.001	0.001	0.001	0.997
0.035	0.039	0.925	0.001
0.152	0.074	0.773	0.001
0.997	0.001	0.001	0.001
0.085	0.001	0.913	0.001
>ANHTGCGA	23-ANHTGCGA	5.307621	-109.869331	0	T:7804.0(14.99%),B:6465.0(12.81%),P:1e-47	Tpos:929.4,Tstd:922.7,Bpos:495.1,Bstd:326.9,StrandBias:-0.0,Multiplicity:1.21
0.542	0.330	0.117	0.011
0.157	0.247	0.306	0.291
0.218	0.221	0.204	0.357
0.161	0.122	0.209	0.508
0.001	0.411	0.581	0.007
0.001	0.936	0.001	0.062
0.001	0.001	0.997	0.001
0.424	0.125	0.217	0.234
>AAAACAAA	24-AAAACAAA	10.663149	-20.483039	0	T:12975.0(24.93%),B:12018.8(23.81%),P:1e-8	Tpos:872.3,Tstd:1191.1,Bpos:492.0,Bstd:334.2,StrandBias:-0.0,Multiplicity:2.01
0.689	0.309	0.001	0.001
0.997	0.001	0.001	0.001
0.997	0.001	0.001	0.001
0.997	0.001	0.001	0.001
0.001	0.997	0.001	0.001
0.964	0.001	0.034	0.001
0.997	0.001	0.001	0.001
0.997	0.001	0.001	0.001
>TTTTTTTT	25-TTTTTTTT	8.236954	-18.362984	0	T:15562.0(29.90%),B:14528.3(28.78%),P:1e-7	Tpos:946.0,Tstd:1287.4,Bpos:483.6,Bstd:341.6,StrandBias:0.0,Multiplicity:1.53
0.100	0.100	0.100	0.700
0.100	0.100	0.100	0.700
0.100	0.100	0.100	0.700
0.100	0.100	0.100	0.700
0.100	0.100	0.100	0.700
0.100	0.100	0.100	0.700
0.100	0.100	0.100	0.700
0.100	0.100	0.100	0.700
