>CCTSAGGC	1-CCTSAGGC	7.587889	-528.743768	0	T:5386.0(29.63%),B:6155.5(19.57%),P:1e-229	Tpos:327.9,Tstd:233.2,Bpos:244.3,Bstd:145.2,StrandBias:-0.0,Multiplicity:1.27
0.063	0.914	0.016	0.007
0.007	0.893	0.038	0.062
0.005	0.226	0.077	0.692
0.166	0.288	0.388	0.157
0.715	0.077	0.207	0.001
0.021	0.006	0.968	0.005
0.007	0.009	0.905	0.079
0.011	0.758	0.227	0.004
>AGGCGTGT	2-AGGCGTGT	6.623245	-142.850603	0	T:3942.0(21.68%),B:5311.2(16.89%),P:1e-62	Tpos:314.8,Tstd:247.0,Bpos:240.5,Bstd:148.5,StrandBias:0.1,Multiplicity:1.17
0.958	0.028	0.001	0.013
0.039	0.001	0.959	0.001
0.009	0.037	0.953	0.001
0.001	0.861	0.001	0.137
0.001	0.043	0.933	0.023
0.062	0.020	0.019	0.899
0.076	0.001	0.890	0.033
0.047	0.152	0.103	0.698
>GCCTTGAG	3-GCCTTGAG	8.199723	-127.920223	0	T:2839.0(15.62%),B:3677.5(11.69%),P:1e-55	Tpos:304.3,Tstd:241.0,Bpos:240.0,Bstd:146.9,StrandBias:0.0,Multiplicity:1.11
0.061	0.027	0.911	0.001
0.001	0.982	0.016	0.001
0.017	0.968	0.014	0.001
0.001	0.001	0.001	0.997
0.038	0.040	0.067	0.855
0.042	0.131	0.786	0.041
0.817	0.025	0.157	0.001
0.284	0.001	0.703	0.012
>GCGGATCT	4-GCGGATCT	6.581256	-124.342018	0	T:3205.0(17.63%),B:4257.0(13.54%),P:1e-54	Tpos:308.2,Tstd:248.4,Bpos:244.6,Bstd:149.1,StrandBias:0.1,Multiplicity:1.13
0.149	0.033	0.774	0.044
0.024	0.866	0.026	0.084
0.159	0.009	0.807	0.025
0.001	0.001	0.997	0.001
0.944	0.001	0.040	0.015
0.001	0.017	0.103	0.879
0.010	0.820	0.057	0.113
0.001	0.030	0.001	0.968
>AAACCCGG	5-AAACCCGG	6.161828	-115.119093	0	T:4217.0(23.20%),B:5897.9(18.75%),P:1e-49	Tpos:306.6,Tstd:266.0,Bpos:245.2,Bstd:153.8,StrandBias:0.1,Multiplicity:1.18
0.847	0.013	0.121	0.019
0.646	0.176	0.107	0.071
0.721	0.040	0.130	0.109
0.071	0.726	0.015	0.188
0.001	0.882	0.067	0.050
0.020	0.710	0.183	0.087
0.001	0.001	0.821	0.177
0.100	0.165	0.647	0.088
>TTAATCCG	6-TTAATCCG	5.947271	-110.669025	0	T:2506.0(13.79%),B:3249.8(10.33%),P:1e-48	Tpos:314.7,Tstd:286.9,Bpos:240.9,Bstd:153.6,StrandBias:-0.0,Multiplicity:1.11
0.117	0.044	0.117	0.722
0.174	0.096	0.098	0.632
0.853	0.044	0.065	0.038
0.848	0.061	0.034	0.057
0.083	0.119	0.096	0.702
0.070	0.757	0.058	0.115
0.049	0.829	0.092	0.030
0.017	0.159	0.659	0.165
>TTTCGAGA	7-TTTCGAGA	7.938734	-105.256577	0	T:613.0(3.37%),B:565.8(1.80%),P:1e-45	Tpos:298.9,Tstd:242.2,Bpos:240.7,Bstd:162.1,StrandBias:-0.1,Multiplicity:1.01
0.001	0.001	0.001	0.997
0.001	0.001	0.001	0.997
0.001	0.001	0.001	0.997
0.001	0.997	0.001	0.001
0.001	0.001	0.997	0.001
0.949	0.049	0.001	0.001
0.109	0.001	0.889	0.001
0.997	0.001	0.001	0.001
>GGTGTGGC	8-GGTGTGGC	8.642516	-94.262372	0	T:2638.0(14.51%),B:3532.2(11.23%),P:1e-40	Tpos:330.1,Tstd:256.5,Bpos:243.0,Bstd:140.7,StrandBias:-0.0,Multiplicity:1.15
0.001	0.001	0.997	0.001
0.001	0.001	0.997	0.001
0.112	0.001	0.001	0.886
0.001	0.001	0.997	0.001
0.001	0.001	0.253	0.745
0.001	0.001	0.997	0.001
0.001	0.001	0.997	0.001
0.001	0.865	0.001	0.133
>GCCGCAGG	9-GCCGCAGG	8.199725	-86.681200	0	T:1762.0(9.69%),B:2235.7(7.11%),P:1e-37	Tpos:323.0,Tstd:238.2,Bpos:246.9,Bstd:157.8,StrandBias:-0.0,Multiplicity:1.15
0.001	0.246	0.752	0.001
0.001	0.910	0.001	0.088
0.001	0.997	0.001	0.001
0.001	0.001	0.997	0.001
0.001	0.852	0.001	0.146
0.997	0.001	0.001	0.001
0.001	0.001	0.997	0.001
0.001	0.001	0.997	0.001
>TTGTTTGT	10-TTGTTTGT	8.236954	-84.194439	0	T:1364.0(7.50%),B:1657.3(5.27%),P:1e-36	Tpos:279.7,Tstd:242.1,Bpos:234.7,Bstd:166.6,StrandBias:-0.2,Multiplicity:2.15
0.100	0.100	0.100	0.700
0.100	0.100	0.100	0.700
0.100	0.100	0.700	0.100
0.100	0.100	0.100	0.700
0.100	0.100	0.100	0.700
0.100	0.100	0.100	0.700
0.100	0.100	0.700	0.100
0.100	0.100	0.100	0.700
>AGGGAGTG	11-AGGGAGTG	7.326133	-83.407059	0	T:2811.0(15.46%),B:3861.1(12.28%),P:1e-36	Tpos:312.7,Tstd:254.2,Bpos:241.6,Bstd:142.7,StrandBias:-0.0,Multiplicity:1.09
0.760	0.238	0.001	0.001
0.072	0.163	0.764	0.001
0.051	0.033	0.880	0.036
0.081	0.001	0.866	0.052
0.704	0.294	0.001	0.001
0.295	0.001	0.498	0.206
0.060	0.098	0.001	0.841
0.001	0.001	0.698	0.300
>RCATTCCW	12-RCATTCCW	6.771472	-80.684947	0	T:3445.0(18.95%),B:4880.3(15.52%),P:1e-35	Tpos:302.6,Tstd:255.7,Bpos:242.0,Bstd:144.8,StrandBias:0.0,Multiplicity:1.18
0.502	0.001	0.470	0.027
0.322	0.509	0.113	0.056
0.962	0.001	0.036	0.001
0.035	0.001	0.001	0.963
0.001	0.001	0.001	0.997
0.120	0.878	0.001	0.001
0.103	0.590	0.184	0.123
0.504	0.001	0.122	0.373
>CCGATTCC	13-CCGATTCC	6.947606	-79.321291	0	T:2577.0(14.18%),B:3519.1(11.19%),P:1e-34	Tpos:306.9,Tstd:258.0,Bpos:242.3,Bstd:145.9,StrandBias:0.0,Multiplicity:1.13
0.059	0.890	0.038	0.013
0.036	0.744	0.103	0.117
0.073	0.001	0.925	0.001
0.794	0.095	0.086	0.025
0.022	0.035	0.001	0.942
0.001	0.033	0.001	0.965
0.018	0.921	0.008	0.053
0.029	0.931	0.001	0.039
>GAACTCGC	14-GAACTCGC	5.581198	-78.522460	0	T:5076.0(27.92%),B:7539.6(23.97%),P:1e-34	Tpos:305.4,Tstd:244.1,Bpos:245.0,Bstd:153.4,StrandBias:-0.1,Multiplicity:1.22
0.158	0.089	0.654	0.099
0.845	0.050	0.070	0.035
0.717	0.081	0.079	0.123
0.129	0.693	0.083	0.095
0.066	0.107	0.062	0.765
0.084	0.719	0.098	0.099
0.064	0.061	0.838	0.037
0.064	0.772	0.092	0.072
>TTTGGTTT	15-TTTGGTTT	9.569728	-74.529621	0	T:2800.0(15.40%),B:3897.9(12.39%),P:1e-32	Tpos:290.4,Tstd:262.1,Bpos:238.9,Bstd:163.2,StrandBias:-0.1,Multiplicity:1.76
0.001	0.001	0.085	0.913
0.001	0.001	0.001	0.997
0.001	0.001	0.001	0.997
0.001	0.001	0.681	0.317
0.001	0.001	0.814	0.184
0.059	0.001	0.001	0.939
0.001	0.001	0.001	0.997
0.001	0.001	0.001	0.997
>TTSMGSCA	16-TTSMGSCA	6.684963	-66.733420	0	T:4679.0(25.74%),B:6983.0(22.20%),P:1e-28	Tpos:309.8,Tstd:252.9,Bpos:243.5,Bstd:149.1,StrandBias:-0.0,Multiplicity:1.20
0.001	0.001	0.001	0.997
0.193	0.217	0.001	0.589
0.143	0.456	0.400	0.002
0.445	0.553	0.001	0.001
0.001	0.096	0.902	0.001
0.100	0.344	0.425	0.130
0.001	0.997	0.001	0.001
0.855	0.010	0.001	0.134
>ACTAGKGG	17-ACTAGKGG	8.065381	-54.446756	0	T:781.0(4.30%),B:925.4(2.94%),P:1e-23	Tpos:292.9,Tstd:249.4,Bpos:234.0,Bstd:139.9,StrandBias:0.1,Multiplicity:1.02
0.769	0.229	0.001	0.001
0.001	0.997	0.001	0.001
0.001	0.001	0.092	0.906
0.997	0.001	0.001	0.001
0.109	0.355	0.535	0.001
0.001	0.001	0.431	0.567
0.235	0.305	0.459	0.001
0.001	0.001	0.997	0.001
>CTGAACCT	18-CTGAACCT	7.611634	-53.594017	0	T:1139.0(6.27%),B:1453.1(4.62%),P:1e-23	Tpos:311.0,Tstd:298.3,Bpos:242.0,Bstd:144.7,StrandBias:-0.1,Multiplicity:1.12
0.001	0.847	0.001	0.151
0.001	0.001	0.001	0.997
0.001	0.001	0.997	0.001
0.997	0.001	0.001	0.001
0.997	0.001	0.001	0.001
0.001	0.997	0.001	0.001
0.001	0.997	0.001	0.001
0.001	0.001	0.208	0.790
>GTGTAGCC	19-GTGTAGCC	9.322559	-44.664406	0	T:1177.0(6.47%),B:1554.1(4.94%),P:1e-19	Tpos:299.8,Tstd:245.7,Bpos:242.8,Bstd:154.0,StrandBias:-0.1,Multiplicity:1.05
0.346	0.001	0.652	0.001
0.001	0.001	0.001	0.997
0.001	0.001	0.997	0.001
0.001	0.001	0.006	0.992
0.997	0.001	0.001	0.001
0.001	0.136	0.862	0.001
0.001	0.845	0.004	0.150
0.309	0.689	0.001	0.001
>TTGAGACA	20-TTGAGACA	9.403314	-44.273057	0	T:1146.0(6.30%),B:1509.5(4.80%),P:1e-19	Tpos:276.7,Tstd:274.5,Bpos:237.2,Bstd:149.3,StrandBias:-0.2,Multiplicity:1.04
0.001	0.001	0.001	0.997
0.001	0.001	0.001	0.997
0.001	0.001	0.997	0.001
0.997	0.001	0.001	0.001
0.001	0.001	0.997	0.001
0.997	0.001	0.001	0.001
0.001	0.809	0.001	0.189
0.997	0.001	0.001	0.001
>TGTCAAAT	21-TGTCAAAT	9.901360	-39.391569	0	T:612.0(3.37%),B:738.6(2.35%),P:1e-17	Tpos:277.4,Tstd:245.4,Bpos:241.4,Bstd:146.9,StrandBias:-0.1,Multiplicity:1.03
0.001	0.001	0.001	0.997
0.001	0.001	0.997	0.001
0.001	0.001	0.001	0.997
0.001	0.997	0.001	0.001
0.997	0.001	0.001	0.001
0.997	0.001	0.001	0.001
0.997	0.001	0.001	0.001
0.311	0.001	0.001	0.687
>ACTAAGTT	22-ACTAAGTT	8.845053	-36.468971	0	T:591.0(3.25%),B:719.9(2.29%),P:1e-15	Tpos:275.7,Tstd:266.4,Bpos:249.9,Bstd:150.5,StrandBias:0.2,Multiplicity:1.06
0.754	0.001	0.244	0.001
0.001	0.997	0.001	0.001
0.001	0.001	0.001	0.997
0.997	0.001	0.001	0.001
0.997	0.001	0.001	0.001
0.001	0.143	0.855	0.001
0.001	0.001	0.001	0.997
0.001	0.001	0.001	0.997
>TTATAAGT	23-TTATAAGT	8.236954	-29.065357	0	T:207.0(1.14%),B:207.2(0.66%),P:1e-12	Tpos:280.0,Tstd:358.8,Bpos:245.6,Bstd:142.6,StrandBias:0.0,Multiplicity:1.01
0.100	0.100	0.100	0.700
0.100	0.100	0.100	0.700
0.700	0.100	0.100	0.100
0.100	0.100	0.100	0.700
0.700	0.100	0.100	0.100
0.700	0.100	0.100	0.100
0.100	0.100	0.700	0.100
0.100	0.100	0.100	0.700
>ATGTAATT	24-ATGTAATT	9.658735	-28.424535	0	T:415.0(2.28%),B:496.2(1.58%),P:1e-12	Tpos:270.3,Tstd:211.6,Bpos:243.5,Bstd:147.0,StrandBias:-0.2,Multiplicity:1.04
0.997	0.001	0.001	0.001
0.001	0.001	0.001	0.997
0.001	0.001	0.997	0.001
0.001	0.244	0.001	0.754
0.997	0.001	0.001	0.001
0.997	0.001	0.001	0.001
0.001	0.001	0.001	0.997
0.001	0.001	0.001	0.997
>TTGCTTTA	25-TTGCTTTA	8.452026	-15.971165	0	T:429.0(2.36%),B:573.4(1.82%),P:1e-6	Tpos:268.5,Tstd:271.7,Bpos:246.3,Bstd:153.8,StrandBias:-0.4,Multiplicity:1.13
0.001	0.001	0.001	0.997
0.001	0.001	0.001	0.997
0.001	0.001	0.997	0.001
0.001	0.997	0.001	0.001
0.001	0.001	0.073	0.925
0.001	0.001	0.001	0.997
0.001	0.001	0.001	0.997
0.997	0.001	0.001	0.001
