>ACCAATCA	1-ACCAATCA	5.735872	-395.453338	0	T:461.0(54.62%),B:6332.1(13.68%),P:1e-171	Tpos:170.9,Tstd:104.0,Bpos:132.7,Bstd:107.0,StrandBias:0.2,Multiplicity:1.79
0.568	0.039	0.309	0.084
0.001	0.997	0.001	0.001
0.001	0.997	0.001	0.001
0.997	0.001	0.001	0.001
0.997	0.001	0.001	0.001
0.001	0.001	0.001	0.997
0.029	0.869	0.064	0.038
0.802	0.065	0.132	0.001
>CYATTGGC	2-CYATTGGC	7.833194	-193.964496	0	T:224.0(26.54%),B:2625.9(5.67%),P:1e-84	Tpos:167.2,Tstd:102.7,Bpos:130.2,Bstd:106.2,StrandBias:0.0,Multiplicity:1.24
0.001	0.997	0.001	0.001
0.064	0.397	0.001	0.538
0.997	0.001	0.001	0.001
0.008	0.011	0.001	0.980
0.005	0.002	0.001	0.992
0.015	0.009	0.971	0.005
0.001	0.001	0.997	0.001
0.035	0.643	0.081	0.241
>GGCGGGGY	3-GGCGGGGY	7.712401	-165.259239	0	T:564.0(66.82%),B:16781.8(36.25%),P:1e-71	Tpos:181.7,Tstd:120.8,Bpos:145.9,Bstd:108.9,StrandBias:-0.2,Multiplicity:2.17
0.001	0.001	0.997	0.001
0.001	0.001	0.975	0.023
0.024	0.823	0.001	0.152
0.001	0.001	0.997	0.001
0.001	0.001	0.588	0.410
0.305	0.001	0.576	0.118
0.289	0.001	0.612	0.098
0.139	0.437	0.001	0.423
>TCCCGCCT	4-TCCCGCCT	6.963102	-105.045869	0	T:448.0(53.08%),B:13656.5(29.50%),P:1e-45	Tpos:181.6,Tstd:114.3,Bpos:153.7,Bstd:115.3,StrandBias:0.1,Multiplicity:1.36
0.315	0.001	0.001	0.683
0.321	0.552	0.001	0.126
0.298	0.700	0.001	0.001
0.001	0.997	0.001	0.001
0.001	0.001	0.997	0.001
0.001	0.997	0.001	0.001
0.001	0.997	0.001	0.001
0.100	0.315	0.001	0.584
>ATTGGACG	5-ATTGGACG	7.257031	-88.078290	0	T:137.0(16.23%),B:2044.2(4.42%),P:1e-38	Tpos:168.3,Tstd:115.9,Bpos:153.4,Bstd:119.5,StrandBias:0.0,Multiplicity:1.09
0.997	0.001	0.001	0.001
0.011	0.001	0.001	0.987
0.100	0.001	0.011	0.888
0.015	0.031	0.926	0.028
0.001	0.041	0.938	0.020
0.936	0.001	0.062	0.001
0.098	0.655	0.246	0.001
0.244	0.053	0.702	0.001
>TCTCGCGA	6-TCTCGCGA	4.065685	-72.337187	0	T:120.0(14.22%),B:1879.5(4.06%),P:1e-31	Tpos:162.4,Tstd:115.3,Bpos:146.8,Bstd:108.5,StrandBias:0.4,Multiplicity:1.18
0.001	0.001	0.001	0.997
0.089	0.896	0.001	0.014
0.038	0.001	0.001	0.960
0.022	0.976	0.001	0.001
0.001	0.001	0.997	0.001
0.001	0.961	0.001	0.037
0.001	0.001	0.997	0.001
0.997	0.001	0.001	0.001
>TACGTCAC	7-TACGTCAC	5.536543	-56.875815	0	T:277.0(32.82%),B:8301.9(17.93%),P:1e-24	Tpos:176.8,Tstd:119.0,Bpos:151.9,Bstd:107.7,StrandBias:0.1,Multiplicity:1.24
0.076	0.163	0.205	0.556
0.697	0.077	0.146	0.080
0.022	0.919	0.037	0.022
0.032	0.023	0.873	0.072
0.065	0.056	0.043	0.836
0.079	0.765	0.121	0.035
0.752	0.040	0.077	0.131
0.052	0.612	0.196	0.140
>AYTTCCGG	8-AYTTCCGG	6.151188	-42.923534	0	T:297.0(35.19%),B:10050.2(21.71%),P:1e-18	Tpos:179.2,Tstd:114.1,Bpos:155.5,Bstd:110.6,StrandBias:-0.3,Multiplicity:1.34
0.463	0.118	0.258	0.161
0.044	0.377	0.100	0.479
0.096	0.074	0.011	0.819
0.090	0.001	0.123	0.786
0.081	0.882	0.024	0.013
0.001	0.983	0.015	0.001
0.012	0.025	0.916	0.047
0.117	0.052	0.687	0.144
>GTTGCCAA	9-GTTGCCAA	7.065335	-35.457682	0	T:129.0(15.28%),B:3297.3(7.12%),P:1e-15	Tpos:173.0,Tstd:127.1,Bpos:156.5,Bstd:112.7,StrandBias:0.0,Multiplicity:1.13
0.084	0.001	0.914	0.001
0.001	0.001	0.001	0.997
0.001	0.001	0.001	0.997
0.371	0.001	0.627	0.001
0.001	0.587	0.001	0.411
0.001	0.583	0.001	0.415
0.890	0.001	0.001	0.108
0.631	0.001	0.194	0.174
>AGTAAGCG	10-AGTAAGCG	5.764666	-34.992159	0	T:259.0(30.69%),B:8852.5(19.12%),P:1e-15	Tpos:179.8,Tstd:116.2,Bpos:163.9,Bstd:118.8,StrandBias:0.0,Multiplicity:1.14
0.721	0.148	0.020	0.111
0.067	0.126	0.759	0.048
0.106	0.219	0.134	0.541
0.749	0.076	0.065	0.110
0.800	0.082	0.081	0.037
0.064	0.110	0.784	0.042
0.037	0.821	0.044	0.098
0.056	0.065	0.838	0.041
>GCCCCACC	11-GCCCCACC	9.178282	-30.746755	0	T:161.0(19.08%),B:4817.9(10.41%),P:1e-13	Tpos:172.3,Tstd:128.0,Bpos:155.8,Bstd:104.1,StrandBias:0.0,Multiplicity:1.13
0.001	0.001	0.997	0.001
0.001	0.997	0.001	0.001
0.001	0.764	0.001	0.234
0.355	0.643	0.001	0.001
0.001	0.997	0.001	0.001
0.997	0.001	0.001	0.001
0.001	0.997	0.001	0.001
0.001	0.997	0.001	0.001
>TGTAGTTY	12-TGTAGTTY	8.731352	-28.658566	0	T:63.0(7.46%),B:1213.2(2.62%),P:1e-12	Tpos:190.5,Tstd:112.0,Bpos:139.2,Bstd:107.7,StrandBias:0.4,Multiplicity:1.26
0.315	0.001	0.001	0.683
0.001	0.001	0.997	0.001
0.001	0.001	0.001	0.997
0.997	0.001	0.001	0.001
0.001	0.001	0.997	0.001
0.001	0.001	0.001	0.997
0.001	0.346	0.001	0.652
0.224	0.406	0.001	0.369
>GCATGCGC	13-GCATGCGC	8.417895	-26.885321	0	T:184.0(21.80%),B:6053.9(13.08%),P:1e-11	Tpos:185.1,Tstd:110.9,Bpos:148.8,Bstd:111.0,StrandBias:-0.2,Multiplicity:1.38
0.032	0.001	0.966	0.001
0.001	0.997	0.001	0.001
0.781	0.094	0.081	0.044
0.048	0.110	0.144	0.698
0.003	0.001	0.995	0.001
0.001	0.997	0.001	0.001
0.001	0.047	0.905	0.047
0.001	0.930	0.001	0.068
>TGTCAATC	14-TGTCAATC	7.427348	-22.545197	0	T:80.0(9.48%),B:2021.6(4.37%),P:1e-9	Tpos:177.5,Tstd:117.0,Bpos:159.1,Bstd:116.2,StrandBias:0.1,Multiplicity:1.07
0.133	0.313	0.001	0.553
0.001	0.001	0.997	0.001
0.266	0.001	0.005	0.728
0.001	0.997	0.001	0.001
0.853	0.001	0.145	0.001
0.964	0.001	0.034	0.001
0.001	0.235	0.207	0.557
0.068	0.908	0.001	0.023
>ACCAATTG	15-ACCAATTG	8.844363	-16.568820	0	T:17.0(2.01%),B:179.8(0.39%),P:1e-7	Tpos:192.6,Tstd:120.7,Bpos:158.8,Bstd:119.5,StrandBias:0.0,Multiplicity:1.00
0.676	0.103	0.092	0.129
0.072	0.820	0.018	0.090
0.045	0.787	0.128	0.040
0.718	0.054	0.177	0.051
0.713	0.077	0.141	0.069
0.056	0.103	0.066	0.775
0.049	0.137	0.043	0.771
0.066	0.080	0.793	0.061
>MTWNGCAA	16-MTWNGCAA	5.116994	-13.534312	0	T:176.0(20.85%),B:6843.1(14.78%),P:1e-5	Tpos:187.9,Tstd:119.0,Bpos:158.5,Bstd:120.7,StrandBias:0.0,Multiplicity:1.30
0.436	0.363	0.001	0.201
0.046	0.001	0.267	0.686
0.563	0.001	0.001	0.435
0.217	0.348	0.199	0.236
0.025	0.001	0.973	0.001
0.195	0.594	0.001	0.210
0.478	0.159	0.301	0.062
0.547	0.093	0.001	0.359
