>TAATTAGC	1-TAATTAGC	5.282273	-296.413488	0	T:3882.0(36.61%),B:9972.3(25.93%),P:1e-128	Tpos:289.3,Tstd:254.7,Bpos:228.9,Bstd:152.3,StrandBias:-0.0,Multiplicity:1.43
0.094	0.179	0.060	0.667
0.627	0.075	0.218	0.080
0.903	0.041	0.025	0.031
0.032	0.021	0.056	0.891
0.087	0.101	0.054	0.758
0.511	0.106	0.237	0.146
0.086	0.049	0.788	0.077
0.049	0.854	0.061	0.036
>GGATTAGC	2-GGATTAGC	6.162630	-257.098682	0	T:1905.0(17.96%),B:4095.5(10.65%),P:1e-111	Tpos:291.8,Tstd:236.8,Bpos:233.4,Bstd:151.5,StrandBias:0.0,Multiplicity:1.12
0.167	0.106	0.681	0.046
0.038	0.066	0.890	0.006
0.772	0.074	0.006	0.148
0.061	0.046	0.038	0.855
0.058	0.023	0.001	0.918
0.660	0.105	0.060	0.175
0.223	0.149	0.557	0.071
0.036	0.672	0.158	0.134
>RGGYGGRG	3-RGGYGGRG	8.919481	-251.274223	0	T:5378.0(50.72%),B:15392.2(40.02%),P:1e-109	Tpos:284.3,Tstd:211.7,Bpos:220.8,Bstd:145.0,StrandBias:-0.0,Multiplicity:2.23
0.525	0.001	0.473	0.001
0.001	0.001	0.997	0.001
0.001	0.001	0.997	0.001
0.001	0.536	0.001	0.462
0.001	0.001	0.997	0.001
0.001	0.001	0.996	0.002
0.467	0.001	0.531	0.001
0.002	0.001	0.996	0.001
>KTYACGCC	4-KTYACGCC	5.437320	-210.256369	0	T:2736.0(25.80%),B:6870.0(17.86%),P:1e-91	Tpos:282.7,Tstd:209.4,Bpos:229.0,Bstd:152.0,StrandBias:0.0,Multiplicity:1.23
0.159	0.036	0.467	0.337
0.046	0.157	0.022	0.775
0.081	0.385	0.119	0.415
0.648	0.290	0.001	0.061
0.192	0.660	0.098	0.050
0.353	0.001	0.559	0.087
0.065	0.698	0.016	0.221
0.140	0.467	0.157	0.236
>CCTGCTGW	5-CCTGCTGW	6.737031	-180.645539	0	T:2476.0(23.35%),B:6254.0(16.26%),P:1e-78	Tpos:272.5,Tstd:199.0,Bpos:239.4,Bstd:146.4,StrandBias:0.0,Multiplicity:1.15
0.001	0.997	0.001	0.001
0.001	0.997	0.001	0.001
0.001	0.059	0.001	0.939
0.001	0.001	0.997	0.001
0.001	0.997	0.001	0.001
0.001	0.001	0.001	0.997
0.001	0.001	0.997	0.001
0.337	0.001	0.222	0.441
>CCTTTGTT	6-CCTTTGTT	6.769012	-178.349759	0	T:1624.0(15.31%),B:3679.0(9.57%),P:1e-77	Tpos:278.1,Tstd:199.6,Bpos:234.3,Bstd:155.2,StrandBias:0.0,Multiplicity:1.16
0.001	0.878	0.120	0.001
0.001	0.997	0.001	0.001
0.001	0.001	0.001	0.997
0.001	0.001	0.001	0.997
0.001	0.001	0.001	0.997
0.001	0.001	0.997	0.001
0.129	0.001	0.001	0.869
0.126	0.002	0.001	0.871
>AAHCCCCY	7-AAHCCCCY	5.388130	-174.207558	0	T:6279.0(59.21%),B:19336.1(50.27%),P:1e-75	Tpos:285.4,Tstd:224.6,Bpos:232.9,Bstd:149.7,StrandBias:0.0,Multiplicity:1.66
0.560	0.274	0.099	0.067
0.577	0.314	0.001	0.108
0.340	0.314	0.001	0.346
0.001	0.793	0.080	0.126
0.074	0.463	0.221	0.241
0.001	0.734	0.142	0.123
0.001	0.770	0.228	0.001
0.001	0.554	0.001	0.444
>TGCAWATK	8-TGCAWATK	8.449759	-150.677354	0	T:754.0(7.11%),B:1387.6(3.61%),P:1e-65	Tpos:292.3,Tstd:251.7,Bpos:235.5,Bstd:153.9,StrandBias:-0.1,Multiplicity:1.09
0.001	0.049	0.290	0.660
0.285	0.001	0.713	0.001
0.001	0.854	0.001	0.144
0.913	0.001	0.015	0.071
0.537	0.001	0.001	0.461
0.916	0.001	0.001	0.082
0.001	0.033	0.001	0.965
0.001	0.071	0.451	0.477
>CGCGTTAA	9-CGCGTTAA	4.713643	-149.852666	0	T:4512.0(42.55%),B:13281.9(34.53%),P:1e-65	Tpos:287.0,Tstd:272.4,Bpos:233.8,Bstd:158.2,StrandBias:0.0,Multiplicity:1.40
0.185	0.614	0.171	0.030
0.001	0.022	0.944	0.033
0.074	0.727	0.146	0.053
0.072	0.131	0.516	0.281
0.012	0.092	0.102	0.794
0.088	0.034	0.085	0.793
0.849	0.040	0.061	0.050
0.751	0.060	0.124	0.065
>TTWWWCCG	10-TTWWWCCG	4.909562	-147.547106	0	T:4611.0(43.48%),B:13650.0(35.49%),P:1e-64	Tpos:291.7,Tstd:256.8,Bpos:235.9,Bstd:160.6,StrandBias:-0.1,Multiplicity:1.34
0.281	0.007	0.019	0.693
0.344	0.160	0.001	0.495
0.426	0.184	0.001	0.389
0.378	0.187	0.156	0.278
0.307	0.242	0.001	0.451
0.001	0.458	0.297	0.243
0.001	0.997	0.001	0.001
0.001	0.001	0.997	0.001
>ACAAATCG	11-ACAAATCG	5.704466	-124.148274	0	T:2046.0(19.29%),B:5319.5(13.83%),P:1e-53	Tpos:287.8,Tstd:239.2,Bpos:231.0,Bstd:153.6,StrandBias:-0.0,Multiplicity:1.14
0.747	0.080	0.091	0.082
0.131	0.710	0.071	0.088
0.623	0.231	0.060	0.086
0.888	0.042	0.036	0.034
0.742	0.087	0.050	0.121
0.091	0.118	0.040	0.751
0.071	0.825	0.095	0.009
0.117	0.113	0.718	0.052
>CGGAATTC	12-CGGAATTC	5.727533	-113.128766	0	T:3116.0(29.39%),B:8903.9(23.15%),P:1e-49	Tpos:277.1,Tstd:233.7,Bpos:233.7,Bstd:150.3,StrandBias:0.1,Multiplicity:1.30
0.135	0.662	0.108	0.095
0.001	0.001	0.749	0.249
0.222	0.098	0.679	0.001
0.959	0.016	0.024	0.001
0.928	0.001	0.001	0.070
0.216	0.028	0.294	0.462
0.058	0.192	0.204	0.546
0.149	0.452	0.233	0.166
>CTATTGTY	13-CTATTGTY	7.131945	-105.422623	0	T:1305.0(12.31%),B:3169.9(8.24%),P:1e-45	Tpos:280.1,Tstd:222.8,Bpos:229.2,Bstd:152.3,StrandBias:0.0,Multiplicity:1.11
0.001	0.861	0.137	0.001
0.033	0.138	0.144	0.685
0.711	0.001	0.062	0.226
0.080	0.001	0.066	0.853
0.001	0.160	0.001	0.838
0.001	0.080	0.918	0.001
0.001	0.001	0.282	0.716
0.100	0.461	0.001	0.438
>GCTACGCC	14-GCTACGCC	7.668053	-85.595901	0	T:1085.0(10.23%),B:2642.6(6.87%),P:1e-37	Tpos:290.8,Tstd:213.4,Bpos:221.5,Bstd:149.9,StrandBias:0.1,Multiplicity:1.23
0.370	0.001	0.628	0.001
0.155	0.791	0.053	0.001
0.258	0.177	0.001	0.564
0.997	0.001	0.001	0.001
0.001	0.997	0.001	0.001
0.001	0.001	0.846	0.152
0.054	0.888	0.001	0.057
0.135	0.708	0.001	0.156
>TGATTGGA	15-TGATTGGA	7.285658	-81.024807	0	T:431.0(4.06%),B:811.0(2.11%),P:1e-35	Tpos:287.9,Tstd:209.5,Bpos:227.6,Bstd:148.6,StrandBias:-0.1,Multiplicity:1.03
0.001	0.001	0.001	0.997
0.229	0.001	0.769	0.001
0.997	0.001	0.001	0.001
0.001	0.001	0.001	0.997
0.001	0.099	0.001	0.899
0.001	0.001	0.997	0.001
0.001	0.001	0.997	0.001
0.997	0.001	0.001	0.001
>CGCATGCG	16-CGCATGCG	8.029292	-78.633318	0	T:1408.0(13.28%),B:3687.8(9.59%),P:1e-34	Tpos:276.3,Tstd:198.6,Bpos:210.4,Bstd:140.8,StrandBias:-0.0,Multiplicity:1.32
0.090	0.908	0.001	0.001
0.043	0.031	0.925	0.001
0.001	0.997	0.001	0.001
0.710	0.159	0.001	0.130
0.001	0.196	0.001	0.802
0.001	0.001	0.997	0.001
0.001	0.997	0.001	0.001
0.001	0.001	0.997	0.001
>AGTTTACC	17-AGTTTACC	6.052853	-70.416618	0	T:925.0(8.72%),B:2267.8(5.90%),P:1e-30	Tpos:278.8,Tstd:226.4,Bpos:235.3,Bstd:155.0,StrandBias:0.0,Multiplicity:1.07
0.792	0.001	0.095	0.112
0.001	0.001	0.997	0.001
0.001	0.001	0.001	0.997
0.001	0.001	0.001	0.997
0.001	0.001	0.001	0.997
0.997	0.001	0.001	0.001
0.001	0.997	0.001	0.001
0.059	0.888	0.012	0.041
>ATTATTCA	18-ATTATTCA	8.236954	-67.579637	0	T:227.0(2.14%),B:350.2(0.91%),P:1e-29	Tpos:326.0,Tstd:323.6,Bpos:224.3,Bstd:160.9,StrandBias:0.0,Multiplicity:1.03
0.700	0.100	0.100	0.100
0.100	0.100	0.100	0.700
0.100	0.100	0.100	0.700
0.700	0.100	0.100	0.100
0.100	0.100	0.100	0.700
0.100	0.100	0.100	0.700
0.100	0.700	0.100	0.100
0.700	0.100	0.100	0.100
>TTCAGTAC	19-TTCAGTAC	7.983552	-66.362626	0	T:441.0(4.16%),B:897.3(2.33%),P:1e-28	Tpos:304.1,Tstd:388.0,Bpos:244.9,Bstd:153.5,StrandBias:-0.0,Multiplicity:1.03
0.001	0.001	0.001	0.997
0.001	0.001	0.001	0.997
0.001	0.899	0.099	0.001
0.930	0.001	0.068	0.001
0.001	0.001	0.997	0.001
0.001	0.001	0.001	0.997
0.997	0.001	0.001	0.001
0.255	0.743	0.001	0.001
>CATTACAA	20-CATTACAA	8.236954	-60.849813	0	T:183.0(1.73%),B:267.4(0.70%),P:1e-26	Tpos:299.8,Tstd:228.5,Bpos:246.3,Bstd:145.8,StrandBias:0.1,Multiplicity:1.01
0.100	0.700	0.100	0.100
0.700	0.100	0.100	0.100
0.100	0.100	0.100	0.700
0.100	0.100	0.100	0.700
0.700	0.100	0.100	0.100
0.100	0.700	0.100	0.100
0.700	0.100	0.100	0.100
0.700	0.100	0.100	0.100
>GTGACGTC	21-GTGACGTC	6.526011	-60.487973	0	T:990.0(9.34%),B:2540.3(6.60%),P:1e-26	Tpos:271.6,Tstd:186.0,Bpos:214.5,Bstd:130.9,StrandBias:-0.1,Multiplicity:1.16
0.001	0.107	0.891	0.001
0.001	0.001	0.001	0.997
0.001	0.086	0.912	0.001
0.997	0.001	0.001	0.001
0.001	0.997	0.001	0.001
0.001	0.001	0.997	0.001
0.001	0.001	0.001	0.997
0.306	0.555	0.138	0.001
>GATACTTA	22-GATACTTA	8.236954	-57.939433	0	T:132.0(1.24%),B:164.1(0.43%),P:1e-25	Tpos:306.0,Tstd:210.1,Bpos:235.8,Bstd:148.9,StrandBias:-0.0,Multiplicity:1.00
0.100	0.100	0.700	0.100
0.700	0.100	0.100	0.100
0.100	0.100	0.100	0.700
0.700	0.100	0.100	0.100
0.100	0.700	0.100	0.100
0.100	0.100	0.100	0.700
0.100	0.100	0.100	0.700
0.700	0.100	0.100	0.100
>TTCGCAAT	23-TTCGCAAT	6.614303	-54.580121	0	T:965.0(9.10%),B:2512.3(6.53%),P:1e-23	Tpos:287.6,Tstd:234.7,Bpos:234.0,Bstd:146.8,StrandBias:0.0,Multiplicity:1.11
0.001	0.001	0.171	0.827
0.001	0.001	0.001	0.997
0.001	0.997	0.001	0.001
0.184	0.001	0.814	0.001
0.001	0.997	0.001	0.001
0.997	0.001	0.001	0.001
0.600	0.398	0.001	0.001
0.001	0.001	0.388	0.610
>TAAATTCT	24-TAAATTCT	10.722537	-49.262126	0	T:258.0(2.43%),B:484.3(1.26%),P:1e-21	Tpos:286.9,Tstd:195.0,Bpos:231.8,Bstd:160.8,StrandBias:0.2,Multiplicity:1.13
0.001	0.001	0.001	0.997
0.772	0.001	0.226	0.001
0.997	0.001	0.001	0.001
0.997	0.001	0.001	0.001
0.001	0.001	0.001	0.997
0.001	0.001	0.001	0.997
0.001	0.997	0.001	0.001
0.001	0.001	0.085	0.913
>RSATTCCM	25-RSATTCCM	7.337133	-44.080442	0	T:2725.0(25.70%),B:8456.4(21.99%),P:1e-19	Tpos:280.4,Tstd:226.3,Bpos:235.5,Bstd:145.7,StrandBias:0.0,Multiplicity:1.28
0.499	0.001	0.499	0.001
0.050	0.407	0.542	0.001
0.960	0.001	0.001	0.038
0.001	0.001	0.001	0.997
0.001	0.001	0.001	0.997
0.044	0.954	0.001	0.001
0.046	0.587	0.001	0.366
0.327	0.456	0.001	0.216
