>DGGGCGGA	1-DGGGCGGA	7.033551	-156.902756	0	T:4113.0(42.96%),B:13603.2(34.32%),P:1e-68	Tpos:322.7,Tstd:225.4,Bpos:224.1,Bstd:144.2,StrandBias:-0.0,Multiplicity:2.08
0.401	0.001	0.259	0.339
0.118	0.001	0.867	0.014
0.026	0.001	0.972	0.001
0.001	0.051	0.925	0.023
0.101	0.725	0.001	0.173
0.001	0.001	0.997	0.001
0.049	0.001	0.622	0.328
0.516	0.001	0.336	0.147
>CCTTAGGC	2-CCTTAGGC	6.263346	-141.578335	0	T:3948.0(41.24%),B:13122.0(33.11%),P:1e-61	Tpos:325.6,Tstd:233.3,Bpos:245.3,Bstd:150.0,StrandBias:-0.0,Multiplicity:1.45
0.001	0.949	0.030	0.020
0.001	0.754	0.146	0.099
0.001	0.154	0.098	0.747
0.218	0.226	0.166	0.390
0.662	0.119	0.218	0.001
0.111	0.023	0.865	0.001
0.031	0.001	0.803	0.165
0.001	0.637	0.342	0.020
>TRGGCGKG	3-TRGGCGKG	6.581191	-126.910193	0	T:3966.0(41.42%),B:13362.3(33.71%),P:1e-55	Tpos:321.6,Tstd:230.3,Bpos:230.7,Bstd:152.1,StrandBias:-0.0,Multiplicity:1.42
0.056	0.001	0.345	0.598
0.507	0.001	0.437	0.055
0.189	0.001	0.809	0.001
0.184	0.001	0.764	0.051
0.001	0.997	0.001	0.001
0.001	0.098	0.900	0.001
0.135	0.001	0.394	0.470
0.081	0.002	0.629	0.288
>GCCCCACC	4-GCCCCACC	9.713266	-103.867461	0	T:1340.0(14.00%),B:3759.8(9.49%),P:1e-45	Tpos:305.8,Tstd:234.5,Bpos:235.1,Bstd:143.4,StrandBias:0.1,Multiplicity:1.11
0.001	0.001	0.997	0.001
0.001	0.997	0.001	0.001
0.001	0.716	0.001	0.282
0.001	0.997	0.001	0.001
0.087	0.911	0.001	0.001
0.997	0.001	0.001	0.001
0.001	0.997	0.001	0.001
0.001	0.997	0.001	0.001
>RACAAWRG	5-RACAAWRG	6.907592	-94.573150	0	T:2166.0(22.62%),B:6824.7(17.22%),P:1e-41	Tpos:304.1,Tstd:237.7,Bpos:240.2,Bstd:154.1,StrandBias:0.0,Multiplicity:1.23
0.404	0.001	0.431	0.163
0.871	0.127	0.001	0.001
0.001	0.997	0.001	0.001
0.860	0.001	0.001	0.138
0.997	0.001	0.001	0.001
0.523	0.001	0.013	0.463
0.436	0.265	0.298	0.001
0.091	0.001	0.907	0.001
>TTTGCATA	6-TTTGCATA	8.132372	-91.744846	0	T:901.0(9.41%),B:2355.5(5.94%),P:1e-39	Tpos:309.2,Tstd:228.5,Bpos:239.8,Bstd:151.0,StrandBias:0.1,Multiplicity:1.14
0.001	0.011	0.001	0.987
0.001	0.054	0.001	0.944
0.100	0.015	0.001	0.884
0.136	0.001	0.862	0.001
0.123	0.875	0.001	0.001
0.955	0.001	0.012	0.032
0.001	0.001	0.001	0.997
0.776	0.049	0.051	0.124
>CGGAATTC	7-CGGAATTC	5.990803	-91.639721	0	T:1699.0(17.75%),B:5140.2(12.97%),P:1e-39	Tpos:295.4,Tstd:236.2,Bpos:242.1,Bstd:153.7,StrandBias:0.0,Multiplicity:1.18
0.054	0.658	0.093	0.195
0.082	0.043	0.667	0.208
0.001	0.021	0.977	0.001
0.965	0.014	0.020	0.001
0.967	0.031	0.001	0.001
0.001	0.044	0.029	0.926
0.001	0.028	0.021	0.950
0.040	0.907	0.029	0.024
>GGGTGTGG	8-GGGTGTGG	8.236954	-85.248557	0	T:749.0(7.82%),B:1897.8(4.79%),P:1e-37	Tpos:302.0,Tstd:228.9,Bpos:243.7,Bstd:141.7,StrandBias:-0.1,Multiplicity:1.08
0.100	0.100	0.700	0.100
0.100	0.100	0.700	0.100
0.100	0.100	0.700	0.100
0.100	0.100	0.100	0.700
0.100	0.100	0.700	0.100
0.100	0.100	0.100	0.700
0.100	0.100	0.700	0.100
0.100	0.100	0.700	0.100
>ATTCGCTA	9-ATTCGCTA	5.290381	-78.447397	0	T:1881.0(19.65%),B:5945.7(15.00%),P:1e-34	Tpos:307.5,Tstd:236.8,Bpos:234.6,Bstd:152.0,StrandBias:0.0,Multiplicity:1.18
0.668	0.126	0.102	0.104
0.106	0.047	0.122	0.725
0.066	0.084	0.081	0.769
0.125	0.738	0.115	0.022
0.066	0.097	0.819	0.018
0.052	0.839	0.074	0.035
0.068	0.078	0.103	0.751
0.693	0.103	0.146	0.058
>GAATCCGG	10-GAATCCGG	4.687643	-66.672206	0	T:3182.0(33.24%),B:11089.3(27.98%),P:1e-28	Tpos:299.4,Tstd:235.6,Bpos:242.7,Bstd:154.1,StrandBias:0.0,Multiplicity:1.32
0.203	0.201	0.448	0.148
0.556	0.229	0.116	0.099
0.522	0.106	0.134	0.238
0.251	0.073	0.094	0.582
0.013	0.663	0.214	0.110
0.099	0.691	0.088	0.122
0.105	0.130	0.583	0.182
0.121	0.109	0.576	0.194
>CAAGGTCA	11-CAAGGTCA	7.700600	-65.537677	0	T:683.0(7.13%),B:1809.4(4.57%),P:1e-28	Tpos:304.5,Tstd:235.1,Bpos:242.5,Bstd:151.3,StrandBias:-0.1,Multiplicity:1.06
0.001	0.997	0.001	0.001
0.824	0.001	0.174	0.001
0.997	0.001	0.001	0.001
0.001	0.046	0.952	0.001
0.001	0.001	0.997	0.001
0.001	0.001	0.001	0.997
0.001	0.997	0.001	0.001
0.903	0.001	0.095	0.001
>CGCGTTTA	12-CGCGTTTA	5.014989	-62.848140	0	T:3991.0(41.69%),B:14375.3(36.27%),P:1e-27	Tpos:299.0,Tstd:234.6,Bpos:241.0,Bstd:160.2,StrandBias:-0.0,Multiplicity:1.42
0.069	0.766	0.164	0.001
0.001	0.024	0.809	0.166
0.135	0.692	0.150	0.023
0.155	0.185	0.446	0.214
0.001	0.115	0.113	0.771
0.009	0.035	0.001	0.955
0.021	0.001	0.106	0.872
0.725	0.120	0.001	0.154
>CGASKCTA	13-CGASKCTA	6.151775	-61.663417	0	T:2094.0(21.87%),B:6953.4(17.54%),P:1e-26	Tpos:297.6,Tstd:241.3,Bpos:243.4,Bstd:155.0,StrandBias:0.0,Multiplicity:1.16
0.001	0.893	0.105	0.001
0.001	0.001	0.711	0.287
0.897	0.101	0.001	0.001
0.001	0.536	0.462	0.001
0.183	0.002	0.478	0.337
0.001	0.997	0.001	0.001
0.368	0.001	0.001	0.630
0.866	0.001	0.001	0.132
>TATACGTG	14-TATACGTG	3.987834	-49.285015	0	T:207.0(2.16%),B:406.8(1.03%),P:1e-21	Tpos:309.6,Tstd:265.7,Bpos:239.8,Bstd:149.5,StrandBias:-0.1,Multiplicity:1.09
0.001	0.001	0.001	0.997
0.997	0.001	0.001	0.001
0.001	0.001	0.001	0.997
0.997	0.001	0.001	0.001
0.160	0.838	0.001	0.001
0.001	0.001	0.997	0.001
0.001	0.397	0.001	0.601
0.001	0.001	0.997	0.001
>ACTAATTA	15-ACTAATTA	9.710643	-47.393993	0	T:286.0(2.99%),B:645.5(1.63%),P:1e-20	Tpos:295.1,Tstd:225.7,Bpos:234.1,Bstd:158.6,StrandBias:-0.1,Multiplicity:1.04
0.997	0.001	0.001	0.001
0.001	0.997	0.001	0.001
0.257	0.001	0.001	0.741
0.997	0.001	0.001	0.001
0.997	0.001	0.001	0.001
0.001	0.001	0.001	0.997
0.001	0.001	0.001	0.997
0.997	0.001	0.001	0.001
>GAAACCTC	16-GAAACCTC	7.106227	-43.148700	0	T:1497.0(15.64%),B:4957.4(12.51%),P:1e-18	Tpos:291.5,Tstd:233.5,Bpos:243.4,Bstd:150.5,StrandBias:-0.1,Multiplicity:1.11
0.033	0.001	0.901	0.065
0.802	0.001	0.032	0.165
0.971	0.001	0.027	0.001
0.911	0.087	0.001	0.001
0.001	0.783	0.063	0.153
0.001	0.975	0.001	0.023
0.049	0.046	0.026	0.879
0.001	0.829	0.131	0.039
>CGTTCCAA	17-CGTTCCAA	5.520157	-43.046460	0	T:2379.0(24.85%),B:8341.1(21.04%),P:1e-18	Tpos:299.9,Tstd:246.4,Bpos:239.4,Bstd:153.5,StrandBias:-0.0,Multiplicity:1.19
0.066	0.737	0.143	0.054
0.176	0.020	0.803	0.001
0.092	0.087	0.119	0.702
0.001	0.097	0.030	0.872
0.090	0.757	0.113	0.040
0.110	0.650	0.094	0.146
0.672	0.110	0.041	0.177
0.865	0.072	0.062	0.001
>CCTATTCA	18-CCTATTCA	8.236954	-42.802546	0	T:156.0(1.63%),B:288.2(0.73%),P:1e-18	Tpos:296.6,Tstd:284.6,Bpos:240.0,Bstd:142.3,StrandBias:-0.3,Multiplicity:1.01
0.100	0.700	0.100	0.100
0.100	0.700	0.100	0.100
0.100	0.100	0.100	0.700
0.700	0.100	0.100	0.100
0.100	0.100	0.100	0.700
0.100	0.100	0.100	0.700
0.100	0.700	0.100	0.100
0.700	0.100	0.100	0.100
>GAATGTTA	19-GAATGTTA	8.236954	-36.450562	0	T:143.0(1.49%),B:274.4(0.69%),P:1e-15	Tpos:272.9,Tstd:216.7,Bpos:238.8,Bstd:153.9,StrandBias:0.3,Multiplicity:1.15
0.100	0.100	0.700	0.100
0.700	0.100	0.100	0.100
0.700	0.100	0.100	0.100
0.100	0.100	0.100	0.700
0.100	0.100	0.700	0.100
0.100	0.100	0.100	0.700
0.100	0.100	0.100	0.700
0.700	0.100	0.100	0.100
>GTAAATTC	20-GTAAATTC	8.613673	-35.017083	0	T:297.0(3.10%),B:747.6(1.89%),P:1e-15	Tpos:279.3,Tstd:214.5,Bpos:251.1,Bstd:157.9,StrandBias:0.2,Multiplicity:1.13
0.001	0.001	0.997	0.001
0.001	0.001	0.001	0.997
0.997	0.001	0.001	0.001
0.997	0.001	0.001	0.001
0.997	0.001	0.001	0.001
0.001	0.001	0.001	0.997
0.273	0.001	0.001	0.725
0.001	0.880	0.118	0.001
>GTTAGTCT	21-GTTAGTCT	9.444771	-28.122907	0	T:163.0(1.70%),B:366.6(0.92%),P:1e-12	Tpos:281.3,Tstd:224.2,Bpos:257.3,Bstd:148.3,StrandBias:0.1,Multiplicity:1.01
0.001	0.001	0.997	0.001
0.001	0.001	0.001	0.997
0.001	0.001	0.001	0.997
0.801	0.197	0.001	0.001
0.001	0.001	0.997	0.001
0.001	0.001	0.001	0.997
0.001	0.997	0.001	0.001
0.001	0.001	0.001	0.997
>CACGTGAC	22-CACGTGAC	6.693096	-26.752345	0	T:527.0(5.50%),B:1600.3(4.04%),P:1e-11	Tpos:289.1,Tstd:218.3,Bpos:222.5,Bstd:142.1,StrandBias:0.0,Multiplicity:1.07
0.001	0.997	0.001	0.001
0.997	0.001	0.001	0.001
0.001	0.997	0.001	0.001
0.001	0.001	0.997	0.001
0.001	0.001	0.001	0.997
0.001	0.115	0.883	0.001
0.889	0.001	0.001	0.109
0.001	0.997	0.001	0.001
>TCCTTGAA	23-TCCTTGAA	10.058721	-26.600627	0	T:326.0(3.41%),B:902.1(2.28%),P:1e-11	Tpos:312.7,Tstd:268.4,Bpos:249.3,Bstd:152.7,StrandBias:-0.1,Multiplicity:1.08
0.001	0.001	0.001	0.997
0.001	0.997	0.001	0.001
0.001	0.997	0.001	0.001
0.001	0.001	0.364	0.634
0.001	0.001	0.001	0.997
0.001	0.001	0.997	0.001
0.997	0.001	0.001	0.001
0.997	0.001	0.001	0.001
>GTGTATGG	24-GTGTATGG	10.880580	-23.694989	0	T:166.0(1.73%),B:398.8(1.01%),P:1e-10	Tpos:296.7,Tstd:214.5,Bpos:244.5,Bstd:141.1,StrandBias:-0.0,Multiplicity:1.04
0.001	0.001	0.997	0.001
0.001	0.001	0.001	0.997
0.170	0.001	0.828	0.001
0.001	0.001	0.001	0.997
0.997	0.001	0.001	0.001
0.001	0.001	0.001	0.997
0.001	0.001	0.997	0.001
0.001	0.001	0.997	0.001
>GGTTTACC	25-GGTTTACC	8.236954	-15.337597	0	T:86.0(0.90%),B:195.2(0.49%),P:1e-6	Tpos:280.5,Tstd:217.1,Bpos:227.9,Bstd:149.4,StrandBias:-0.3,Multiplicity:1.01
0.100	0.100	0.700	0.100
0.100	0.100	0.700	0.100
0.100	0.100	0.100	0.700
0.100	0.100	0.100	0.700
0.100	0.100	0.100	0.700
0.700	0.100	0.100	0.100
0.100	0.700	0.100	0.100
0.100	0.700	0.100	0.100
