>ATGGGCGK	1-ATGGGCGK	7.052498	-40.853771	0	T:185.0(26.70%),B:6605.6(14.03%),P:1e-17	Tpos:212.2,Tstd:236.1,Bpos:174.6,Bstd:127.8,StrandBias:-0.1,Multiplicity:1.49
0.647	0.001	0.170	0.182
0.250	0.001	0.271	0.477
0.302	0.001	0.490	0.207
0.182	0.040	0.777	0.001
0.001	0.001	0.937	0.061
0.001	0.922	0.001	0.076
0.001	0.061	0.793	0.145
0.041	0.001	0.540	0.418
>AATTACGC	2-AATTACGC	5.521874	-32.452515	0	T:141.0(20.35%),B:4891.5(10.39%),P:1e-14	Tpos:380.9,Tstd:695.5,Bpos:191.4,Bstd:136.6,StrandBias:0.2,Multiplicity:1.26
0.773	0.120	0.064	0.043
0.842	0.026	0.050	0.082
0.152	0.071	0.094	0.683
0.047	0.177	0.127	0.649
0.666	0.111	0.090	0.133
0.071	0.857	0.036	0.036
0.055	0.050	0.818	0.077
0.214	0.725	0.030	0.031
>ACCAATCA	3-ACCAATCA	7.585247	-31.831215	0	T:126.0(18.18%),B:4186.7(8.89%),P:1e-13	Tpos:349.1,Tstd:662.1,Bpos:174.9,Bstd:119.1,StrandBias:-0.0,Multiplicity:1.38
0.688	0.051	0.198	0.063
0.001	0.997	0.001	0.001
0.001	0.997	0.001	0.001
0.997	0.001	0.001	0.001
0.997	0.001	0.001	0.001
0.098	0.033	0.001	0.868
0.059	0.829	0.068	0.044
0.863	0.083	0.053	0.001
>GGCGGGGC	4-GGCGGGGC	7.941217	-29.898389	0	T:262.0(37.81%),B:11816.5(25.10%),P:1e-12	Tpos:205.2,Tstd:212.0,Bpos:177.6,Bstd:125.9,StrandBias:-0.2,Multiplicity:1.89
0.001	0.001	0.997	0.001
0.001	0.001	0.938	0.060
0.001	0.830	0.001	0.168
0.001	0.017	0.981	0.001
0.022	0.001	0.839	0.138
0.374	0.001	0.624	0.001
0.278	0.001	0.665	0.056
0.001	0.611	0.001	0.387
>GCCCCACC	5-GCCCCACC	8.261360	-25.793774	0	T:148.0(21.36%),B:5717.7(12.14%),P:1e-11	Tpos:259.4,Tstd:341.0,Bpos:188.5,Bstd:123.1,StrandBias:0.1,Multiplicity:1.21
0.001	0.001	0.997	0.001
0.001	0.806	0.001	0.192
0.001	0.775	0.001	0.223
0.096	0.810	0.001	0.093
0.001	0.997	0.001	0.001
0.997	0.001	0.001	0.001
0.001	0.997	0.001	0.001
0.001	0.997	0.001	0.001
>BTTAACGC	6-BTTAACGC	4.913913	-23.342566	0	T:329.0(47.47%),B:16729.4(35.53%),P:1e-10	Tpos:317.8,Tstd:645.0,Bpos:195.5,Bstd:133.7,StrandBias:-0.1,Multiplicity:1.49
0.051	0.275	0.269	0.405
0.166	0.001	0.096	0.737
0.137	0.054	0.226	0.583
0.516	0.280	0.203	0.001
0.867	0.108	0.001	0.024
0.001	0.960	0.038	0.001
0.001	0.147	0.851	0.001
0.133	0.708	0.158	0.001
>HCACGCCN	7-HCACGCCN	5.170708	-22.428104	0	T:125.0(18.04%),B:4763.2(10.12%),P:1e-9	Tpos:206.3,Tstd:155.5,Bpos:179.0,Bstd:129.1,StrandBias:0.1,Multiplicity:1.31
0.265	0.300	0.142	0.294
0.200	0.498	0.153	0.148
0.558	0.134	0.145	0.163
0.150	0.562	0.145	0.143
0.146	0.101	0.592	0.161
0.117	0.635	0.121	0.127
0.162	0.594	0.092	0.152
0.246	0.262	0.184	0.308
>GTCCGTCA	8-GTCCGTCA	6.641924	-21.604998	0	T:137.0(19.77%),B:5466.4(11.61%),P:1e-9	Tpos:300.7,Tstd:418.5,Bpos:195.1,Bstd:126.6,StrandBias:-0.3,Multiplicity:1.18
0.001	0.001	0.939	0.059
0.006	0.078	0.001	0.915
0.001	0.997	0.001	0.001
0.237	0.695	0.067	0.001
0.090	0.001	0.857	0.052
0.040	0.083	0.001	0.876
0.001	0.997	0.001	0.001
0.903	0.095	0.001	0.001
>TATGGCGA	9-TATGGCGA	10.850614	-20.346954	0	T:13.0(1.88%),B:89.0(0.19%),P:1e-8	Tpos:495.4,Tstd:454.4,Bpos:207.8,Bstd:114.1,StrandBias:0.6,Multiplicity:3.46
0.001	0.001	0.001	0.997
0.997	0.001	0.001	0.001
0.001	0.001	0.001	0.997
0.001	0.001	0.997	0.001
0.001	0.001	0.983	0.015
0.001	0.997	0.001	0.001
0.183	0.001	0.815	0.001
0.997	0.001	0.001	0.001
>NGGCCTAN	10-NGGCCTAN	3.961084	-19.914635	0	T:231.0(33.33%),B:11038.5(23.44%),P:1e-8	Tpos:415.5,Tstd:741.5,Bpos:195.8,Bstd:126.4,StrandBias:0.2,Multiplicity:1.33
0.333	0.233	0.229	0.205
0.164	0.165	0.557	0.114
0.153	0.124	0.554	0.169
0.133	0.561	0.158	0.148
0.140	0.591	0.133	0.136
0.149	0.122	0.156	0.573
0.563	0.093	0.167	0.177
0.275	0.239	0.216	0.270
>TTTCGGCT	11-TTTCGGCT	7.562706	-19.708133	0	T:98.0(14.14%),B:3573.6(7.59%),P:1e-8	Tpos:254.0,Tstd:426.9,Bpos:192.4,Bstd:127.4,StrandBias:0.3,Multiplicity:1.10
0.020	0.089	0.013	0.878
0.001	0.032	0.073	0.894
0.011	0.080	0.001	0.908
0.001	0.739	0.259	0.001
0.076	0.105	0.818	0.001
0.013	0.076	0.892	0.019
0.001	0.971	0.027	0.001
0.008	0.020	0.008	0.964
>TTGCCGTA	12-TTGCCGTA	7.303034	-18.336793	0	T:47.0(6.78%),B:1255.6(2.67%),P:1e-7	Tpos:270.7,Tstd:254.2,Bpos:194.8,Bstd:125.5,StrandBias:-0.5,Multiplicity:1.28
0.001	0.090	0.092	0.817
0.080	0.070	0.115	0.735
0.001	0.001	0.909	0.089
0.287	0.650	0.001	0.062
0.001	0.997	0.001	0.001
0.158	0.001	0.840	0.001
0.001	0.158	0.001	0.840
0.824	0.001	0.001	0.174
>GCCAATAG	13-GCCAATAG	5.521747	-17.289164	0	T:186.0(26.84%),B:8667.9(18.41%),P:1e-7	Tpos:305.2,Tstd:482.4,Bpos:183.6,Bstd:122.7,StrandBias:0.1,Multiplicity:1.33
0.097	0.048	0.767	0.088
0.065	0.757	0.101	0.077
0.060	0.768	0.099	0.073
0.728	0.084	0.066	0.122
0.843	0.053	0.049	0.055
0.158	0.035	0.081	0.726
0.654	0.198	0.057	0.091
0.067	0.127	0.767	0.039
>TTAGGACG	14-TTAGGACG	7.996858	-10.291221	0	T:15.0(2.16%),B:287.9(0.61%),P:1e-4	Tpos:296.4,Tstd:140.3,Bpos:199.5,Bstd:139.3,StrandBias:1.4,Multiplicity:1.29
0.202	0.001	0.001	0.796
0.001	0.001	0.001	0.997
0.997	0.001	0.001	0.001
0.001	0.001	0.997	0.001
0.001	0.058	0.940	0.001
0.997	0.001	0.001	0.001
0.001	0.997	0.001	0.001
0.001	0.001	0.997	0.001
>GTCCTACA	15-GTCCTACA	8.236954	-9.030773	0	T:15.0(2.16%),B:322.7(0.69%),P:1e-3	Tpos:367.3,Tstd:295.1,Bpos:199.1,Bstd:127.2,StrandBias:-0.5,Multiplicity:3.20
0.100	0.100	0.700	0.100
0.100	0.100	0.100	0.700
0.100	0.700	0.100	0.100
0.100	0.700	0.100	0.100
0.100	0.100	0.100	0.700
0.700	0.100	0.100	0.100
0.100	0.700	0.100	0.100
0.700	0.100	0.100	0.100
>ACGCACGC	16-ACGCACGC	10.042917	-6.834240	0	T:19.0(2.74%),B:572.0(1.21%),P:1e-2	Tpos:255.9,Tstd:250.6,Bpos:200.4,Bstd:127.1,StrandBias:1.4,Multiplicity:1.06
0.997	0.001	0.001	0.001
0.149	0.849	0.001	0.001
0.001	0.001	0.626	0.372
0.148	0.850	0.001	0.001
0.997	0.001	0.001	0.001
0.001	0.997	0.001	0.001
0.001	0.001	0.786	0.212
0.001	0.997	0.001	0.001
>TTTTCAGT	17-TTTTCAGT	8.236954	-5.596664	0	T:23.0(3.32%),B:835.4(1.77%),P:1e-2	Tpos:403.5,Tstd:315.5,Bpos:195.9,Bstd:136.5,StrandBias:-0.1,Multiplicity:3.74
0.100	0.100	0.100	0.700
0.100	0.100	0.100	0.700
0.100	0.100	0.100	0.700
0.100	0.100	0.100	0.700
0.100	0.700	0.100	0.100
0.700	0.100	0.100	0.100
0.100	0.100	0.700	0.100
0.100	0.100	0.100	0.700
>TCGTWCGT	18-TCGTWCGT	7.815981	-5.550144	0	T:30.0(4.33%),B:1195.9(2.54%),P:1e-2	Tpos:429.7,Tstd:867.7,Bpos:190.9,Bstd:139.4,StrandBias:0.5,Multiplicity:1.04
0.001	0.001	0.001	0.997
0.001	0.997	0.001	0.001
0.001	0.001	0.796	0.202
0.001	0.001	0.001	0.997
0.521	0.001	0.001	0.477
0.001	0.997	0.001	0.001
0.001	0.001	0.633	0.365
0.001	0.001	0.001	0.997
>AAATGCAC	19-AAATGCAC	8.236954	-5.150297	0	T:14.0(2.02%),B:433.9(0.92%),P:1e-2	Tpos:506.6,Tstd:604.1,Bpos:196.7,Bstd:129.3,StrandBias:-0.3,Multiplicity:2.36
0.700	0.100	0.100	0.100
0.700	0.100	0.100	0.100
0.700	0.100	0.100	0.100
0.100	0.100	0.100	0.700
0.100	0.100	0.700	0.100
0.100	0.700	0.100	0.100
0.700	0.100	0.100	0.100
0.100	0.700	0.100	0.100
>CTCATTTT	20-CTCATTTT	8.236954	-4.303349	0	T:20.0(2.89%),B:782.0(1.66%),P:1e-1	Tpos:411.9,Tstd:349.4,Bpos:197.8,Bstd:132.4,StrandBias:-0.7,Multiplicity:4.25
0.100	0.700	0.100	0.100
0.100	0.100	0.100	0.700
0.100	0.700	0.100	0.100
0.700	0.100	0.100	0.100
0.100	0.100	0.100	0.700
0.100	0.100	0.100	0.700
0.100	0.100	0.100	0.700
0.100	0.100	0.100	0.700
>CACTCACT	21-CACTCACT	9.198520	-3.033191	0	T:31.0(4.47%),B:1528.8(3.25%),P:1e-1	Tpos:199.4,Tstd:133.7,Bpos:201.8,Bstd:121.9,StrandBias:1.0,Multiplicity:1.57
0.001	0.844	0.154	0.001
0.997	0.001	0.001	0.001
0.001	0.997	0.001	0.001
0.001	0.001	0.001	0.997
0.001	0.997	0.001	0.001
0.997	0.001	0.001	0.001
0.001	0.997	0.001	0.001
0.001	0.001	0.001	0.997
