>CCWTTGTT	1-CCWTTGTT	7.385919	-830.562562	0	T:1992.0(26.57%),B:4146.7(10.00%),P:1e-360	Tpos:215.4,Tstd:151.7,Bpos:175.3,Bstd:113.2,StrandBias:-0.2,Multiplicity:1.27
0.030	0.760	0.106	0.104
0.026	0.592	0.016	0.366
0.505	0.009	0.025	0.461
0.001	0.005	0.016	0.978
0.021	0.012	0.022	0.945
0.032	0.005	0.878	0.085
0.027	0.024	0.064	0.885
0.155	0.244	0.100	0.501
>CCTTTGTG	2-CCTTTGTG	8.384108	-365.840247	0	T:1450.0(19.34%),B:3811.8(9.19%),P:1e-158	Tpos:209.0,Tstd:146.8,Bpos:174.3,Bstd:108.3,StrandBias:-0.1,Multiplicity:1.13
0.001	0.997	0.001	0.001
0.001	0.595	0.031	0.373
0.306	0.001	0.001	0.692
0.001	0.001	0.001	0.997
0.001	0.001	0.001	0.997
0.001	0.001	0.997	0.001
0.001	0.001	0.001	0.997
0.001	0.404	0.594	0.001
>TCTCGCGA	3-TCTCGCGA	10.952789	-327.879369	0	T:278.0(3.71%),B:205.0(0.49%),P:1e-142	Tpos:248.0,Tstd:139.2,Bpos:148.9,Bstd:95.2,StrandBias:0.0,Multiplicity:1.15
0.001	0.001	0.001	0.997
0.108	0.890	0.001	0.001
0.001	0.001	0.001	0.997
0.001	0.997	0.001	0.001
0.001	0.001	0.997	0.001
0.001	0.997	0.001	0.001
0.001	0.001	0.997	0.001
0.997	0.001	0.001	0.001
>TGATTRGC	4-TGATTRGC	5.681548	-195.342042	0	T:2091.0(27.89%),B:7714.3(18.60%),P:1e-84	Tpos:232.2,Tstd:246.0,Bpos:170.1,Bstd:111.3,StrandBias:-0.0,Multiplicity:1.30
0.074	0.129	0.181	0.616
0.205	0.179	0.508	0.108
0.850	0.001	0.001	0.148
0.307	0.103	0.001	0.589
0.007	0.017	0.001	0.975
0.445	0.108	0.335	0.112
0.102	0.006	0.812	0.080
0.045	0.543	0.211	0.201
>CGCTTTGT	5-CGCTTTGT	7.258705	-184.118410	0	T:1489.0(19.86%),B:5033.0(12.14%),P:1e-79	Tpos:213.3,Tstd:180.6,Bpos:173.6,Bstd:111.4,StrandBias:0.1,Multiplicity:1.17
0.051	0.593	0.167	0.189
0.001	0.001	0.679	0.319
0.011	0.987	0.001	0.001
0.016	0.017	0.007	0.960
0.001	0.001	0.001	0.997
0.014	0.001	0.015	0.970
0.017	0.061	0.905	0.017
0.018	0.018	0.001	0.963
>AGGAATGT	6-AGGAATGT	6.682558	-157.940467	0	T:1264.0(16.86%),B:4233.5(10.21%),P:1e-68	Tpos:214.1,Tstd:171.2,Bpos:175.5,Bstd:109.6,StrandBias:-0.0,Multiplicity:1.20
0.856	0.046	0.001	0.097
0.175	0.001	0.823	0.001
0.001	0.001	0.997	0.001
0.997	0.001	0.001	0.001
0.997	0.001	0.001	0.001
0.001	0.001	0.001	0.997
0.001	0.091	0.815	0.093
0.001	0.113	0.001	0.885
>TATTCAGG	7-TATTCAGG	8.124837	-152.208309	0	T:495.0(6.60%),B:1147.2(2.77%),P:1e-66	Tpos:236.0,Tstd:250.3,Bpos:180.1,Bstd:109.5,StrandBias:0.1,Multiplicity:1.17
0.001	0.001	0.001	0.997
0.997	0.001	0.001	0.001
0.192	0.064	0.161	0.583
0.157	0.001	0.064	0.778
0.001	0.838	0.001	0.160
0.975	0.001	0.023	0.001
0.001	0.023	0.744	0.232
0.001	0.001	0.603	0.395
>CCCCVCCC	8-CCCCVCCC	9.318110	-145.962478	0	T:2332.0(31.10%),B:9384.2(22.63%),P:1e-63	Tpos:209.2,Tstd:200.5,Bpos:167.5,Bstd:111.4,StrandBias:0.1,Multiplicity:1.66
0.001	0.997	0.001	0.001
0.001	0.997	0.001	0.001
0.218	0.780	0.001	0.001
0.001	0.997	0.001	0.001
0.256	0.353	0.390	0.001
0.001	0.997	0.001	0.001
0.134	0.864	0.001	0.001
0.001	0.997	0.001	0.001
>GGCGGAAC	9-GGCGGAAC	6.756223	-132.146514	0	T:1329.0(17.72%),B:4736.8(11.42%),P:1e-57	Tpos:216.5,Tstd:189.7,Bpos:161.0,Bstd:113.0,StrandBias:-0.0,Multiplicity:1.37
0.154	0.018	0.785	0.043
0.082	0.110	0.757	0.051
0.017	0.831	0.038	0.114
0.058	0.054	0.847	0.041
0.071	0.029	0.814	0.086
0.803	0.014	0.116	0.067
0.679	0.024	0.235	0.062
0.193	0.489	0.085	0.234
>CATTCAGA	10-CATTCAGA	9.687020	-129.434684	0	T:426.0(5.68%),B:992.2(2.39%),P:1e-56	Tpos:216.1,Tstd:171.8,Bpos:171.9,Bstd:105.1,StrandBias:-0.1,Multiplicity:1.05
0.001	0.997	0.001	0.001
0.997	0.001	0.001	0.001
0.001	0.001	0.001	0.997
0.001	0.001	0.001	0.997
0.001	0.997	0.001	0.001
0.997	0.001	0.001	0.001
0.251	0.001	0.747	0.001
0.997	0.001	0.001	0.001
>CCTGCTGA	11-CCTGCTGA	9.242971	-112.368450	0	T:998.0(13.31%),B:3418.1(8.24%),P:1e-48	Tpos:199.3,Tstd:153.0,Bpos:174.0,Bstd:104.2,StrandBias:0.1,Multiplicity:1.11
0.001	0.997	0.001	0.001
0.001	0.997	0.001	0.001
0.001	0.001	0.001	0.997
0.001	0.001	0.997	0.001
0.001	0.997	0.001	0.001
0.001	0.001	0.001	0.997
0.001	0.001	0.997	0.001
0.514	0.001	0.161	0.324
>ATTTGCAT	12-ATTTGCAT	9.612606	-106.155473	0	T:406.0(5.41%),B:1017.4(2.45%),P:1e-46	Tpos:215.5,Tstd:259.8,Bpos:169.0,Bstd:114.6,StrandBias:-0.0,Multiplicity:1.06
0.997	0.001	0.001	0.001
0.001	0.001	0.001	0.997
0.001	0.001	0.001	0.997
0.233	0.001	0.001	0.765
0.001	0.001	0.997	0.001
0.001	0.997	0.001	0.001
0.997	0.001	0.001	0.001
0.001	0.001	0.001	0.997
>RAGAATTC	13-RAGAATTC	6.543431	-102.908286	0	T:907.0(12.10%),B:3094.7(7.46%),P:1e-44	Tpos:216.7,Tstd:182.8,Bpos:176.4,Bstd:113.0,StrandBias:-0.0,Multiplicity:1.19
0.372	0.148	0.305	0.176
0.544	0.001	0.148	0.307
0.001	0.001	0.997	0.001
0.997	0.001	0.001	0.001
0.997	0.001	0.001	0.001
0.001	0.001	0.001	0.997
0.001	0.001	0.058	0.940
0.027	0.914	0.019	0.040
>GGAATCCC	14-GGAATCCC	10.612037	-90.866110	0	T:246.0(3.28%),B:515.7(1.24%),P:1e-39	Tpos:204.9,Tstd:146.3,Bpos:171.3,Bstd:114.5,StrandBias:-0.0,Multiplicity:1.02
0.001	0.001	0.997	0.001
0.001	0.001	0.997	0.001
0.997	0.001	0.001	0.001
0.633	0.001	0.001	0.365
0.001	0.001	0.001	0.997
0.001	0.997	0.001	0.001
0.001	0.997	0.001	0.001
0.001	0.997	0.001	0.001
>ACCGGTTT	15-ACCGGTTT	5.457635	-81.256279	0	T:1432.0(19.10%),B:5754.6(13.88%),P:1e-35	Tpos:223.3,Tstd:238.7,Bpos:178.2,Bstd:116.9,StrandBias:-0.0,Multiplicity:1.15
0.676	0.048	0.138	0.138
0.066	0.760	0.095	0.079
0.039	0.793	0.156	0.012
0.020	0.046	0.850	0.084
0.102	0.075	0.766	0.057
0.157	0.120	0.052	0.671
0.089	0.200	0.026	0.685
0.075	0.048	0.073	0.804
>CCCTGGTG	16-CCCTGGTG	8.236954	-80.453300	0	T:358.0(4.77%),B:959.9(2.31%),P:1e-34	Tpos:214.6,Tstd:154.1,Bpos:184.8,Bstd:103.5,StrandBias:0.1,Multiplicity:1.02
0.100	0.700	0.100	0.100
0.100	0.700	0.100	0.100
0.100	0.700	0.100	0.100
0.100	0.100	0.100	0.700
0.100	0.100	0.700	0.100
0.100	0.100	0.700	0.100
0.100	0.100	0.100	0.700
0.100	0.100	0.700	0.100
>GTTACACT	17-GTTACACT	8.236954	-77.985780	0	T:127.0(1.69%),B:188.4(0.45%),P:1e-33	Tpos:227.9,Tstd:142.6,Bpos:178.6,Bstd:103.1,StrandBias:0.6,Multiplicity:1.00
0.100	0.100	0.700	0.100
0.100	0.100	0.100	0.700
0.100	0.100	0.100	0.700
0.700	0.100	0.100	0.100
0.100	0.700	0.100	0.100
0.700	0.100	0.100	0.100
0.100	0.700	0.100	0.100
0.100	0.100	0.100	0.700
>GCAATGCT	18-GCAATGCT	6.318789	-77.942717	0	T:1002.0(13.36%),B:3755.6(9.06%),P:1e-33	Tpos:225.3,Tstd:222.5,Bpos:178.0,Bstd:107.9,StrandBias:-0.1,Multiplicity:1.22
0.194	0.001	0.804	0.001
0.001	0.596	0.001	0.402
0.997	0.001	0.001	0.001
0.778	0.001	0.001	0.220
0.001	0.001	0.001	0.997
0.409	0.001	0.589	0.001
0.001	0.997	0.001	0.001
0.204	0.015	0.001	0.780
>AGGCTACA	19-AGGCTACA	9.376503	-69.653199	0	T:277.0(3.69%),B:707.0(1.71%),P:1e-30	Tpos:221.1,Tstd:256.0,Bpos:174.5,Bstd:106.5,StrandBias:-0.0,Multiplicity:1.02
0.997	0.001	0.001	0.001
0.001	0.001	0.997	0.001
0.001	0.001	0.997	0.001
0.001	0.997	0.001	0.001
0.001	0.001	0.001	0.997
0.997	0.001	0.001	0.001
0.001	0.997	0.001	0.001
0.814	0.001	0.184	0.001
>GCATATTA	20-GCATATTA	9.267513	-63.077294	0	T:143.0(1.91%),B:270.1(0.65%),P:1e-27	Tpos:207.0,Tstd:155.1,Bpos:182.3,Bstd:104.3,StrandBias:-0.0,Multiplicity:1.03
0.001	0.001	0.997	0.001
0.001	0.997	0.001	0.001
0.997	0.001	0.001	0.001
0.001	0.001	0.001	0.997
0.997	0.001	0.001	0.001
0.165	0.001	0.001	0.833
0.001	0.001	0.001	0.997
0.997	0.001	0.001	0.001
>TACGTCAY	21-TACGTCAY	5.816971	-61.839973	0	T:1646.0(21.95%),B:7083.2(17.08%),P:1e-26	Tpos:205.7,Tstd:159.8,Bpos:172.0,Bstd:106.2,StrandBias:-0.0,Multiplicity:1.21
0.001	0.263	0.257	0.478
0.653	0.072	0.233	0.042
0.233	0.726	0.040	0.001
0.001	0.046	0.952	0.001
0.025	0.064	0.007	0.904
0.035	0.562	0.402	0.001
0.790	0.030	0.092	0.088
0.006	0.517	0.072	0.405
>AKAGTTAG	22-AKAGTTAG	8.410976	-58.780987	0	T:229.0(3.05%),B:580.5(1.40%),P:1e-25	Tpos:202.8,Tstd:203.9,Bpos:182.6,Bstd:105.7,StrandBias:-0.1,Multiplicity:1.01
0.870	0.056	0.038	0.036
0.084	0.175	0.342	0.399
0.647	0.129	0.214	0.010
0.184	0.103	0.696	0.017
0.009	0.001	0.001	0.989
0.105	0.001	0.001	0.893
0.952	0.046	0.001	0.001
0.001	0.001	0.609	0.389
>ATTACTTA	23-ATTACTTA	10.707306	-55.693624	0	T:132.0(1.76%),B:257.9(0.62%),P:1e-24	Tpos:202.9,Tstd:125.4,Bpos:172.9,Bstd:115.8,StrandBias:-0.2,Multiplicity:1.01
0.997	0.001	0.001	0.001
0.001	0.001	0.001	0.997
0.001	0.236	0.001	0.762
0.997	0.001	0.001	0.001
0.001	0.997	0.001	0.001
0.001	0.087	0.001	0.911
0.001	0.001	0.001	0.997
0.997	0.001	0.001	0.001
>GCAGACTA	24-GCAGACTA	9.608304	-54.991067	0	T:286.0(3.81%),B:817.4(1.97%),P:1e-23	Tpos:213.3,Tstd:153.7,Bpos:171.8,Bstd:102.0,StrandBias:0.2,Multiplicity:1.01
0.001	0.001	0.997	0.001
0.001	0.997	0.001	0.001
0.997	0.001	0.001	0.001
0.001	0.001	0.997	0.001
0.997	0.001	0.001	0.001
0.001	0.997	0.001	0.001
0.001	0.232	0.001	0.766
0.997	0.001	0.001	0.001
>TGACAAAT	25-TGACAAAT	8.236954	-52.694302	0	T:190.0(2.53%),B:465.2(1.12%),P:1e-22	Tpos:209.9,Tstd:204.9,Bpos:177.1,Bstd:108.5,StrandBias:-0.0,Multiplicity:1.04
0.100	0.100	0.100	0.700
0.100	0.100	0.700	0.100
0.700	0.100	0.100	0.100
0.100	0.700	0.100	0.100
0.700	0.100	0.100	0.100
0.700	0.100	0.100	0.100
0.700	0.100	0.100	0.100
0.100	0.100	0.100	0.700
