>AGTTATCG	1-AGTTATCG	7.105869	-23.321111	0	T:38.0(11.34%),B:1572.5(3.32%),P:1e-10	Tpos:483.9,Tstd:887.9,Bpos:206.9,Bstd:135.6,StrandBias:0.3,Multiplicity:1.05
0.927	0.001	0.071	0.001
0.001	0.085	0.913	0.001
0.067	0.057	0.001	0.875
0.067	0.001	0.001	0.931
0.743	0.038	0.181	0.038
0.054	0.001	0.001	0.944
0.001	0.888	0.077	0.034
0.001	0.151	0.847	0.001
>AACCAATC	2-AACCAATC	8.303994	-21.657263	0	T:44.0(13.13%),B:2149.2(4.54%),P:1e-9	Tpos:457.4,Tstd:750.5,Bpos:195.2,Bstd:129.2,StrandBias:-0.1,Multiplicity:1.37
0.921	0.036	0.042	0.001
0.573	0.026	0.400	0.001
0.001	0.979	0.019	0.001
0.001	0.997	0.001	0.001
0.997	0.001	0.001	0.001
0.929	0.069	0.001	0.001
0.124	0.146	0.001	0.729
0.028	0.885	0.001	0.086
>AAAACGTG	3-AAAACGTG	8.673084	-20.559287	0	T:15.0(4.48%),B:263.3(0.56%),P:1e-8	Tpos:309.9,Tstd:155.3,Bpos:213.4,Bstd:144.4,StrandBias:1.3,Multiplicity:1.42
0.711	0.029	0.202	0.058
0.997	0.001	0.001	0.001
0.621	0.112	0.069	0.198
0.600	0.001	0.398	0.001
0.001	0.667	0.001	0.331
0.001	0.001	0.997	0.001
0.001	0.001	0.348	0.650
0.001	0.035	0.781	0.183
>ATTCCGCC	4-ATTCCGCC	6.752803	-20.331449	0	T:112.0(33.43%),B:9244.9(19.54%),P:1e-8	Tpos:222.2,Tstd:394.5,Bpos:198.9,Bstd:139.9,StrandBias:0.3,Multiplicity:1.71
0.606	0.001	0.392	0.001
0.067	0.168	0.001	0.764
0.058	0.232	0.001	0.709
0.001	0.997	0.001	0.001
0.001	0.997	0.001	0.001
0.001	0.001	0.997	0.001
0.091	0.907	0.001	0.001
0.001	0.837	0.001	0.161
>GCGAGAAA	5-GCGAGAAA	8.215519	-20.163012	0	T:22.0(6.57%),B:634.5(1.34%),P:1e-8	Tpos:276.8,Tstd:210.4,Bpos:205.9,Bstd:146.4,StrandBias:0.4,Multiplicity:2.00
0.001	0.001	0.917	0.081
0.001	0.997	0.001	0.001
0.001	0.001	0.997	0.001
0.934	0.001	0.001	0.064
0.001	0.001	0.997	0.001
0.997	0.001	0.001	0.001
0.976	0.001	0.001	0.022
0.997	0.001	0.001	0.001
>ACYACGMC	6-ACYACGMC	8.189109	-19.128955	0	T:45.0(13.43%),B:2425.7(5.13%),P:1e-8	Tpos:258.3,Tstd:405.3,Bpos:208.3,Bstd:134.9,StrandBias:0.0,Multiplicity:1.07
0.997	0.001	0.001	0.001
0.001	0.997	0.001	0.001
0.001	0.563	0.001	0.435
0.997	0.001	0.001	0.001
0.001	0.822	0.176	0.001
0.001	0.001	0.997	0.001
0.435	0.563	0.001	0.001
0.001	0.997	0.001	0.001
>ATTGGTNG	7-ATTGGTNG	5.506057	-18.688233	0	T:111.0(33.13%),B:9392.8(19.85%),P:1e-8	Tpos:539.4,Tstd:864.3,Bpos:204.9,Bstd:129.5,StrandBias:0.2,Multiplicity:1.46
0.711	0.049	0.148	0.092
0.078	0.004	0.346	0.572
0.067	0.112	0.070	0.751
0.180	0.120	0.585	0.115
0.001	0.083	0.693	0.223
0.193	0.149	0.024	0.634
0.305	0.257	0.182	0.257
0.166	0.019	0.806	0.009
>GTCCTACA	8-GTCCTACA	10.912669	-18.580338	0	T:16.0(4.78%),B:354.6(0.75%),P:1e-8	Tpos:278.0,Tstd:193.6,Bpos:202.4,Bstd:140.2,StrandBias:-0.4,Multiplicity:2.56
0.001	0.001	0.997	0.001
0.001	0.001	0.001	0.997
0.001	0.855	0.001	0.143
0.001	0.997	0.001	0.001
0.001	0.001	0.001	0.997
0.997	0.001	0.001	0.001
0.001	0.997	0.001	0.001
0.997	0.001	0.001	0.001
>CGTCAATC	9-CGTCAATC	6.938525	-15.589405	0	T:50.0(14.93%),B:3218.9(6.80%),P:1e-6	Tpos:257.8,Tstd:239.0,Bpos:210.4,Bstd:137.6,StrandBias:0.9,Multiplicity:1.20
0.001	0.569	0.091	0.339
0.041	0.001	0.835	0.123
0.001	0.001	0.046	0.952
0.087	0.911	0.001	0.001
0.946	0.052	0.001	0.001
0.997	0.001	0.001	0.001
0.001	0.001	0.096	0.902
0.001	0.929	0.001	0.069
>YCTYACCG	10-YCTYACCG	6.132965	-13.933375	0	T:52.0(15.52%),B:3606.3(7.62%),P:1e-6	Tpos:284.5,Tstd:656.3,Bpos:214.8,Bstd:146.5,StrandBias:-0.2,Multiplicity:1.10
0.068	0.402	0.076	0.453
0.092	0.607	0.058	0.243
0.275	0.001	0.001	0.723
0.233	0.441	0.001	0.325
0.799	0.001	0.001	0.199
0.110	0.448	0.178	0.265
0.135	0.687	0.085	0.093
0.080	0.001	0.918	0.001
>GGAATATG	11-GGAATATG	8.615914	-13.573799	0	T:18.0(5.37%),B:647.5(1.37%),P:1e-5	Tpos:249.4,Tstd:177.6,Bpos:207.8,Bstd:129.5,StrandBias:0.6,Multiplicity:3.28
0.001	0.001	0.997	0.001
0.001	0.001	0.997	0.001
0.997	0.001	0.001	0.001
0.912	0.001	0.086	0.001
0.001	0.001	0.001	0.997
0.997	0.001	0.001	0.001
0.001	0.001	0.001	0.997
0.001	0.001	0.997	0.001
>AACAGTGT	12-AACAGTGT	9.732721	-11.673850	0	T:18.0(5.37%),B:744.9(1.57%),P:1e-5	Tpos:276.4,Tstd:337.1,Bpos:214.4,Bstd:130.2,StrandBias:0.0,Multiplicity:1.11
0.834	0.001	0.001	0.164
0.997	0.001	0.001	0.001
0.001	0.997	0.001	0.001
0.609	0.389	0.001	0.001
0.001	0.193	0.805	0.001
0.001	0.001	0.001	0.997
0.001	0.001	0.997	0.001
0.001	0.001	0.001	0.997
>TCGTTCTT	13-TCGTTCTT	7.533402	-11.524087	0	T:34.0(10.15%),B:2119.7(4.48%),P:1e-5	Tpos:354.5,Tstd:489.5,Bpos:211.6,Bstd:147.3,StrandBias:-0.4,Multiplicity:1.00
0.001	0.390	0.001	0.608
0.001	0.997	0.001	0.001
0.001	0.001	0.938	0.060
0.001	0.156	0.001	0.842
0.001	0.001	0.086	0.912
0.001	0.697	0.001	0.301
0.001	0.001	0.001	0.997
0.001	0.001	0.001	0.997
>AAAATGAG	14-AAAATGAG	9.621669	-10.480324	0	T:24.0(7.16%),B:1310.2(2.77%),P:1e-4	Tpos:249.4,Tstd:179.8,Bpos:208.7,Bstd:138.7,StrandBias:0.4,Multiplicity:3.62
0.997	0.001	0.001	0.001
0.997	0.001	0.001	0.001
0.997	0.001	0.001	0.001
0.997	0.001	0.001	0.001
0.001	0.368	0.001	0.630
0.001	0.001	0.997	0.001
0.637	0.001	0.001	0.361
0.001	0.001	0.997	0.001
>AATTATRG	15-AATTATRG	7.537479	-10.342112	0	T:29.0(8.66%),B:1772.4(3.75%),P:1e-4	Tpos:887.9,Tstd:1233.3,Bpos:210.4,Bstd:133.7,StrandBias:0.6,Multiplicity:1.32
0.664	0.101	0.224	0.011
0.877	0.001	0.068	0.054
0.157	0.001	0.001	0.841
0.337	0.082	0.001	0.580
0.712	0.033	0.254	0.001
0.009	0.069	0.344	0.578
0.342	0.056	0.467	0.135
0.001	0.095	0.903	0.001
>YYTHCAGT	16-YYTHCAGT	6.846373	-9.903955	0	T:33.0(9.85%),B:2200.7(4.65%),P:1e-4	Tpos:267.8,Tstd:192.5,Bpos:211.9,Bstd:135.0,StrandBias:0.1,Multiplicity:2.73
0.223	0.351	0.052	0.375
0.014	0.383	0.088	0.515
0.038	0.001	0.057	0.904
0.360	0.233	0.088	0.319
0.043	0.937	0.010	0.010
0.728	0.063	0.077	0.132
0.001	0.213	0.637	0.149
0.019	0.001	0.387	0.593
>GCCCCACC	17-GCCCCACC	7.312336	-9.637887	0	T:121.0(36.12%),B:12524.4(26.47%),P:1e-4	Tpos:209.7,Tstd:307.7,Bpos:196.9,Bstd:130.0,StrandBias:0.9,Multiplicity:1.59
0.001	0.001	0.997	0.001
0.229	0.543	0.001	0.227
0.090	0.689	0.001	0.220
0.033	0.872	0.009	0.086
0.191	0.794	0.014	0.001
0.734	0.001	0.264	0.001
0.121	0.877	0.001	0.001
0.001	0.997	0.001	0.001
>GATTTCGT	18-GATTTCGT	8.278392	-8.692321	0	T:11.0(3.28%),B:401.4(0.85%),P:1e-3	Tpos:247.2,Tstd:179.9,Bpos:220.1,Bstd:157.9,StrandBias:-1.1,Multiplicity:1.45
0.001	0.001	0.997	0.001
0.874	0.001	0.001	0.124
0.070	0.001	0.001	0.928
0.001	0.001	0.001	0.997
0.001	0.001	0.001	0.997
0.001	0.997	0.001	0.001
0.001	0.001	0.997	0.001
0.001	0.001	0.001	0.997
>CAACAACA	19-CAACAACA	7.618786	-8.534651	0	T:36.0(10.75%),B:2677.9(5.66%),P:1e-3	Tpos:454.4,Tstd:838.6,Bpos:211.0,Bstd:134.7,StrandBias:0.4,Multiplicity:1.11
0.001	0.997	0.001	0.001
0.897	0.001	0.101	0.001
0.879	0.119	0.001	0.001
0.001	0.997	0.001	0.001
0.997	0.001	0.001	0.001
0.997	0.001	0.001	0.001
0.001	0.997	0.001	0.001
0.903	0.056	0.040	0.001
>AAATGCAC	20-AAATGCAC	10.747739	-7.942647	0	T:13.0(3.88%),B:588.9(1.24%),P:1e-3	Tpos:411.9,Tstd:642.2,Bpos:201.1,Bstd:128.9,StrandBias:0.6,Multiplicity:1.77
0.997	0.001	0.001	0.001
0.997	0.001	0.001	0.001
0.997	0.001	0.001	0.001
0.001	0.001	0.001	0.997
0.273	0.001	0.725	0.001
0.001	0.997	0.001	0.001
0.997	0.001	0.001	0.001
0.001	0.997	0.001	0.001
>CTYTCTTA	21-CTYTCTTA	9.588979	-6.849199	0	T:22.0(6.57%),B:1484.7(3.14%),P:1e-2	Tpos:471.6,Tstd:639.6,Bpos:209.0,Bstd:127.0,StrandBias:0.6,Multiplicity:1.05
0.001	0.997	0.001	0.001
0.001	0.001	0.001	0.997
0.001	0.451	0.001	0.547
0.282	0.001	0.149	0.568
0.001	0.997	0.001	0.001
0.001	0.001	0.001	0.997
0.001	0.001	0.001	0.997
0.883	0.001	0.001	0.115
>TTTCTTTC	22-TTTCTTTC	6.988804	-3.393082	0	T:39.0(11.64%),B:4069.1(8.60%),P:1e-1	Tpos:354.6,Tstd:292.3,Bpos:210.4,Bstd:143.5,StrandBias:0.6,Multiplicity:2.56
0.001	0.001	0.001	0.997
0.001	0.001	0.001	0.997
0.001	0.001	0.001	0.997
0.001	0.997	0.001	0.001
0.001	0.001	0.001	0.997
0.024	0.001	0.001	0.974
0.001	0.001	0.296	0.702
0.001	0.997	0.001	0.001
