>ACAAWGGC	1-ACAAWGGC	7.914784	-695.455324	0	T:3266.0(51.51%),B:12594.6(29.18%),P:1e-302	Tpos:401.1,Tstd:311.2,Bpos:293.5,Bstd:183.1,StrandBias:0.0,Multiplicity:1.67
0.997	0.001	0.001	0.001
0.001	0.997	0.001	0.001
0.997	0.001	0.001	0.001
0.997	0.001	0.001	0.001
0.542	0.001	0.001	0.456
0.378	0.001	0.620	0.001
0.001	0.001	0.997	0.001
0.256	0.497	0.246	0.001
>TGACCTTG	2-TGACCTTG	7.687928	-421.018760	0	T:850.0(13.40%),B:1857.3(4.30%),P:1e-182	Tpos:396.2,Tstd:341.6,Bpos:296.3,Bstd:183.3,StrandBias:0.0,Multiplicity:1.13
0.001	0.034	0.001	0.964
0.001	0.001	0.997	0.001
0.997	0.001	0.001	0.001
0.001	0.997	0.001	0.001
0.001	0.997	0.001	0.001
0.001	0.001	0.001	0.997
0.001	0.001	0.001	0.997
0.001	0.001	0.997	0.001
>GGGTGGRG	3-GGGTGGRG	8.022886	-215.473600	0	T:1931.0(30.45%),B:8456.3(19.59%),P:1e-93	Tpos:396.6,Tstd:356.8,Bpos:294.8,Bstd:182.2,StrandBias:-0.1,Multiplicity:1.17
0.207	0.053	0.739	0.001
0.086	0.084	0.829	0.001
0.147	0.001	0.830	0.022
0.001	0.027	0.001	0.971
0.001	0.259	0.679	0.061
0.123	0.001	0.521	0.355
0.501	0.082	0.416	0.001
0.058	0.001	0.940	0.001
>CGCTTTGT	4-CGCTTTGT	6.460498	-214.209130	0	T:2131.0(33.61%),B:9640.9(22.34%),P:1e-93	Tpos:400.0,Tstd:349.5,Bpos:291.5,Bstd:181.8,StrandBias:0.0,Multiplicity:1.27
0.141	0.590	0.212	0.057
0.018	0.130	0.647	0.205
0.113	0.781	0.076	0.030
0.114	0.035	0.032	0.819
0.052	0.038	0.034	0.876
0.059	0.040	0.011	0.890
0.082	0.063	0.775	0.080
0.256	0.080	0.039	0.625
>GCACTTAT	5-GCACTTAT	8.236954	-205.799950	0	T:279.0(4.40%),B:430.4(1.00%),P:1e-89	Tpos:437.3,Tstd:399.7,Bpos:305.5,Bstd:180.8,StrandBias:0.1,Multiplicity:1.00
0.100	0.100	0.700	0.100
0.100	0.700	0.100	0.100
0.700	0.100	0.100	0.100
0.100	0.700	0.100	0.100
0.100	0.100	0.100	0.700
0.100	0.100	0.100	0.700
0.700	0.100	0.100	0.100
0.100	0.100	0.100	0.700
>TTAGCTAT	6-TTAGCTAT	8.236954	-202.356928	0	T:323.0(5.09%),B:576.9(1.34%),P:1e-87	Tpos:440.5,Tstd:317.9,Bpos:289.6,Bstd:178.7,StrandBias:0.0,Multiplicity:1.03
0.100	0.100	0.100	0.700
0.100	0.100	0.100	0.700
0.700	0.100	0.100	0.100
0.100	0.100	0.700	0.100
0.100	0.700	0.100	0.100
0.100	0.100	0.100	0.700
0.700	0.100	0.100	0.100
0.100	0.100	0.100	0.700
>TACTGAAT	7-TACTGAAT	8.236954	-197.889537	0	T:386.0(6.09%),B:806.2(1.87%),P:1e-85	Tpos:434.2,Tstd:332.8,Bpos:296.3,Bstd:178.8,StrandBias:0.1,Multiplicity:1.49
0.100	0.100	0.100	0.700
0.700	0.100	0.100	0.100
0.100	0.700	0.100	0.100
0.100	0.100	0.100	0.700
0.100	0.100	0.700	0.100
0.700	0.100	0.100	0.100
0.700	0.100	0.100	0.100
0.100	0.100	0.100	0.700
>TAATTAGC	8-TAATTAGC	7.093477	-196.080336	0	T:1227.0(19.35%),B:4722.1(10.94%),P:1e-85	Tpos:446.5,Tstd:410.6,Bpos:291.4,Bstd:187.3,StrandBias:-0.0,Multiplicity:1.21
0.089	0.050	0.034	0.827
0.895	0.050	0.054	0.001
0.990	0.001	0.008	0.001
0.001	0.008	0.001	0.990
0.001	0.001	0.001	0.997
0.901	0.004	0.012	0.083
0.022	0.079	0.898	0.001
0.020	0.562	0.129	0.289
>GGAGGTTA	9-GGAGGTTA	8.257984	-183.067943	0	T:782.0(12.33%),B:2567.5(5.95%),P:1e-79	Tpos:410.6,Tstd:371.7,Bpos:293.2,Bstd:184.3,StrandBias:0.0,Multiplicity:1.19
0.001	0.001	0.997	0.001
0.001	0.001	0.997	0.001
0.997	0.001	0.001	0.001
0.137	0.001	0.861	0.001
0.184	0.001	0.814	0.001
0.001	0.399	0.001	0.599
0.001	0.001	0.106	0.892
0.997	0.001	0.001	0.001
>TCCTTGAA	10-TCCTTGAA	8.359669	-155.464889	0	T:1227.0(19.35%),B:5068.9(11.74%),P:1e-67	Tpos:399.6,Tstd:370.5,Bpos:299.1,Bstd:187.3,StrandBias:-0.0,Multiplicity:1.27
0.001	0.001	0.177	0.821
0.001	0.997	0.001	0.001
0.001	0.997	0.001	0.001
0.001	0.001	0.099	0.899
0.184	0.001	0.001	0.814
0.001	0.001	0.997	0.001
0.997	0.001	0.001	0.001
0.997	0.001	0.001	0.001
>TTKGAATG	11-TTKGAATG	6.321753	-145.941086	0	T:2132.0(33.62%),B:10445.8(24.20%),P:1e-63	Tpos:408.4,Tstd:338.7,Bpos:294.5,Bstd:182.6,StrandBias:0.0,Multiplicity:1.39
0.011	0.214	0.197	0.578
0.046	0.195	0.067	0.692
0.084	0.002	0.492	0.422
0.023	0.009	0.771	0.197
0.837	0.115	0.018	0.030
0.772	0.023	0.150	0.055
0.001	0.256	0.001	0.742
0.253	0.263	0.483	0.001
>AACAATGG	12-AACAATGG	5.504021	-140.466409	0	T:2471.0(38.97%),B:12626.8(29.25%),P:1e-61	Tpos:406.4,Tstd:347.3,Bpos:293.9,Bstd:180.7,StrandBias:-0.0,Multiplicity:1.39
0.983	0.001	0.001	0.015
0.997	0.001	0.001	0.001
0.001	0.565	0.296	0.138
0.980	0.001	0.001	0.018
0.983	0.015	0.001	0.001
0.001	0.001	0.018	0.980
0.001	0.035	0.963	0.001
0.249	0.262	0.488	0.001
>CCCCCCCC	13-CCCCCCCC	9.047550	-130.650240	0	T:1468.0(23.15%),B:6682.1(15.48%),P:1e-56	Tpos:360.8,Tstd:326.3,Bpos:289.1,Bstd:194.0,StrandBias:0.1,Multiplicity:1.52
0.001	0.997	0.001	0.001
0.001	0.997	0.001	0.001
0.135	0.863	0.001	0.001
0.178	0.820	0.001	0.001
0.232	0.766	0.001	0.001
0.142	0.856	0.001	0.001
0.067	0.931	0.001	0.001
0.001	0.997	0.001	0.001
>CCRTAYMC	14-CCRTAYMC	8.374385	-128.186535	0	T:463.0(7.30%),B:1396.0(3.23%),P:1e-55	Tpos:410.5,Tstd:334.9,Bpos:294.8,Bstd:169.3,StrandBias:0.0,Multiplicity:1.23
0.001	0.576	0.001	0.422
0.001	0.976	0.022	0.001
0.464	0.001	0.534	0.001
0.001	0.001	0.001	0.997
0.997	0.001	0.001	0.001
0.001	0.461	0.001	0.537
0.555	0.422	0.022	0.001
0.001	0.997	0.001	0.001
>AGAATTCA	15-AGAATTCA	9.891667	-121.383104	0	T:707.0(11.15%),B:2610.6(6.05%),P:1e-52	Tpos:414.5,Tstd:328.9,Bpos:297.9,Bstd:181.5,StrandBias:-0.1,Multiplicity:1.24
0.997	0.001	0.001	0.001
0.001	0.001	0.997	0.001
0.997	0.001	0.001	0.001
0.997	0.001	0.001	0.001
0.001	0.001	0.001	0.997
0.001	0.001	0.001	0.997
0.001	0.690	0.001	0.308
0.997	0.001	0.001	0.001
>GAACCTTG	16-GAACCTTG	7.935814	-114.162624	0	T:522.0(8.23%),B:1749.6(4.05%),P:1e-49	Tpos:369.4,Tstd:323.0,Bpos:291.6,Bstd:180.4,StrandBias:0.2,Multiplicity:1.04
0.001	0.001	0.762	0.236
0.997	0.001	0.001	0.001
0.997	0.001	0.001	0.001
0.001	0.997	0.001	0.001
0.001	0.997	0.001	0.001
0.001	0.001	0.057	0.941
0.001	0.001	0.001	0.997
0.001	0.001	0.997	0.001
>VGCTAGTC	17-VGCTAGTC	8.072245	-101.365136	0	T:649.0(10.23%),B:2471.3(5.73%),P:1e-44	Tpos:398.8,Tstd:302.2,Bpos:292.0,Bstd:178.6,StrandBias:-0.0,Multiplicity:1.14
0.299	0.404	0.297	0.001
0.001	0.001	0.671	0.327
0.001	0.717	0.001	0.281
0.001	0.001	0.001	0.997
0.997	0.001	0.001	0.001
0.001	0.001	0.654	0.344
0.001	0.001	0.001	0.997
0.001	0.997	0.001	0.001
>CTTAAAAG	18-CTTAAAAG	10.782386	-94.610460	0	T:408.0(6.43%),B:1331.6(3.09%),P:1e-41	Tpos:416.6,Tstd:327.5,Bpos:297.8,Bstd:192.2,StrandBias:0.1,Multiplicity:1.07
0.001	0.997	0.001	0.001
0.001	0.001	0.027	0.971
0.001	0.001	0.001	0.997
0.905	0.001	0.001	0.093
0.849	0.001	0.149	0.001
0.997	0.001	0.001	0.001
0.997	0.001	0.001	0.001
0.001	0.001	0.997	0.001
>TCGAGCAT	19-TCGAGCAT	8.236954	-92.444832	0	T:101.0(1.59%),B:127.0(0.29%),P:1e-40	Tpos:299.3,Tstd:261.4,Bpos:304.3,Bstd:179.8,StrandBias:-0.1,Multiplicity:1.00
0.100	0.100	0.100	0.700
0.100	0.700	0.100	0.100
0.100	0.100	0.700	0.100
0.700	0.100	0.100	0.100
0.100	0.100	0.700	0.100
0.100	0.700	0.100	0.100
0.700	0.100	0.100	0.100
0.100	0.100	0.100	0.700
>CAGCTGGT	20-CAGCTGGT	5.333953	-90.293180	0	T:1283.0(20.23%),B:6109.8(14.16%),P:1e-39	Tpos:395.3,Tstd:329.7,Bpos:295.3,Bstd:180.6,StrandBias:-0.1,Multiplicity:1.22
0.001	0.997	0.001	0.001
0.997	0.001	0.001	0.001
0.001	0.001	0.997	0.001
0.001	0.883	0.115	0.001
0.060	0.001	0.028	0.911
0.001	0.001	0.997	0.001
0.001	0.001	0.997	0.001
0.001	0.001	0.001	0.997
>AGGGAATC	21-AGGGAATC	8.236954	-88.850806	0	T:283.0(4.46%),B:799.4(1.85%),P:1e-38	Tpos:419.2,Tstd:367.9,Bpos:284.4,Bstd:176.5,StrandBias:0.1,Multiplicity:1.01
0.700	0.100	0.100	0.100
0.100	0.100	0.700	0.100
0.100	0.100	0.700	0.100
0.100	0.100	0.700	0.100
0.700	0.100	0.100	0.100
0.700	0.100	0.100	0.100
0.100	0.100	0.100	0.700
0.100	0.700	0.100	0.100
>TAATACTA	22-TAATACTA	8.236954	-86.803855	0	T:209.0(3.30%),B:503.5(1.17%),P:1e-37	Tpos:480.4,Tstd:541.9,Bpos:309.7,Bstd:170.1,StrandBias:-0.1,Multiplicity:1.03
0.100	0.100	0.100	0.700
0.700	0.100	0.100	0.100
0.700	0.100	0.100	0.100
0.100	0.100	0.100	0.700
0.700	0.100	0.100	0.100
0.100	0.700	0.100	0.100
0.100	0.100	0.100	0.700
0.700	0.100	0.100	0.100
>CTCTTTCA	23-CTCTTTCA	8.144627	-83.017361	0	T:888.0(14.00%),B:3935.6(9.12%),P:1e-36	Tpos:399.6,Tstd:367.3,Bpos:296.5,Bstd:183.4,StrandBias:0.0,Multiplicity:1.14
0.001	0.892	0.106	0.001
0.001	0.153	0.060	0.786
0.001	0.997	0.001	0.001
0.001	0.001	0.001	0.997
0.001	0.001	0.001	0.997
0.001	0.001	0.001	0.997
0.001	0.997	0.001	0.001
0.997	0.001	0.001	0.001
>CTAGTAAA	24-CTAGTAAA	8.236779	-56.192202	0	T:576.0(9.08%),B:2512.8(5.82%),P:1e-24	Tpos:433.4,Tstd:307.5,Bpos:296.1,Bstd:190.0,StrandBias:-0.1,Multiplicity:1.45
0.187	0.543	0.001	0.269
0.001	0.187	0.001	0.811
0.814	0.184	0.001	0.001
0.001	0.001	0.997	0.001
0.001	0.001	0.001	0.997
0.620	0.001	0.378	0.001
0.647	0.001	0.351	0.001
0.814	0.001	0.184	0.001
>CTGCCACT	25-CTGCCACT	8.236954	-55.850899	0	T:372.0(5.87%),B:1430.1(3.31%),P:1e-24	Tpos:369.4,Tstd:286.0,Bpos:290.2,Bstd:180.0,StrandBias:-0.2,Multiplicity:1.14
0.100	0.700	0.100	0.100
0.100	0.100	0.100	0.700
0.100	0.100	0.700	0.100
0.100	0.700	0.100	0.100
0.100	0.700	0.100	0.100
0.700	0.100	0.100	0.100
0.100	0.700	0.100	0.100
0.100	0.100	0.100	0.700
