>TGGGCGGA	1-TGGGCGGA	7.252859	-206.993528	0	T:4837.0(42.52%),B:12689.2(33.43%),P:1e-89	Tpos:345.2,Tstd:238.5,Bpos:248.3,Bstd:155.9,StrandBias:-0.0,Multiplicity:2.22
0.129	0.001	0.230	0.640
0.032	0.001	0.942	0.025
0.012	0.011	0.976	0.001
0.001	0.017	0.962	0.020
0.048	0.906	0.001	0.045
0.001	0.001	0.997	0.001
0.007	0.001	0.977	0.015
0.725	0.001	0.214	0.060
>CCACGCCC	2-CCACGCCC	8.009162	-187.592344	0	T:2470.0(21.71%),B:5674.6(14.95%),P:1e-81	Tpos:335.6,Tstd:236.1,Bpos:251.6,Bstd:162.1,StrandBias:0.0,Multiplicity:1.30
0.001	0.885	0.068	0.046
0.080	0.918	0.001	0.001
0.997	0.001	0.001	0.001
0.001	0.997	0.001	0.001
0.254	0.001	0.744	0.001
0.001	0.997	0.001	0.001
0.001	0.997	0.001	0.001
0.001	0.882	0.001	0.116
>ACAATAGG	3-ACAATAGG	8.112811	-176.628594	0	T:488.0(4.29%),B:620.2(1.63%),P:1e-76	Tpos:318.3,Tstd:265.2,Bpos:256.9,Bstd:165.8,StrandBias:0.1,Multiplicity:1.03
0.997	0.001	0.001	0.001
0.001	0.997	0.001	0.001
0.997	0.001	0.001	0.001
0.997	0.001	0.001	0.001
0.001	0.001	0.001	0.997
0.997	0.001	0.001	0.001
0.001	0.001	0.997	0.001
0.052	0.013	0.934	0.001
>TGTAATGC	4-TGTAATGC	8.236954	-170.872954	0	T:268.0(2.36%),B:229.4(0.60%),P:1e-74	Tpos:347.3,Tstd:261.2,Bpos:279.4,Bstd:167.0,StrandBias:0.1,Multiplicity:1.10
0.100	0.100	0.100	0.700
0.100	0.100	0.700	0.100
0.100	0.100	0.100	0.700
0.700	0.100	0.100	0.100
0.700	0.100	0.100	0.100
0.100	0.100	0.100	0.700
0.100	0.100	0.700	0.100
0.100	0.700	0.100	0.100
>AGGAATTC	5-AGGAATTC	6.482068	-158.354347	0	T:3615.0(31.78%),B:9289.7(24.48%),P:1e-68	Tpos:323.1,Tstd:264.2,Bpos:265.0,Bstd:171.8,StrandBias:-0.0,Multiplicity:1.39
0.417	0.223	0.125	0.235
0.107	0.001	0.785	0.107
0.001	0.001	0.997	0.001
0.939	0.016	0.044	0.001
0.997	0.001	0.001	0.001
0.067	0.001	0.001	0.931
0.001	0.188	0.302	0.509
0.001	0.781	0.001	0.217
>TATGCAAA	6-TATGCAAA	7.001666	-142.368408	0	T:1137.0(9.99%),B:2262.7(5.96%),P:1e-61	Tpos:339.8,Tstd:294.6,Bpos:264.3,Bstd:164.4,StrandBias:0.1,Multiplicity:1.13
0.001	0.001	0.001	0.997
0.997	0.001	0.001	0.001
0.001	0.029	0.001	0.969
0.001	0.001	0.908	0.090
0.001	0.888	0.001	0.110
0.844	0.001	0.016	0.139
0.857	0.001	0.141	0.001
0.997	0.001	0.001	0.001
>CGTAACCT	7-CGTAACCT	5.533534	-138.018726	0	T:2981.0(26.20%),B:7534.3(19.85%),P:1e-59	Tpos:320.3,Tstd:270.2,Bpos:271.9,Bstd:172.5,StrandBias:0.0,Multiplicity:1.20
0.106	0.643	0.097	0.154
0.031	0.083	0.825	0.061
0.119	0.034	0.139	0.708
0.827	0.022	0.085	0.066
0.712	0.067	0.123	0.098
0.227	0.616	0.047	0.110
0.030	0.834	0.044	0.092
0.048	0.044	0.072	0.836
>CAAGGTYA	8-CAAGGTYA	8.580023	-135.830887	0	T:662.0(5.82%),B:1106.3(2.91%),P:1e-58	Tpos:327.4,Tstd:239.1,Bpos:269.9,Bstd:168.7,StrandBias:0.1,Multiplicity:1.07
0.001	0.696	0.114	0.189
0.889	0.001	0.109	0.001
0.845	0.001	0.001	0.153
0.001	0.001	0.651	0.347
0.299	0.153	0.547	0.001
0.001	0.189	0.001	0.809
0.001	0.541	0.001	0.457
0.997	0.001	0.001	0.001
>CCTATTCA	9-CCTATTCA	8.236954	-126.078868	0	T:263.0(2.31%),B:280.3(0.74%),P:1e-54	Tpos:331.6,Tstd:316.2,Bpos:278.4,Bstd:178.4,StrandBias:0.1,Multiplicity:1.05
0.100	0.700	0.100	0.100
0.100	0.700	0.100	0.100
0.100	0.100	0.100	0.700
0.700	0.100	0.100	0.100
0.100	0.100	0.100	0.700
0.100	0.100	0.100	0.700
0.100	0.700	0.100	0.100
0.700	0.100	0.100	0.100
>CYCCACCC	10-CYCCACCC	8.607194	-125.927500	0	T:3328.0(29.25%),B:8695.1(22.91%),P:1e-54	Tpos:332.6,Tstd:265.5,Bpos:264.3,Bstd:163.3,StrandBias:0.0,Multiplicity:1.40
0.001	0.824	0.001	0.174
0.001	0.476	0.001	0.522
0.001	0.997	0.001	0.001
0.001	0.997	0.001	0.001
0.997	0.001	0.001	0.001
0.001	0.997	0.001	0.001
0.001	0.997	0.001	0.001
0.001	0.933	0.001	0.065
>TGATTGGC	11-TGATTGGC	7.127787	-123.086690	0	T:1832.0(16.10%),B:4275.9(11.27%),P:1e-53	Tpos:347.4,Tstd:261.2,Bpos:240.3,Bstd:151.5,StrandBias:-0.1,Multiplicity:1.31
0.001	0.140	0.084	0.775
0.057	0.082	0.844	0.017
0.997	0.001	0.001	0.001
0.001	0.033	0.001	0.965
0.016	0.001	0.001	0.982
0.001	0.008	0.990	0.001
0.026	0.001	0.972	0.001
0.098	0.667	0.058	0.177
>AACAAAGG	12-AACAAAGG	8.349902	-111.758388	0	T:1611.0(14.16%),B:3725.7(9.82%),P:1e-48	Tpos:322.3,Tstd:242.6,Bpos:271.5,Bstd:172.8,StrandBias:-0.1,Multiplicity:1.14
0.744	0.001	0.191	0.064
0.997	0.001	0.001	0.001
0.001	0.997	0.001	0.001
0.997	0.001	0.001	0.001
0.997	0.001	0.001	0.001
0.882	0.001	0.116	0.001
0.169	0.001	0.829	0.001
0.085	0.001	0.913	0.001
>GCACTTAT	13-GCACTTAT	8.236954	-110.361092	0	T:202.0(1.78%),B:196.3(0.52%),P:1e-47	Tpos:345.4,Tstd:378.4,Bpos:292.0,Bstd:161.8,StrandBias:0.0,Multiplicity:1.01
0.100	0.100	0.700	0.100
0.100	0.700	0.100	0.100
0.700	0.100	0.100	0.100
0.100	0.700	0.100	0.100
0.100	0.100	0.100	0.700
0.100	0.100	0.100	0.700
0.700	0.100	0.100	0.100
0.100	0.100	0.100	0.700
>GCCATTGT	14-GCCATTGT	10.733850	-109.469642	0	T:397.0(3.49%),B:582.9(1.54%),P:1e-47	Tpos:328.4,Tstd:208.1,Bpos:267.1,Bstd:162.9,StrandBias:-0.0,Multiplicity:1.04
0.001	0.001	0.997	0.001
0.001	0.997	0.001	0.001
0.001	0.715	0.001	0.283
0.997	0.001	0.001	0.001
0.001	0.001	0.001	0.997
0.001	0.001	0.001	0.997
0.001	0.001	0.997	0.001
0.001	0.001	0.001	0.997
>CATTCARA	15-CATTCARA	10.216006	-101.422929	0	T:649.0(5.70%),B:1198.0(3.16%),P:1e-44	Tpos:316.2,Tstd:232.3,Bpos:270.5,Bstd:169.8,StrandBias:0.2,Multiplicity:1.09
0.001	0.997	0.001	0.001
0.997	0.001	0.001	0.001
0.001	0.001	0.001	0.997
0.001	0.001	0.001	0.997
0.001	0.997	0.001	0.001
0.997	0.001	0.001	0.001
0.572	0.001	0.426	0.001
0.997	0.001	0.001	0.001
>VGYKAWTC	16-VGYKAWTC	5.798467	-95.919184	0	T:3352.0(29.47%),B:9069.4(23.90%),P:1e-41	Tpos:333.5,Tstd:277.2,Bpos:266.7,Bstd:173.1,StrandBias:-0.0,Multiplicity:1.23
0.305	0.373	0.320	0.001
0.001	0.094	0.904	0.001
0.191	0.403	0.001	0.405
0.001	0.001	0.450	0.548
0.655	0.001	0.001	0.343
0.450	0.001	0.198	0.351
0.001	0.001	0.001	0.997
0.075	0.636	0.001	0.288
>CTAATTAG	17-CTAATTAG	8.236954	-87.789769	0	T:146.0(1.28%),B:132.0(0.35%),P:1e-38	Tpos:320.8,Tstd:188.5,Bpos:275.9,Bstd:168.6,StrandBias:0.0,Multiplicity:1.01
0.100	0.700	0.100	0.100
0.100	0.100	0.100	0.700
0.700	0.100	0.100	0.100
0.700	0.100	0.100	0.100
0.100	0.100	0.100	0.700
0.100	0.100	0.100	0.700
0.700	0.100	0.100	0.100
0.100	0.100	0.700	0.100
>CGGCTTTT	18-CGGCTTTT	5.456890	-84.047479	0	T:4706.0(41.37%),B:13513.5(35.60%),P:1e-36	Tpos:332.0,Tstd:272.3,Bpos:270.6,Bstd:177.8,StrandBias:0.1,Multiplicity:1.39
0.190	0.725	0.071	0.014
0.033	0.116	0.828	0.023
0.048	0.139	0.744	0.069
0.072	0.687	0.134	0.107
0.073	0.149	0.050	0.728
0.061	0.065	0.024	0.850
0.074	0.097	0.081	0.748
0.076	0.139	0.094	0.691
>TNAAAGCG	19-TNAAAGCG	4.679591	-83.912343	0	T:6106.0(53.67%),B:18114.9(47.73%),P:1e-36	Tpos:335.0,Tstd:260.2,Bpos:267.3,Bstd:176.1,StrandBias:-0.0,Multiplicity:1.56
0.224	0.126	0.129	0.521
0.193	0.270	0.325	0.211
0.569	0.094	0.132	0.205
0.766	0.101	0.070	0.063
0.682	0.054	0.209	0.055
0.071	0.265	0.559	0.105
0.084	0.870	0.045	0.001
0.020	0.093	0.735	0.152
>CACCTATT	20-CACCTATT	8.756687	-78.272825	0	T:269.0(2.36%),B:385.6(1.02%),P:1e-33	Tpos:312.0,Tstd:282.7,Bpos:245.1,Bstd:176.4,StrandBias:0.3,Multiplicity:1.02
0.001	0.997	0.001	0.001
0.899	0.001	0.099	0.001
0.001	0.997	0.001	0.001
0.001	0.997	0.001	0.001
0.001	0.001	0.001	0.997
0.997	0.001	0.001	0.001
0.001	0.001	0.001	0.997
0.001	0.001	0.001	0.997
>TTGGAACA	21-TTGGAACA	8.236954	-74.511701	0	T:318.0(2.80%),B:503.8(1.33%),P:1e-32	Tpos:325.5,Tstd:294.4,Bpos:260.4,Bstd:171.5,StrandBias:0.2,Multiplicity:1.01
0.100	0.100	0.100	0.700
0.100	0.100	0.100	0.700
0.100	0.100	0.700	0.100
0.100	0.100	0.700	0.100
0.700	0.100	0.100	0.100
0.700	0.100	0.100	0.100
0.100	0.700	0.100	0.100
0.700	0.100	0.100	0.100
>TTAGCTAT	22-TTAGCTAT	8.236954	-70.763976	0	T:209.0(1.84%),B:277.2(0.73%),P:1e-30	Tpos:332.3,Tstd:245.3,Bpos:265.4,Bstd:175.6,StrandBias:-0.2,Multiplicity:1.05
0.100	0.100	0.100	0.700
0.100	0.100	0.100	0.700
0.700	0.100	0.100	0.100
0.100	0.100	0.700	0.100
0.100	0.700	0.100	0.100
0.100	0.100	0.100	0.700
0.700	0.100	0.100	0.100
0.100	0.100	0.100	0.700
>GTRTAYGG	23-GTRTAYGG	8.588668	-66.115372	0	T:268.0(2.36%),B:415.1(1.09%),P:1e-28	Tpos:328.4,Tstd:294.3,Bpos:266.7,Bstd:160.8,StrandBias:0.3,Multiplicity:1.06
0.001	0.001	0.702	0.296
0.001	0.001	0.165	0.833
0.407	0.001	0.478	0.114
0.001	0.001	0.001	0.997
0.702	0.001	0.001	0.296
0.001	0.467	0.001	0.531
0.001	0.051	0.947	0.001
0.165	0.001	0.833	0.001
>CGCATGCG	24-CGCATGCG	7.379166	-63.738934	0	T:1665.0(14.64%),B:4268.3(11.25%),P:1e-27	Tpos:339.3,Tstd:244.1,Bpos:247.4,Bstd:159.6,StrandBias:-0.1,Multiplicity:1.33
0.049	0.895	0.055	0.001
0.026	0.001	0.972	0.001
0.001	0.997	0.001	0.001
0.897	0.001	0.001	0.101
0.001	0.260	0.223	0.516
0.001	0.001	0.997	0.001
0.001	0.997	0.001	0.001
0.001	0.001	0.997	0.001
>GATTGAAT	25-GATTGAAT	8.236954	-52.090409	0	T:181.0(1.59%),B:262.2(0.69%),P:1e-22	Tpos:317.6,Tstd:244.8,Bpos:273.8,Bstd:170.1,StrandBias:-0.0,Multiplicity:1.01
0.100	0.100	0.700	0.100
0.700	0.100	0.100	0.100
0.100	0.100	0.100	0.700
0.100	0.100	0.100	0.700
0.100	0.100	0.700	0.100
0.700	0.100	0.100	0.100
0.700	0.100	0.100	0.100
0.100	0.100	0.100	0.700
