>CCATTGTT	1-CCATTGTT	7.145501	-627.291581	0	T:1632.0(32.37%),B:5746.0(13.08%),P:1e-272	Tpos:260.5,Tstd:176.3,Bpos:226.7,Bstd:143.0,StrandBias:-0.1,Multiplicity:1.33
0.001	0.950	0.021	0.028
0.001	0.721	0.002	0.276
0.645	0.034	0.001	0.320
0.001	0.001	0.001	0.997
0.001	0.001	0.001	0.997
0.008	0.001	0.990	0.001
0.001	0.001	0.001	0.997
0.049	0.090	0.082	0.779
>GACAAWGG	2-GACAAWGG	5.906881	-345.750656	0	T:1905.0(37.79%),B:9472.1(21.56%),P:1e-150	Tpos:272.4,Tstd:219.9,Bpos:222.9,Bstd:143.8,StrandBias:0.2,Multiplicity:1.30
0.102	0.250	0.452	0.196
0.763	0.024	0.049	0.164
0.049	0.755	0.087	0.109
0.887	0.001	0.008	0.104
0.753	0.083	0.056	0.108
0.413	0.001	0.080	0.506
0.326	0.140	0.485	0.049
0.222	0.161	0.560	0.057
>TCTCGCGA	3-TCTCGCGA	8.989881	-324.905405	0	T:274.0(5.44%),B:317.4(0.72%),P:1e-141	Tpos:295.6,Tstd:138.8,Bpos:185.7,Bstd:123.2,StrandBias:0.0,Multiplicity:1.18
0.001	0.001	0.001	0.997
0.125	0.873	0.001	0.001
0.001	0.001	0.001	0.997
0.001	0.997	0.001	0.001
0.001	0.001	0.997	0.001
0.001	0.997	0.001	0.001
0.001	0.001	0.997	0.001
0.997	0.001	0.001	0.001
>GGATTAGC	4-GGATTAGC	5.282787	-163.907823	0	T:1991.0(39.50%),B:12208.2(27.79%),P:1e-71	Tpos:276.1,Tstd:296.4,Bpos:220.9,Bstd:144.8,StrandBias:-0.0,Multiplicity:1.40
0.148	0.151	0.517	0.184
0.070	0.058	0.810	0.062
0.741	0.054	0.065	0.140
0.062	0.031	0.003	0.904
0.021	0.047	0.015	0.917
0.702	0.083	0.135	0.080
0.183	0.171	0.586	0.060
0.004	0.823	0.126	0.047
>ATTTGCAT	5-ATTTGCAT	9.462126	-135.008053	0	T:385.0(7.64%),B:1318.9(3.00%),P:1e-58	Tpos:280.1,Tstd:303.8,Bpos:218.3,Bstd:146.7,StrandBias:-0.0,Multiplicity:1.07
0.997	0.001	0.001	0.001
0.001	0.001	0.001	0.997
0.001	0.091	0.001	0.907
0.246	0.001	0.001	0.752
0.001	0.001	0.997	0.001
0.105	0.893	0.001	0.001
0.997	0.001	0.001	0.001
0.001	0.001	0.001	0.997
>CCTGCTAA	6-CCTGCTAA	6.368772	-125.109963	0	T:722.0(14.32%),B:3428.9(7.81%),P:1e-54	Tpos:256.1,Tstd:173.5,Bpos:221.3,Bstd:133.9,StrandBias:0.1,Multiplicity:1.10
0.001	0.997	0.001	0.001
0.001	0.997	0.001	0.001
0.001	0.001	0.001	0.997
0.001	0.001	0.997	0.001
0.001	0.997	0.001	0.001
0.001	0.001	0.001	0.997
0.827	0.001	0.171	0.001
0.945	0.001	0.001	0.053
>GYATTVCW	7-GYATTVCW	8.223897	-125.025160	0	T:160.0(3.17%),B:300.9(0.69%),P:1e-54	Tpos:302.0,Tstd:273.3,Bpos:220.9,Bstd:137.1,StrandBias:0.1,Multiplicity:1.11
0.001	0.001	0.997	0.001
0.226	0.448	0.001	0.325
0.997	0.001	0.001	0.001
0.001	0.001	0.001	0.997
0.001	0.001	0.001	0.997
0.359	0.342	0.298	0.001
0.001	0.644	0.001	0.354
0.556	0.001	0.001	0.442
>CGCTTTBA	8-CGCTTTBA	4.115191	-109.174244	0	T:2461.0(48.82%),B:17007.9(38.72%),P:1e-47	Tpos:265.2,Tstd:232.5,Bpos:225.7,Bstd:147.8,StrandBias:-0.0,Multiplicity:1.49
0.157	0.481	0.259	0.102
0.091	0.257	0.495	0.157
0.156	0.506	0.195	0.143
0.258	0.104	0.131	0.507
0.085	0.103	0.124	0.688
0.181	0.071	0.105	0.643
0.154	0.288	0.247	0.311
0.501	0.165	0.123	0.211
>GGGGGDGG	9-GGGGGDGG	7.082068	-106.758681	0	T:2271.0(45.05%),B:15466.8(35.21%),P:1e-46	Tpos:273.2,Tstd:245.5,Bpos:224.0,Bstd:146.6,StrandBias:-0.0,Multiplicity:1.49
0.001	0.061	0.902	0.036
0.001	0.001	0.794	0.204
0.001	0.053	0.945	0.001
0.001	0.001	0.863	0.135
0.056	0.001	0.924	0.019
0.371	0.023	0.313	0.293
0.254	0.030	0.543	0.173
0.192	0.001	0.664	0.143
>CATTATTC	10-CATTATTC	8.236954	-104.411683	0	T:155.0(3.07%),B:334.8(0.76%),P:1e-45	Tpos:277.3,Tstd:297.5,Bpos:239.6,Bstd:143.4,StrandBias:0.2,Multiplicity:1.00
0.100	0.700	0.100	0.100
0.700	0.100	0.100	0.100
0.100	0.100	0.100	0.700
0.100	0.100	0.100	0.700
0.700	0.100	0.100	0.100
0.100	0.100	0.100	0.700
0.100	0.100	0.100	0.700
0.100	0.700	0.100	0.100
>CATATTAG	11-CATATTAG	5.479513	-99.663617	0	T:741.0(14.70%),B:3822.0(8.70%),P:1e-43	Tpos:278.0,Tstd:268.4,Bpos:216.2,Bstd:143.6,StrandBias:0.2,Multiplicity:1.13
0.001	0.997	0.001	0.001
0.649	0.334	0.001	0.016
0.349	0.001	0.001	0.649
0.997	0.001	0.001	0.001
0.001	0.001	0.001	0.997
0.001	0.333	0.001	0.665
0.997	0.001	0.001	0.001
0.001	0.001	0.997	0.001
>CCACGCCT	12-CCACGCCT	5.428632	-96.727926	0	T:2167.0(42.99%),B:14810.9(33.72%),P:1e-42	Tpos:253.6,Tstd:210.1,Bpos:210.7,Bstd:142.0,StrandBias:0.1,Multiplicity:2.09
0.002	0.637	0.001	0.360
0.001	0.979	0.001	0.019
0.977	0.021	0.001	0.001
0.001	0.994	0.004	0.001
0.001	0.015	0.983	0.001
0.001	0.997	0.001	0.001
0.001	0.997	0.001	0.001
0.001	0.385	0.001	0.613
>MACAAWGC	13-MACAAWGC	6.288548	-89.352941	0	T:1137.0(22.56%),B:6810.5(15.50%),P:1e-38	Tpos:261.1,Tstd:199.1,Bpos:226.1,Bstd:144.1,StrandBias:0.0,Multiplicity:1.19
0.478	0.520	0.001	0.001
0.997	0.001	0.001	0.001
0.001	0.997	0.001	0.001
0.997	0.001	0.001	0.001
0.997	0.001	0.001	0.001
0.553	0.001	0.001	0.445
0.001	0.001	0.997	0.001
0.305	0.665	0.001	0.029
>CCCCTGGT	14-CCCCTGGT	8.236954	-85.226281	0	T:240.0(4.76%),B:814.5(1.85%),P:1e-37	Tpos:272.0,Tstd:176.7,Bpos:217.4,Bstd:137.5,StrandBias:0.0,Multiplicity:1.03
0.100	0.700	0.100	0.100
0.100	0.700	0.100	0.100
0.100	0.700	0.100	0.100
0.100	0.700	0.100	0.100
0.100	0.100	0.100	0.700
0.100	0.100	0.700	0.100
0.100	0.100	0.700	0.100
0.100	0.100	0.100	0.700
>GGCGGAGC	15-GGCGGAGC	7.463813	-75.844846	0	T:904.0(17.93%),B:5299.8(12.07%),P:1e-32	Tpos:257.9,Tstd:175.7,Bpos:215.5,Bstd:142.4,StrandBias:-0.0,Multiplicity:1.32
0.001	0.001	0.997	0.001
0.001	0.001	0.997	0.001
0.001	0.878	0.001	0.120
0.001	0.001	0.997	0.001
0.001	0.001	0.997	0.001
0.997	0.001	0.001	0.001
0.083	0.001	0.915	0.001
0.001	0.752	0.001	0.246
>CGGNAWWD	16-CGGNAWWD	4.477158	-75.483809	0	T:905.0(17.95%),B:5312.6(12.09%),P:1e-32	Tpos:297.3,Tstd:316.7,Bpos:219.1,Bstd:149.6,StrandBias:-0.1,Multiplicity:1.19
0.001	0.997	0.001	0.001
0.001	0.278	0.720	0.001
0.042	0.189	0.467	0.301
0.329	0.204	0.255	0.212
0.522	0.105	0.013	0.360
0.315	0.177	0.152	0.357
0.293	0.133	0.184	0.390
0.262	0.123	0.260	0.355
>GAATGTAT	17-GAATGTAT	5.750842	-74.683844	0	T:480.0(9.52%),B:2346.1(5.34%),P:1e-32	Tpos:263.3,Tstd:194.4,Bpos:229.2,Bstd:140.1,StrandBias:0.1,Multiplicity:1.18
0.001	0.001	0.997	0.001
0.997	0.001	0.001	0.001
0.978	0.001	0.020	0.001
0.001	0.001	0.001	0.997
0.001	0.001	0.997	0.001
0.001	0.001	0.001	0.997
0.646	0.001	0.001	0.352
0.377	0.001	0.001	0.621
>ATTCACTA	18-ATTCACTA	8.189132	-69.665877	0	T:214.0(4.25%),B:762.2(1.74%),P:1e-30	Tpos:281.0,Tstd:308.6,Bpos:215.5,Bstd:144.7,StrandBias:0.1,Multiplicity:1.29
0.765	0.087	0.001	0.147
0.001	0.001	0.001	0.997
0.060	0.001	0.153	0.786
0.087	0.787	0.001	0.125
0.872	0.126	0.001	0.001
0.153	0.413	0.224	0.209
0.073	0.074	0.209	0.644
0.926	0.001	0.001	0.072
>TYWCTAGG	19-TYWCTAGG	8.036119	-68.344496	0	T:847.0(16.80%),B:5000.9(11.39%),P:1e-29	Tpos:269.8,Tstd:226.3,Bpos:223.3,Bstd:147.2,StrandBias:0.0,Multiplicity:1.15
0.001	0.001	0.001	0.997
0.001	0.322	0.220	0.457
0.414	0.158	0.001	0.426
0.001	0.997	0.001	0.001
0.001	0.001	0.001	0.997
0.997	0.001	0.001	0.001
0.335	0.001	0.663	0.001
0.001	0.001	0.997	0.001
>GCGTAATC	20-GCGTAATC	7.744602	-62.319891	0	T:218.0(4.32%),B:831.0(1.89%),P:1e-27	Tpos:282.5,Tstd:203.3,Bpos:217.0,Bstd:149.3,StrandBias:0.2,Multiplicity:1.01
0.001	0.001	0.997	0.001
0.001	0.873	0.001	0.125
0.001	0.001	0.997	0.001
0.376	0.001	0.001	0.622
0.997	0.001	0.001	0.001
0.997	0.001	0.001	0.001
0.001	0.001	0.001	0.997
0.001	0.761	0.001	0.237
>GCTACATT	21-GCTACATT	9.778338	-62.073270	0	T:204.0(4.05%),B:753.4(1.72%),P:1e-26	Tpos:257.5,Tstd:187.9,Bpos:220.1,Bstd:145.2,StrandBias:-0.1,Multiplicity:1.03
0.275	0.001	0.723	0.001
0.001	0.997	0.001	0.001
0.001	0.001	0.001	0.997
0.997	0.001	0.001	0.001
0.001	0.997	0.001	0.001
0.997	0.001	0.001	0.001
0.001	0.001	0.001	0.997
0.001	0.001	0.001	0.997
>CGGAGATT	22-CGGAGATT	8.330419	-52.521506	0	T:212.0(4.21%),B:864.2(1.97%),P:1e-22	Tpos:246.0,Tstd:162.2,Bpos:232.3,Bstd:146.4,StrandBias:0.1,Multiplicity:1.01
0.001	0.726	0.001	0.272
0.001	0.001	0.997	0.001
0.092	0.001	0.906	0.001
0.997	0.001	0.001	0.001
0.001	0.001	0.997	0.001
0.997	0.001	0.001	0.001
0.036	0.001	0.001	0.962
0.001	0.001	0.001	0.997
>GAATTCTT	23-GAATTCTT	10.441732	-51.223326	0	T:184.0(3.65%),B:711.3(1.62%),P:1e-22	Tpos:264.5,Tstd:320.9,Bpos:223.7,Bstd:148.4,StrandBias:0.0,Multiplicity:1.02
0.252	0.001	0.746	0.001
0.997	0.001	0.001	0.001
0.997	0.001	0.001	0.001
0.145	0.001	0.001	0.853
0.001	0.001	0.001	0.997
0.001	0.997	0.001	0.001
0.001	0.103	0.001	0.895
0.069	0.001	0.001	0.929
>CGAATTKA	24-CGAATTKA	7.945710	-45.801521	0	T:261.0(5.18%),B:1222.1(2.78%),P:1e-19	Tpos:269.6,Tstd:188.1,Bpos:223.8,Bstd:152.4,StrandBias:-0.1,Multiplicity:1.10
0.126	0.872	0.001	0.001
0.001	0.001	0.997	0.001
0.742	0.001	0.256	0.001
0.997	0.001	0.001	0.001
0.001	0.001	0.001	0.997
0.174	0.001	0.001	0.824
0.001	0.001	0.432	0.566
0.997	0.001	0.001	0.001
>ATACTTAA	25-ATACTTAA	8.236954	-42.318077	0	T:115.0(2.28%),B:386.9(0.88%),P:1e-18	Tpos:251.4,Tstd:158.1,Bpos:225.4,Bstd:147.5,StrandBias:0.4,Multiplicity:1.01
0.700	0.100	0.100	0.100
0.100	0.100	0.100	0.700
0.700	0.100	0.100	0.100
0.100	0.700	0.100	0.100
0.100	0.100	0.100	0.700
0.100	0.100	0.100	0.700
0.700	0.100	0.100	0.100
0.700	0.100	0.100	0.100
