>TGAGTCAC	1-TGAGTCAC	9.456947	-812.146662	0	T:9374.0(16.98%),B:6041.4(11.22%),P:1e-352	Tpos:1980.7,Tstd:4168.3,Bpos:720.0,Bstd:423.2,StrandBias:0.1,Multiplicity:1.25
0.001	0.001	0.001	0.997
0.001	0.001	0.997	0.001
0.982	0.016	0.001	0.001
0.001	0.242	0.756	0.001
0.001	0.001	0.001	0.997
0.001	0.997	0.001	0.001
0.997	0.001	0.001	0.001
0.001	0.600	0.132	0.267
>GCCTCAGG	2-GCCTCAGG	8.809621	-416.711390	0	T:7835.0(14.19%),B:5537.2(10.29%),P:1e-180	Tpos:2137.1,Tstd:4336.3,Bpos:723.7,Bstd:424.2,StrandBias:-0.0,Multiplicity:1.22
0.039	0.201	0.748	0.012
0.037	0.933	0.008	0.022
0.012	0.904	0.030	0.054
0.016	0.161	0.102	0.721
0.080	0.547	0.325	0.048
0.504	0.120	0.341	0.035
0.050	0.075	0.868	0.007
0.012	0.034	0.939	0.015
>TGCGTCAS	3-TGCGTCAS	7.848070	-337.183191	0	T:12091.0(21.90%),B:9468.5(17.59%),P:1e-146	Tpos:2140.8,Tstd:4442.1,Bpos:719.2,Bstd:426.0,StrandBias:-0.0,Multiplicity:1.20
0.001	0.318	0.208	0.473
0.001	0.001	0.760	0.238
0.395	0.603	0.001	0.001
0.001	0.001	0.997	0.001
0.001	0.001	0.001	0.997
0.001	0.997	0.001	0.001
0.725	0.234	0.040	0.001
0.001	0.527	0.383	0.089
>GCCTGGGG	4-GCCTGGGG	10.442907	-322.388219	0	T:8968.0(16.24%),B:6753.9(12.55%),P:1e-140	Tpos:2214.7,Tstd:4280.8,Bpos:739.9,Bstd:431.7,StrandBias:0.0,Multiplicity:1.27
0.001	0.254	0.744	0.001
0.001	0.997	0.001	0.001
0.001	0.997	0.001	0.001
0.001	0.001	0.001	0.997
0.001	0.106	0.806	0.087
0.001	0.001	0.997	0.001
0.112	0.001	0.886	0.001
0.001	0.001	0.997	0.001
>SCCTCAGG	5-SCCTCAGG	7.770080	-258.291605	0	T:16840.0(30.50%),B:14106.7(26.21%),P:1e-112	Tpos:2097.1,Tstd:4197.2,Bpos:743.2,Bstd:429.0,StrandBias:0.0,Multiplicity:1.28
0.051	0.485	0.447	0.017
0.001	0.935	0.063	0.001
0.001	0.892	0.055	0.052
0.001	0.025	0.221	0.753
0.176	0.478	0.200	0.146
0.598	0.001	0.312	0.089
0.001	0.028	0.970	0.001
0.021	0.072	0.890	0.017
>YCCCGCCC	6-YCCCGCCC	8.558583	-189.694836	0	T:13147.0(23.81%),B:11000.7(20.44%),P:1e-82	Tpos:1947.5,Tstd:3274.9,Bpos:714.7,Bstd:410.2,StrandBias:0.0,Multiplicity:2.14
0.246	0.314	0.001	0.439
0.237	0.497	0.001	0.265
0.001	0.634	0.364	0.001
0.001	0.997	0.001	0.001
0.001	0.001	0.997	0.001
0.103	0.895	0.001	0.001
0.040	0.958	0.001	0.001
0.001	0.943	0.001	0.055
>SCCCTAGG	7-SCCCTAGG	9.348582	-187.417624	0	T:5841.0(10.58%),B:4438.8(8.25%),P:1e-81	Tpos:2290.1,Tstd:4625.3,Bpos:728.4,Bstd:434.1,StrandBias:-0.0,Multiplicity:1.17
0.001	0.531	0.467	0.001
0.001	0.997	0.001	0.001
0.001	0.997	0.001	0.001
0.001	0.695	0.001	0.303
0.161	0.290	0.001	0.548
0.997	0.001	0.001	0.001
0.001	0.001	0.997	0.001
0.001	0.001	0.997	0.001
>SCCTTAGG	8-SCCTTAGG	9.230068	-185.789030	0	T:5781.0(10.47%),B:4391.8(8.16%),P:1e-80	Tpos:2131.0,Tstd:4079.5,Bpos:715.8,Bstd:436.4,StrandBias:0.0,Multiplicity:1.15
0.001	0.456	0.541	0.002
0.001	0.896	0.102	0.001
0.001	0.864	0.001	0.134
0.040	0.100	0.001	0.859
0.368	0.001	0.001	0.630
0.915	0.021	0.063	0.001
0.088	0.018	0.893	0.001
0.001	0.001	0.997	0.001
>AGRGCGCD	9-AGRGCGCD	6.651175	-183.890397	0	T:14957.0(27.09%),B:12704.6(23.60%),P:1e-79	Tpos:1997.5,Tstd:3941.6,Bpos:740.0,Bstd:450.0,StrandBias:-0.1,Multiplicity:1.67
0.634	0.001	0.149	0.216
0.001	0.205	0.786	0.008
0.537	0.001	0.461	0.001
0.232	0.078	0.689	0.001
0.001	0.607	0.280	0.112
0.001	0.001	0.997	0.001
0.009	0.730	0.001	0.260
0.224	0.181	0.366	0.229
>RMATTCCG	10-RMATTCCG	6.871860	-167.697560	0	T:5020.0(9.09%),B:3788.9(7.04%),P:1e-72	Tpos:1918.3,Tstd:3732.0,Bpos:727.7,Bstd:446.1,StrandBias:-0.0,Multiplicity:1.16
0.382	0.171	0.370	0.076
0.500	0.360	0.071	0.069
0.598	0.271	0.057	0.074
0.070	0.112	0.093	0.725
0.034	0.057	0.050	0.859
0.011	0.878	0.107	0.004
0.001	0.876	0.122	0.001
0.124	0.077	0.613	0.186
>CCACSCCC	11-CCACSCCC	8.904786	-165.089027	0	T:6210.0(11.25%),B:4835.6(8.98%),P:1e-71	Tpos:2318.7,Tstd:4675.4,Bpos:713.8,Bstd:423.0,StrandBias:-0.0,Multiplicity:1.27
0.001	0.997	0.001	0.001
0.117	0.833	0.047	0.003
0.537	0.373	0.089	0.001
0.164	0.737	0.098	0.001
0.004	0.454	0.541	0.001
0.293	0.705	0.001	0.001
0.001	0.937	0.061	0.001
0.001	0.957	0.041	0.001
>CCGCGGTT	12-CCGCGGTT	6.747270	-108.812033	0	T:6058.0(10.97%),B:4921.0(9.14%),P:1e-47	Tpos:1710.5,Tstd:2943.7,Bpos:769.1,Bstd:453.1,StrandBias:-0.0,Multiplicity:1.34
0.071	0.697	0.127	0.105
0.076	0.770	0.067	0.087
0.021	0.068	0.879	0.032
0.027	0.830	0.109	0.034
0.094	0.059	0.765	0.082
0.077	0.097	0.722	0.104
0.081	0.077	0.142	0.700
0.092	0.111	0.158	0.639
>CGSYTCCG	13-CGSYTCCG	7.370594	-102.758241	0	T:9684.0(17.54%),B:8255.1(15.34%),P:1e-44	Tpos:2009.3,Tstd:3695.5,Bpos:741.7,Bstd:423.9,StrandBias:0.0,Multiplicity:1.57
0.001	0.688	0.310	0.001
0.245	0.001	0.495	0.258
0.058	0.393	0.344	0.204
0.016	0.418	0.026	0.540
0.001	0.001	0.035	0.963
0.008	0.888	0.067	0.037
0.001	0.964	0.034	0.001
0.001	0.001	0.822	0.176
>RCATTCCW	14-RCATTCCW	8.370485	-98.807166	0	T:7703.0(13.95%),B:6458.2(12.00%),P:1e-42	Tpos:2029.7,Tstd:4100.6,Bpos:718.2,Bstd:427.3,StrandBias:-0.0,Multiplicity:1.20
0.503	0.062	0.402	0.033
0.239	0.667	0.093	0.001
0.847	0.016	0.105	0.032
0.014	0.001	0.019	0.966
0.001	0.001	0.001	0.997
0.001	0.973	0.001	0.025
0.118	0.658	0.064	0.160
0.387	0.001	0.236	0.376
>CCCGCAGG	15-CCCGCAGG	7.793674	-83.857722	0	T:5614.0(10.17%),B:4636.8(8.61%),P:1e-36	Tpos:2058.0,Tstd:3954.6,Bpos:756.4,Bstd:448.3,StrandBias:-0.0,Multiplicity:1.25
0.055	0.613	0.241	0.091
0.038	0.814	0.098	0.050
0.005	0.896	0.077	0.022
0.021	0.234	0.619	0.126
0.066	0.705	0.172	0.057
0.775	0.042	0.066	0.117
0.083	0.051	0.830	0.036
0.071	0.125	0.750	0.054
>CGCTGCGA	16-CGCTGCGA	7.714248	-83.413049	0	T:8375.0(15.17%),B:7161.9(13.31%),P:1e-36	Tpos:1891.8,Tstd:3626.0,Bpos:752.1,Bstd:441.1,StrandBias:0.0,Multiplicity:1.40
0.083	0.765	0.050	0.102
0.001	0.079	0.919	0.001
0.016	0.941	0.019	0.024
0.064	0.055	0.001	0.880
0.007	0.030	0.956	0.007
0.038	0.859	0.102	0.001
0.023	0.035	0.905	0.037
0.804	0.079	0.082	0.035
>AVSCCGGC	17-AVSCCGGC	8.291446	-76.815390	0	T:7067.0(12.80%),B:5997.1(11.14%),P:1e-33	Tpos:2036.6,Tstd:3789.5,Bpos:757.6,Bstd:446.3,StrandBias:0.0,Multiplicity:1.32
0.997	0.001	0.001	0.001
0.392	0.247	0.360	0.001
0.002	0.388	0.404	0.206
0.001	0.997	0.001	0.001
0.001	0.997	0.001	0.001
0.001	0.001	0.997	0.001
0.355	0.001	0.643	0.001
0.001	0.686	0.001	0.312
>CCCTCGGG	18-CCCTCGGG	8.475415	-72.754422	0	T:3303.0(5.98%),B:2620.0(4.87%),P:1e-31	Tpos:2100.0,Tstd:3964.5,Bpos:768.1,Bstd:444.0,StrandBias:0.1,Multiplicity:1.12
0.063	0.713	0.223	0.001
0.086	0.706	0.195	0.013
0.010	0.752	0.031	0.207
0.021	0.142	0.093	0.744
0.124	0.549	0.091	0.236
0.209	0.037	0.578	0.176
0.083	0.027	0.889	0.001
0.031	0.011	0.921	0.037
>TCGCGCGA	19-TCGCGCGA	6.291044	-71.162240	0	T:4899.0(8.87%),B:4053.8(7.53%),P:1e-30	Tpos:1748.5,Tstd:2890.4,Bpos:747.1,Bstd:429.7,StrandBias:0.0,Multiplicity:1.32
0.100	0.100	0.100	0.700
0.100	0.700	0.100	0.100
0.100	0.100	0.700	0.100
0.100	0.700	0.100	0.100
0.100	0.100	0.700	0.100
0.100	0.700	0.100	0.100
0.100	0.100	0.700	0.100
0.700	0.100	0.100	0.100
>VGAANGCG	20-VGAANGCG	6.012499	-52.033663	0	T:7207.0(13.05%),B:6286.7(11.68%),P:1e-22	Tpos:1943.4,Tstd:3579.4,Bpos:736.4,Bstd:452.4,StrandBias:-0.0,Multiplicity:1.29
0.226	0.296	0.319	0.159
0.207	0.206	0.393	0.194
0.610	0.121	0.153	0.116
0.997	0.001	0.001	0.001
0.269	0.299	0.236	0.197
0.025	0.328	0.517	0.130
0.001	0.885	0.052	0.062
0.061	0.031	0.907	0.001
>AATTCCCG	21-AATTCCCG	9.097939	-50.532250	0	T:4755.0(8.61%),B:4035.9(7.50%),P:1e-21	Tpos:2092.3,Tstd:4358.4,Bpos:702.9,Bstd:438.6,StrandBias:0.0,Multiplicity:1.13
0.878	0.091	0.030	0.001
0.906	0.031	0.022	0.041
0.001	0.038	0.021	0.940
0.001	0.015	0.001	0.983
0.022	0.952	0.001	0.025
0.001	0.997	0.001	0.001
0.180	0.570	0.001	0.249
0.183	0.001	0.785	0.031
>CGCCWVSW	22-CGCCWVSW	7.149031	-44.982353	0	T:3516.0(6.37%),B:2939.2(5.46%),P:1e-19	Tpos:2071.0,Tstd:4024.1,Bpos:731.1,Bstd:454.6,StrandBias:-0.0,Multiplicity:1.12
0.045	0.928	0.026	0.001
0.001	0.022	0.900	0.077
0.087	0.863	0.004	0.046
0.054	0.798	0.056	0.092
0.489	0.033	0.016	0.462
0.232	0.261	0.379	0.127
0.184	0.278	0.406	0.132
0.475	0.105	0.071	0.350
>TTGTTTTG	23-TTGTTTTG	10.725069	-0.020068	0	T:10951.0(19.83%),B:10863.3(20.18%),P:1e0	Tpos:2569.5,Tstd:5077.8,Bpos:712.7,Bstd:465.4,StrandBias:-0.0,Multiplicity:2.03
0.001	0.001	0.001	0.997
0.001	0.068	0.001	0.930
0.001	0.001	0.997	0.001
0.001	0.001	0.001	0.997
0.001	0.001	0.001	0.997
0.001	0.001	0.001	0.997
0.001	0.077	0.067	0.855
0.112	0.001	0.886	0.001
>GGGTGGGG	24-GGGTGGGG	10.283561	-0.000001	0	T:14597.0(26.43%),B:14719.8(27.35%),P:1e0	Tpos:2460.9,Tstd:4764.1,Bpos:717.6,Bstd:432.3,StrandBias:-0.0,Multiplicity:1.91
0.001	0.001	0.997	0.001
0.001	0.001	0.997	0.001
0.001	0.001	0.997	0.001
0.001	0.001	0.335	0.663
0.001	0.032	0.966	0.001
0.001	0.052	0.806	0.141
0.102	0.022	0.875	0.001
0.001	0.001	0.997	0.001
>AAAAAAAA	25-AAAAAAAA	8.236954	0.000000	0	T:19420.0(35.17%),B:21302.9(39.58%),P:1e0	Tpos:2689.5,Tstd:5219.8,Bpos:717.7,Bstd:485.7,StrandBias:0.0,Multiplicity:2.03
0.700	0.100	0.100	0.100
0.700	0.100	0.100	0.100
0.700	0.100	0.100	0.100
0.700	0.100	0.100	0.100
0.700	0.100	0.100	0.100
0.700	0.100	0.100	0.100
0.700	0.100	0.100	0.100
0.700	0.100	0.100	0.100
