>GACGCAAT	1-GACGCAAT	4.739496	-36.369684	0	T:225.0(43.86%),B:12874.5(26.97%),P:1e-15	Tpos:268.9,Tstd:413.8,Bpos:192.4,Bstd:136.7,StrandBias:0.1,Multiplicity:1.42
0.001	0.001	0.997	0.001
0.557	0.001	0.179	0.263
0.001	0.997	0.001	0.001
0.001	0.001	0.997	0.001
0.001	0.582	0.257	0.160
0.680	0.001	0.318	0.001
0.997	0.001	0.001	0.001
0.210	0.132	0.001	0.657
>TATGGCGA	2-TATGGCGA	10.874676	-27.055734	0	T:15.0(2.92%),B:107.9(0.23%),P:1e-11	Tpos:472.3,Tstd:463.5,Bpos:199.2,Bstd:137.5,StrandBias:0.3,Multiplicity:3.47
0.001	0.001	0.001	0.997
0.997	0.001	0.001	0.001
0.001	0.001	0.001	0.997
0.001	0.001	0.997	0.001
0.001	0.001	0.984	0.014
0.001	0.997	0.001	0.001
0.164	0.001	0.834	0.001
0.997	0.001	0.001	0.001
>TCGTTCTD	3-TCGTTCTD	6.772604	-23.223147	0	T:64.0(12.48%),B:2445.7(5.12%),P:1e-10	Tpos:377.9,Tstd:513.5,Bpos:197.9,Bstd:139.3,StrandBias:0.0,Multiplicity:1.13
0.001	0.320	0.028	0.651
0.001	0.997	0.001	0.001
0.001	0.001	0.837	0.161
0.014	0.047	0.001	0.938
0.032	0.082	0.202	0.684
0.159	0.588	0.042	0.211
0.192	0.193	0.021	0.594
0.283	0.001	0.337	0.379
>CCAATTAG	4-CCAATTAG	6.374370	-22.579414	0	T:112.0(21.83%),B:5674.5(11.89%),P:1e-9	Tpos:313.2,Tstd:572.5,Bpos:177.1,Bstd:122.9,StrandBias:-0.1,Multiplicity:1.43
0.017	0.880	0.002	0.101
0.029	0.791	0.175	0.005
0.630	0.001	0.192	0.177
0.997	0.001	0.001	0.001
0.001	0.085	0.001	0.913
0.173	0.248	0.135	0.444
0.665	0.214	0.087	0.034
0.141	0.150	0.473	0.236
>GGGCGGGG	5-GGGCGGGG	4.265918	-22.461105	0	T:247.0(48.15%),B:16505.3(34.58%),P:1e-9	Tpos:187.1,Tstd:221.2,Bpos:175.3,Bstd:122.8,StrandBias:0.1,Multiplicity:2.23
0.259	0.001	0.739	0.001
0.001	0.001	0.997	0.001
0.001	0.001	0.997	0.001
0.001	0.997	0.001	0.001
0.001	0.001	0.997	0.001
0.001	0.001	0.710	0.288
0.006	0.001	0.992	0.001
0.001	0.001	0.997	0.001
>GGTGGGGC	6-GGTGGGGC	9.298262	-20.716515	0	T:99.0(19.30%),B:4931.7(10.33%),P:1e-8	Tpos:223.7,Tstd:249.7,Bpos:186.9,Bstd:121.3,StrandBias:-0.2,Multiplicity:1.23
0.001	0.001	0.997	0.001
0.001	0.001	0.997	0.001
0.001	0.001	0.001	0.997
0.001	0.001	0.997	0.001
0.001	0.001	0.756	0.242
0.297	0.001	0.701	0.001
0.001	0.001	0.997	0.001
0.001	0.997	0.001	0.001
>GGCGGTTT	7-GGCGGTTT	5.052484	-20.612237	0	T:242.0(47.17%),B:16356.4(34.27%),P:1e-8	Tpos:291.5,Tstd:558.0,Bpos:194.5,Bstd:132.6,StrandBias:-0.0,Multiplicity:1.43
0.158	0.086	0.692	0.064
0.097	0.116	0.709	0.078
0.092	0.845	0.021	0.042
0.060	0.031	0.825	0.084
0.091	0.081	0.762	0.066
0.112	0.024	0.086	0.778
0.123	0.063	0.028	0.786
0.046	0.251	0.086	0.617
>AATCGGGT	8-AATCGGGT	5.468535	-19.764667	0	T:139.0(27.10%),B:7987.3(16.73%),P:1e-8	Tpos:470.3,Tstd:901.1,Bpos:198.9,Bstd:129.3,StrandBias:-0.6,Multiplicity:1.25
0.796	0.137	0.045	0.022
0.820	0.025	0.088	0.067
0.053	0.173	0.041	0.733
0.225	0.655	0.051	0.069
0.014	0.185	0.646	0.155
0.003	0.061	0.856	0.080
0.166	0.093	0.684	0.057
0.056	0.042	0.074	0.828
>GTCCTACA	9-GTCCTACA	8.236954	-19.132688	0	T:18.0(3.51%),B:289.3(0.61%),P:1e-8	Tpos:385.0,Tstd:315.1,Bpos:195.6,Bstd:127.4,StrandBias:-0.2,Multiplicity:3.44
0.100	0.100	0.700	0.100
0.100	0.100	0.100	0.700
0.100	0.700	0.100	0.100
0.100	0.700	0.100	0.100
0.100	0.100	0.100	0.700
0.700	0.100	0.100	0.100
0.100	0.700	0.100	0.100
0.700	0.100	0.100	0.100
>TCGCCATW	10-TCGCCATW	7.600819	-18.508680	0	T:30.0(5.85%),B:812.6(1.70%),P:1e-8	Tpos:503.1,Tstd:405.4,Bpos:187.0,Bstd:131.5,StrandBias:-0.1,Multiplicity:2.13
0.001	0.001	0.001	0.997
0.001	0.906	0.001	0.092
0.020	0.001	0.978	0.001
0.197	0.795	0.007	0.001
0.224	0.774	0.001	0.001
0.966	0.001	0.001	0.032
0.001	0.001	0.001	0.997
0.574	0.001	0.001	0.424
>KCGCKTGA	11-KCGCKTGA	5.118953	-15.529232	0	T:184.0(35.87%),B:12227.3(25.62%),P:1e-6	Tpos:261.0,Tstd:429.9,Bpos:192.7,Bstd:134.5,StrandBias:-0.1,Multiplicity:1.37
0.146	0.078	0.318	0.458
0.181	0.714	0.039	0.066
0.001	0.075	0.923	0.001
0.148	0.630	0.083	0.139
0.012	0.188	0.385	0.415
0.118	0.015	0.081	0.786
0.104	0.150	0.566	0.180
0.860	0.047	0.001	0.092
>CTTTCGTT	12-CTTTCGTT	7.598205	-14.324392	0	T:46.0(8.97%),B:1928.6(4.04%),P:1e-6	Tpos:315.6,Tstd:588.4,Bpos:192.2,Bstd:131.4,StrandBias:-0.8,Multiplicity:1.07
0.001	0.876	0.040	0.083
0.070	0.001	0.001	0.928
0.001	0.001	0.001	0.997
0.001	0.220	0.069	0.710
0.001	0.707	0.291	0.001
0.001	0.001	0.915	0.083
0.001	0.001	0.081	0.917
0.001	0.001	0.057	0.941
>CGAASCCT	13-CGAASCCT	8.447261	-13.632249	0	T:69.0(13.45%),B:3519.9(7.37%),P:1e-5	Tpos:241.6,Tstd:518.9,Bpos:195.4,Bstd:123.7,StrandBias:-0.2,Multiplicity:1.07
0.162	0.605	0.232	0.001
0.001	0.001	0.997	0.001
0.997	0.001	0.001	0.001
0.854	0.001	0.001	0.144
0.001	0.476	0.522	0.001
0.001	0.997	0.001	0.001
0.001	0.997	0.001	0.001
0.001	0.001	0.001	0.997
>AAATGCAC	14-AAATGCAC	8.595853	-10.926265	0	T:29.0(5.65%),B:1120.7(2.35%),P:1e-4	Tpos:452.8,Tstd:495.5,Bpos:190.7,Bstd:129.0,StrandBias:0.1,Multiplicity:2.28
0.997	0.001	0.001	0.001
0.997	0.001	0.001	0.001
0.997	0.001	0.001	0.001
0.001	0.109	0.001	0.889
0.227	0.001	0.771	0.001
0.001	0.997	0.001	0.001
0.997	0.001	0.001	0.001
0.001	0.997	0.001	0.001
>ATTTCGTC	15-ATTTCGTC	7.785160	-9.646250	0	T:9.0(1.75%),B:157.1(0.33%),P:1e-4	Tpos:342.2,Tstd:275.2,Bpos:197.9,Bstd:146.4,StrandBias:0.0,Multiplicity:1.78
0.735	0.109	0.100	0.056
0.144	0.001	0.086	0.769
0.215	0.076	0.152	0.557
0.001	0.107	0.099	0.793
0.076	0.922	0.001	0.001
0.049	0.001	0.852	0.098
0.211	0.160	0.035	0.594
0.052	0.816	0.097	0.035
>AAAATGAG	16-AAAATGAG	10.153986	-9.441803	0	T:21.0(4.09%),B:744.4(1.56%),P:1e-4	Tpos:429.4,Tstd:366.2,Bpos:183.9,Bstd:130.4,StrandBias:0.5,Multiplicity:5.00
0.997	0.001	0.001	0.001
0.997	0.001	0.001	0.001
0.997	0.001	0.001	0.001
0.987	0.011	0.001	0.001
0.001	0.363	0.001	0.635
0.001	0.001	0.997	0.001
0.635	0.001	0.001	0.363
0.001	0.001	0.997	0.001
>ATTTGCAC	17-ATTTGCAC	7.843960	-9.205834	0	T:52.0(10.14%),B:2791.8(5.85%),P:1e-3	Tpos:286.0,Tstd:536.9,Bpos:195.3,Bstd:120.2,StrandBias:0.5,Multiplicity:1.17
0.997	0.001	0.001	0.001
0.001	0.001	0.001	0.997
0.001	0.413	0.001	0.585
0.001	0.001	0.001	0.997
0.245	0.205	0.549	0.001
0.001	0.997	0.001	0.001
0.997	0.001	0.001	0.001
0.001	0.875	0.001	0.123
>YYTACAGT	18-YYTACAGT	5.974644	-8.620444	0	T:39.0(7.60%),B:1943.4(4.07%),P:1e-3	Tpos:427.0,Tstd:333.1,Bpos:195.0,Bstd:123.3,StrandBias:0.1,Multiplicity:3.28
0.061	0.371	0.101	0.468
0.155	0.276	0.193	0.376
0.140	0.051	0.164	0.645
0.507	0.038	0.129	0.326
0.085	0.694	0.042	0.179
0.504	0.222	0.273	0.001
0.071	0.138	0.655	0.136
0.057	0.058	0.177	0.708
>TTCTTTCT	19-TTCTTTCT	4.161567	-0.857867	0	T:61.0(11.89%),B:5512.1(11.55%),P:1e0	Tpos:281.0,Tstd:205.2,Bpos:196.6,Bstd:135.7,StrandBias:0.4,Multiplicity:2.70
0.001	0.001	0.103	0.895
0.001	0.001	0.001	0.997
0.001	0.997	0.001	0.001
0.001	0.001	0.001	0.997
0.001	0.001	0.001	0.997
0.001	0.001	0.001	0.997
0.001	0.997	0.001	0.001
0.001	0.001	0.001	0.997
