>CGGRWATA	1-CGGRWATA	4.956208	-43.355587	0	T:298.0(45.99%),B:13869.1(29.21%),P:1e-18	Tpos:312.8,Tstd:536.3,Bpos:194.3,Bstd:135.6,StrandBias:0.1,Multiplicity:1.44
0.001	0.964	0.001	0.034
0.108	0.087	0.652	0.153
0.268	0.158	0.573	0.001
0.420	0.056	0.437	0.087
0.467	0.188	0.026	0.319
0.562	0.180	0.152	0.106
0.273	0.001	0.122	0.604
0.798	0.001	0.200	0.001
>ATGGGCGG	2-ATGGGCGG	7.468447	-42.017525	0	T:255.0(39.35%),B:11239.9(23.68%),P:1e-18	Tpos:222.2,Tstd:348.6,Bpos:174.1,Bstd:128.7,StrandBias:0.1,Multiplicity:1.65
0.728	0.001	0.177	0.094
0.123	0.001	0.340	0.536
0.078	0.001	0.910	0.011
0.001	0.001	0.997	0.001
0.001	0.001	0.988	0.010
0.001	0.997	0.001	0.001
0.001	0.001	0.997	0.001
0.032	0.001	0.897	0.070
>WTTACGCC	3-WTTACGCC	4.989688	-34.483058	0	T:139.0(21.45%),B:5054.8(10.65%),P:1e-14	Tpos:259.8,Tstd:381.8,Bpos:189.2,Bstd:137.7,StrandBias:-0.5,Multiplicity:1.15
0.447	0.101	0.074	0.379
0.109	0.251	0.144	0.496
0.096	0.194	0.122	0.588
0.431	0.226	0.128	0.215
0.152	0.565	0.194	0.089
0.054	0.118	0.756	0.072
0.042	0.726	0.067	0.165
0.199	0.566	0.078	0.157
>TGATTGGC	4-TGATTGGC	7.694776	-30.703629	0	T:105.0(16.20%),B:3512.4(7.40%),P:1e-13	Tpos:230.7,Tstd:197.3,Bpos:170.8,Bstd:116.0,StrandBias:-0.2,Multiplicity:1.27
0.034	0.068	0.215	0.683
0.102	0.035	0.732	0.131
0.997	0.001	0.001	0.001
0.001	0.098	0.001	0.900
0.010	0.001	0.024	0.965
0.001	0.001	0.997	0.001
0.018	0.001	0.980	0.001
0.046	0.796	0.028	0.130
>TTGCGTCA	5-TTGCGTCA	7.150512	-25.600001	0	T:58.0(8.95%),B:1536.0(3.24%),P:1e-11	Tpos:288.4,Tstd:401.6,Bpos:187.1,Bstd:121.7,StrandBias:-0.3,Multiplicity:1.11
0.016	0.014	0.034	0.936
0.108	0.043	0.001	0.848
0.096	0.056	0.641	0.207
0.001	0.997	0.001	0.001
0.014	0.094	0.866	0.026
0.001	0.013	0.007	0.979
0.054	0.934	0.011	0.001
0.955	0.030	0.014	0.001
>GCCCCRCC	6-GCCCCRCC	7.938529	-25.035339	0	T:303.0(46.76%),B:16140.1(34.00%),P:1e-10	Tpos:211.2,Tstd:259.5,Bpos:183.0,Bstd:125.2,StrandBias:-0.1,Multiplicity:1.92
0.001	0.001	0.997	0.001
0.001	0.737	0.001	0.261
0.001	0.649	0.001	0.349
0.242	0.756	0.001	0.001
0.001	0.997	0.001	0.001
0.492	0.001	0.374	0.133
0.001	0.997	0.001	0.001
0.001	0.997	0.001	0.001
>CTTTCACC	7-CTTTCACC	7.780346	-23.360319	0	T:69.0(10.65%),B:2138.4(4.50%),P:1e-10	Tpos:237.8,Tstd:255.7,Bpos:197.7,Bstd:129.4,StrandBias:-0.7,Multiplicity:1.02
0.001	0.907	0.001	0.091
0.001	0.001	0.001	0.997
0.001	0.001	0.001	0.997
0.001	0.001	0.001	0.997
0.089	0.909	0.001	0.001
0.723	0.001	0.275	0.001
0.001	0.997	0.001	0.001
0.001	0.936	0.062	0.001
>TATGGCGA	8-TATGGCGA	8.236954	-23.288674	0	T:14.0(2.16%),B:92.0(0.19%),P:1e-10	Tpos:433.7,Tstd:476.5,Bpos:190.6,Bstd:136.9,StrandBias:1.2,Multiplicity:2.79
0.100	0.100	0.100	0.700
0.700	0.100	0.100	0.100
0.100	0.100	0.100	0.700
0.100	0.100	0.700	0.100
0.100	0.100	0.700	0.100
0.100	0.700	0.100	0.100
0.100	0.100	0.700	0.100
0.700	0.100	0.100	0.100
>AGGCCTAA	9-AGGCCTAA	5.066996	-20.068910	0	T:251.0(38.73%),B:13265.4(27.94%),P:1e-8	Tpos:383.1,Tstd:727.4,Bpos:193.6,Bstd:128.2,StrandBias:0.0,Multiplicity:1.34
0.684	0.177	0.100	0.039
0.054	0.058	0.843	0.045
0.065	0.092	0.766	0.077
0.073	0.757	0.099	0.071
0.062	0.773	0.067	0.098
0.046	0.077	0.106	0.771
0.732	0.105	0.035	0.128
0.684	0.091	0.116	0.109
>GCGTBATC	10-GCGTBATC	6.929404	-18.976631	0	T:54.0(8.33%),B:1648.4(3.47%),P:1e-8	Tpos:362.2,Tstd:704.4,Bpos:185.9,Bstd:134.0,StrandBias:-0.2,Multiplicity:1.12
0.001	0.001	0.977	0.021
0.292	0.630	0.001	0.077
0.075	0.001	0.923	0.001
0.001	0.001	0.001	0.997
0.125	0.217	0.301	0.357
0.591	0.001	0.363	0.045
0.248	0.245	0.103	0.404
0.331	0.624	0.044	0.001
>TCAAAACG	11-TCAAAACG	6.612196	-16.262243	0	T:99.0(15.28%),B:4205.0(8.86%),P:1e-7	Tpos:313.6,Tstd:541.8,Bpos:196.3,Bstd:129.1,StrandBias:0.1,Multiplicity:1.14
0.001	0.001	0.305	0.693
0.080	0.892	0.018	0.010
0.932	0.001	0.066	0.001
0.644	0.001	0.354	0.001
0.814	0.032	0.001	0.153
0.898	0.100	0.001	0.001
0.037	0.686	0.001	0.276
0.001	0.001	0.997	0.001
>TACGAACG	12-TACGAACG	5.378629	-14.284205	0	T:145.0(22.38%),B:7172.1(15.11%),P:1e-6	Tpos:392.6,Tstd:696.6,Bpos:193.8,Bstd:133.0,StrandBias:-0.3,Multiplicity:1.33
0.100	0.076	0.073	0.751
0.700	0.135	0.103	0.062
0.240	0.544	0.185	0.031
0.039	0.231	0.718	0.012
0.608	0.160	0.101	0.131
0.830	0.044	0.001	0.125
0.064	0.447	0.194	0.294
0.021	0.054	0.853	0.072
>GTCCTACA	13-GTCCTACA	4.161567	-14.012312	0	T:39.0(6.02%),B:1192.5(2.51%),P:1e-6	Tpos:304.2,Tstd:253.5,Bpos:194.9,Bstd:123.7,StrandBias:-0.3,Multiplicity:2.03
0.001	0.001	0.997	0.001
0.001	0.001	0.001	0.997
0.001	0.798	0.001	0.200
0.001	0.997	0.001	0.001
0.001	0.001	0.001	0.997
0.997	0.001	0.001	0.001
0.001	0.997	0.001	0.001
0.997	0.001	0.001	0.001
>GCCCTTAA	14-GCCCTTAA	7.392861	-11.762329	0	T:79.0(12.19%),B:3480.2(7.33%),P:1e-5	Tpos:294.7,Tstd:558.8,Bpos:192.4,Bstd:125.6,StrandBias:0.1,Multiplicity:1.07
0.036	0.061	0.877	0.026
0.001	0.997	0.001	0.001
0.001	0.785	0.123	0.091
0.093	0.723	0.074	0.110
0.083	0.038	0.001	0.878
0.001	0.057	0.059	0.883
0.997	0.001	0.001	0.001
0.929	0.001	0.069	0.001
>ACTGAAAA	15-ACTGAAAA	8.957358	-10.742566	0	T:32.0(4.94%),B:1030.1(2.17%),P:1e-4	Tpos:330.8,Tstd:297.6,Bpos:197.5,Bstd:135.2,StrandBias:0.4,Multiplicity:3.41
0.997	0.001	0.001	0.001
0.001	0.997	0.001	0.001
0.001	0.001	0.121	0.877
0.001	0.001	0.997	0.001
0.997	0.001	0.001	0.001
0.997	0.001	0.001	0.001
0.997	0.001	0.001	0.001
0.997	0.001	0.001	0.001
>AATGCACA	16-AATGCACA	10.884197	-7.362909	0	T:17.0(2.62%),B:497.1(1.05%),P:1e-3	Tpos:379.8,Tstd:329.1,Bpos:192.7,Bstd:121.6,StrandBias:0.7,Multiplicity:2.12
0.997	0.001	0.001	0.001
0.997	0.001	0.001	0.001
0.001	0.001	0.001	0.997
0.167	0.001	0.831	0.001
0.001	0.997	0.001	0.001
0.997	0.001	0.001	0.001
0.001	0.997	0.001	0.001
0.997	0.001	0.001	0.001
>AAAATGAG	17-AAAATGAG	7.875139	-5.791925	0	T:25.0(3.86%),B:993.1(2.09%),P:1e-2	Tpos:369.3,Tstd:329.0,Bpos:193.9,Bstd:127.9,StrandBias:0.6,Multiplicity:3.32
0.997	0.001	0.001	0.001
0.997	0.001	0.001	0.001
0.997	0.001	0.001	0.001
0.997	0.001	0.001	0.001
0.001	0.001	0.001	0.997
0.001	0.001	0.997	0.001
0.957	0.041	0.001	0.001
0.001	0.001	0.997	0.001
