>TATGGCGA	1-TATGGCGA	8.283446	-33.765808	0	T:19.0(2.90%),B:107.6(0.22%),P:1e-14	Tpos:448.8,Tstd:468.4,Bpos:203.2,Bstd:126.5,StrandBias:0.4,Multiplicity:2.42
0.001	0.001	0.001	0.997
0.997	0.001	0.001	0.001
0.001	0.001	0.001	0.997
0.001	0.026	0.908	0.065
0.001	0.001	0.946	0.052
0.001	0.997	0.001	0.001
0.001	0.001	0.997	0.001
0.997	0.001	0.001	0.001
>CTAACTCA	2-CTAACTCA	7.291811	-29.249100	0	T:180.0(27.48%),B:7767.7(16.18%),P:1e-12	Tpos:207.7,Tstd:158.4,Bpos:194.4,Bstd:129.1,StrandBias:-0.3,Multiplicity:1.19
0.001	0.898	0.001	0.100
0.160	0.154	0.001	0.685
0.844	0.154	0.001	0.001
0.761	0.158	0.080	0.001
0.040	0.917	0.030	0.013
0.001	0.012	0.013	0.974
0.064	0.922	0.013	0.001
0.992	0.001	0.006	0.001
>GGGATTGC	3-GGGATTGC	6.005599	-29.118921	0	T:97.0(14.81%),B:3200.7(6.66%),P:1e-12	Tpos:223.0,Tstd:262.6,Bpos:198.1,Bstd:132.7,StrandBias:-0.4,Multiplicity:1.03
0.001	0.040	0.958	0.001
0.001	0.025	0.973	0.001
0.001	0.001	0.815	0.183
0.997	0.001	0.001	0.001
0.001	0.001	0.065	0.933
0.001	0.001	0.001	0.997
0.001	0.001	0.997	0.001
0.001	0.940	0.001	0.058
>TATTSCAG	4-TATTSCAG	7.655060	-28.642546	0	T:103.0(15.73%),B:3530.0(7.35%),P:1e-12	Tpos:285.0,Tstd:412.6,Bpos:195.7,Bstd:130.2,StrandBias:0.1,Multiplicity:1.27
0.001	0.001	0.268	0.730
0.997	0.001	0.001	0.001
0.112	0.224	0.001	0.663
0.138	0.001	0.001	0.860
0.019	0.455	0.482	0.044
0.279	0.707	0.013	0.001
0.876	0.018	0.040	0.066
0.001	0.310	0.659	0.030
>CCTGTTTA	5-CCTGTTTA	9.474773	-26.662269	0	T:72.0(10.99%),B:2120.7(4.42%),P:1e-11	Tpos:251.5,Tstd:286.8,Bpos:195.1,Bstd:135.9,StrandBias:-0.9,Multiplicity:1.03
0.203	0.653	0.143	0.001
0.001	0.997	0.001	0.001
0.001	0.001	0.001	0.997
0.001	0.001	0.997	0.001
0.001	0.001	0.001	0.997
0.001	0.001	0.001	0.997
0.001	0.001	0.001	0.997
0.997	0.001	0.001	0.001
>ACGCATCG	6-ACGCATCG	7.186205	-26.573094	0	T:22.0(3.36%),B:230.6(0.48%),P:1e-11	Tpos:164.4,Tstd:122.5,Bpos:165.1,Bstd:129.5,StrandBias:1.1,Multiplicity:1.00
0.757	0.001	0.241	0.001
0.001	0.997	0.001	0.001
0.001	0.001	0.997	0.001
0.248	0.750	0.001	0.001
0.889	0.001	0.109	0.001
0.001	0.001	0.001	0.997
0.001	0.997	0.001	0.001
0.001	0.001	0.997	0.001
>AACAACAC	7-AACAACAC	9.075456	-25.650128	0	T:84.0(12.82%),B:2746.8(5.72%),P:1e-11	Tpos:283.4,Tstd:650.7,Bpos:193.7,Bstd:135.3,StrandBias:0.4,Multiplicity:1.01
0.615	0.001	0.383	0.001
0.997	0.001	0.001	0.001
0.001	0.997	0.001	0.001
0.600	0.001	0.398	0.001
0.997	0.001	0.001	0.001
0.001	0.997	0.001	0.001
0.589	0.409	0.001	0.001
0.001	0.997	0.001	0.001
>AAGATCGA	8-AAGATCGA	6.021570	-23.753648	0	T:183.0(27.94%),B:8463.8(17.62%),P:1e-10	Tpos:259.6,Tstd:454.2,Bpos:194.7,Bstd:135.2,StrandBias:0.3,Multiplicity:1.21
0.846	0.069	0.051	0.034
0.757	0.038	0.154	0.051
0.010	0.130	0.772	0.088
0.718	0.146	0.120	0.016
0.023	0.121	0.022	0.834
0.038	0.848	0.081	0.033
0.196	0.104	0.529	0.171
0.703	0.131	0.126	0.040
>CTATCCGA	9-CTATCCGA	6.738334	-23.551776	0	T:123.0(18.78%),B:4950.9(10.31%),P:1e-10	Tpos:211.4,Tstd:384.5,Bpos:195.6,Bstd:135.4,StrandBias:0.1,Multiplicity:1.16
0.001	0.930	0.001	0.068
0.059	0.001	0.001	0.939
0.949	0.001	0.001	0.049
0.098	0.001	0.001	0.900
0.037	0.898	0.030	0.035
0.253	0.684	0.001	0.062
0.001	0.001	0.753	0.245
0.958	0.001	0.019	0.022
>TGAATTTC	10-TGAATTTC	6.158691	-21.040606	0	T:332.0(50.69%),B:18699.4(38.94%),P:1e-9	Tpos:261.8,Tstd:459.8,Bpos:197.2,Bstd:129.0,StrandBias:-0.3,Multiplicity:1.59
0.001	0.001	0.159	0.839
0.001	0.001	0.936	0.062
0.782	0.186	0.031	0.001
0.799	0.001	0.029	0.171
0.059	0.001	0.022	0.918
0.048	0.001	0.001	0.950
0.001	0.027	0.001	0.971
0.073	0.799	0.127	0.001
>ATCTGTCG	11-ATCTGTCG	8.460241	-20.311279	0	T:115.0(17.56%),B:4763.2(9.92%),P:1e-8	Tpos:183.2,Tstd:145.2,Bpos:200.3,Bstd:130.4,StrandBias:-0.5,Multiplicity:1.10
0.994	0.004	0.001	0.001
0.001	0.009	0.001	0.989
0.053	0.936	0.001	0.010
0.020	0.001	0.001	0.978
0.001	0.045	0.953	0.001
0.031	0.001	0.001	0.967
0.168	0.678	0.001	0.153
0.001	0.299	0.568	0.132
>AATAATGG	12-AATAATGG	7.915946	-20.294592	0	T:87.0(13.28%),B:3228.4(6.72%),P:1e-8	Tpos:224.1,Tstd:396.7,Bpos:197.4,Bstd:127.3,StrandBias:0.3,Multiplicity:1.16
0.681	0.244	0.074	0.001
0.726	0.001	0.001	0.272
0.203	0.284	0.001	0.512
0.997	0.001	0.001	0.001
0.674	0.001	0.324	0.001
0.001	0.001	0.001	0.997
0.278	0.028	0.693	0.001
0.001	0.079	0.887	0.033
>AGTACTAC	13-AGTACTAC	9.358799	-20.186236	0	T:32.0(4.89%),B:664.2(1.38%),P:1e-8	Tpos:143.2,Tstd:90.3,Bpos:200.4,Bstd:127.3,StrandBias:0.6,Multiplicity:1.03
0.542	0.159	0.298	0.001
0.001	0.001	0.997	0.001
0.001	0.001	0.001	0.997
0.542	0.185	0.001	0.272
0.001	0.726	0.272	0.001
0.001	0.001	0.001	0.997
0.997	0.001	0.001	0.001
0.158	0.840	0.001	0.001
>CRAATGGA	14-CRAATGGA	2.915104	-19.692130	0	T:270.0(41.22%),B:14594.1(30.39%),P:1e-8	Tpos:291.6,Tstd:481.7,Bpos:196.6,Bstd:128.5,StrandBias:0.4,Multiplicity:1.35
0.001	0.997	0.001	0.001
0.451	0.001	0.497	0.051
0.997	0.001	0.001	0.001
0.997	0.001	0.001	0.001
0.020	0.001	0.066	0.913
0.001	0.146	0.852	0.001
0.001	0.001	0.997	0.001
0.692	0.306	0.001	0.001
>TTGTGTAG	15-TTGTGTAG	9.665617	-19.586536	0	T:61.0(9.31%),B:1951.5(4.06%),P:1e-8	Tpos:208.6,Tstd:172.2,Bpos:192.1,Bstd:122.5,StrandBias:-0.2,Multiplicity:1.00
0.001	0.001	0.001	0.997
0.001	0.001	0.001	0.997
0.001	0.162	0.836	0.001
0.001	0.001	0.001	0.997
0.001	0.001	0.997	0.001
0.001	0.001	0.001	0.997
0.997	0.001	0.001	0.001
0.293	0.001	0.705	0.001
>AGGAGTAG	16-AGGAGTAG	7.799048	-19.453286	0	T:53.0(8.09%),B:1579.4(3.29%),P:1e-8	Tpos:179.2,Tstd:119.5,Bpos:193.4,Bstd:131.4,StrandBias:0.3,Multiplicity:1.08
0.806	0.001	0.001	0.192
0.001	0.047	0.951	0.001
0.001	0.001	0.997	0.001
0.997	0.001	0.001	0.001
0.001	0.001	0.997	0.001
0.001	0.001	0.001	0.997
0.997	0.001	0.001	0.001
0.001	0.001	0.997	0.001
>CTGAAAAA	17-CTGAAAAA	6.352723	-19.435814	0	T:215.0(32.82%),B:10976.5(22.86%),P:1e-8	Tpos:315.7,Tstd:420.2,Bpos:193.4,Bstd:126.9,StrandBias:0.0,Multiplicity:1.65
0.001	0.577	0.421	0.001
0.001	0.065	0.001	0.933
0.001	0.001	0.997	0.001
0.704	0.001	0.294	0.001
0.997	0.001	0.001	0.001
0.804	0.001	0.194	0.001
0.997	0.001	0.001	0.001
0.997	0.001	0.001	0.001
>TCAACGAA	18-TCAACGAA	7.643442	-18.999902	0	T:146.0(22.29%),B:6700.3(13.95%),P:1e-8	Tpos:214.3,Tstd:344.4,Bpos:196.0,Bstd:139.0,StrandBias:0.4,Multiplicity:1.40
0.001	0.025	0.001	0.973
0.001	0.997	0.001	0.001
0.965	0.001	0.033	0.001
0.845	0.085	0.069	0.001
0.193	0.712	0.094	0.001
0.202	0.169	0.612	0.017
0.941	0.001	0.010	0.048
0.976	0.013	0.010	0.001
>AATTGCTC	19-AATTGCTC	9.056423	-18.323492	0	T:48.0(7.33%),B:1403.0(2.92%),P:1e-7	Tpos:303.5,Tstd:606.7,Bpos:196.0,Bstd:134.8,StrandBias:-0.1,Multiplicity:1.04
0.997	0.001	0.001	0.001
0.997	0.001	0.001	0.001
0.001	0.001	0.001	0.997
0.001	0.001	0.001	0.997
0.001	0.001	0.997	0.001
0.001	0.888	0.110	0.001
0.150	0.001	0.001	0.848
0.001	0.997	0.001	0.001
>GTGGAAAC	20-GTGGAAAC	5.894987	-15.366926	0	T:63.0(9.62%),B:2305.7(4.80%),P:1e-6	Tpos:202.1,Tstd:202.4,Bpos:196.7,Bstd:138.7,StrandBias:0.4,Multiplicity:1.03
0.001	0.001	0.997	0.001
0.001	0.019	0.001	0.979
0.001	0.001	0.997	0.001
0.001	0.001	0.997	0.001
0.997	0.001	0.001	0.001
0.997	0.001	0.001	0.001
0.701	0.001	0.001	0.297
0.001	0.997	0.001	0.001
>CATTCCTC	21-CATTCCTC	6.883760	-15.125560	0	T:70.0(10.69%),B:2692.1(5.61%),P:1e-6	Tpos:233.8,Tstd:269.6,Bpos:197.0,Bstd:128.0,StrandBias:-0.4,Multiplicity:1.07
0.001	0.997	0.001	0.001
0.997	0.001	0.001	0.001
0.001	0.001	0.001	0.997
0.001	0.001	0.001	0.997
0.001	0.997	0.001	0.001
0.001	0.632	0.001	0.366
0.001	0.001	0.024	0.974
0.001	0.997	0.001	0.001
>ATCGTCTC	22-ATCGTCTC	7.956706	-14.955417	0	T:48.0(7.33%),B:1573.0(3.28%),P:1e-6	Tpos:207.8,Tstd:125.6,Bpos:196.7,Bstd:134.7,StrandBias:-0.2,Multiplicity:1.04
0.990	0.001	0.001	0.008
0.001	0.001	0.001	0.997
0.231	0.764	0.004	0.001
0.001	0.001	0.952	0.046
0.001	0.298	0.046	0.655
0.267	0.499	0.001	0.232
0.030	0.001	0.204	0.765
0.015	0.910	0.074	0.001
>AGGAATAC	23-AGGAATAC	9.337717	-12.731394	0	T:43.0(6.56%),B:1455.1(3.03%),P:1e-5	Tpos:195.4,Tstd:298.1,Bpos:196.1,Bstd:128.5,StrandBias:1.6,Multiplicity:1.02
0.997	0.001	0.001	0.001
0.001	0.001	0.821	0.177
0.001	0.001	0.997	0.001
0.997	0.001	0.001	0.001
0.997	0.001	0.001	0.001
0.001	0.001	0.001	0.997
0.997	0.001	0.001	0.001
0.001	0.997	0.001	0.001
>TGTAGGAC	24-TGTAGGAC	8.236954	-12.271298	0	T:18.0(2.75%),B:366.3(0.76%),P:1e-5	Tpos:312.7,Tstd:299.2,Bpos:197.5,Bstd:118.7,StrandBias:0.4,Multiplicity:2.61
0.100	0.100	0.100	0.700
0.100	0.100	0.700	0.100
0.100	0.100	0.100	0.700
0.700	0.100	0.100	0.100
0.100	0.100	0.700	0.100
0.100	0.100	0.700	0.100
0.700	0.100	0.100	0.100
0.100	0.700	0.100	0.100
>TCCAATTT	25-TCCAATTT	6.797898	-11.697317	0	T:52.0(7.94%),B:1986.5(4.14%),P:1e-5	Tpos:222.4,Tstd:177.9,Bpos:192.7,Bstd:129.8,StrandBias:0.2,Multiplicity:1.10
0.001	0.001	0.001	0.997
0.001	0.997	0.001	0.001
0.001	0.997	0.001	0.001
0.983	0.001	0.015	0.001
0.997	0.001	0.001	0.001
0.001	0.001	0.001	0.997
0.001	0.001	0.001	0.997
0.001	0.001	0.070	0.928
