>TGAGTCAC	1-TGAGTCAC	9.167677	-1312.734497	0	T:5702.0(13.74%),B:2701.4(6.65%),P:1e-570	Tpos:453.2,Tstd:326.5,Bpos:379.0,Bstd:221.9,StrandBias:0.1,Multiplicity:1.14
0.001	0.001	0.001	0.997
0.001	0.001	0.963	0.035
0.997	0.001	0.001	0.001
0.001	0.249	0.749	0.001
0.001	0.001	0.001	0.997
0.001	0.997	0.001	0.001
0.997	0.001	0.001	0.001
0.001	0.619	0.139	0.241
>CCTBAGGC	2-CCTBAGGC	6.523496	-1278.675688	0	T:19749.0(47.58%),B:14408.9(35.49%),P:1e-555	Tpos:509.5,Tstd:363.4,Bpos:381.1,Bstd:228.5,StrandBias:0.0,Multiplicity:1.53
0.001	0.997	0.001	0.001
0.001	0.976	0.003	0.020
0.001	0.076	0.001	0.922
0.054	0.328	0.334	0.285
0.960	0.001	0.038	0.001
0.001	0.001	0.997	0.001
0.001	0.001	0.997	0.001
0.001	0.918	0.080	0.001
>TGAGTCAY	3-TGAGTCAY	7.521416	-1120.862803	0	T:9056.0(21.82%),B:5413.3(13.33%),P:1e-486	Tpos:448.1,Tstd:349.8,Bpos:374.9,Bstd:225.2,StrandBias:-0.0,Multiplicity:1.10
0.047	0.089	0.001	0.863
0.018	0.001	0.742	0.239
0.972	0.026	0.001	0.001
0.162	0.192	0.495	0.151
0.001	0.001	0.001	0.997
0.043	0.831	0.001	0.125
0.879	0.107	0.013	0.001
0.001	0.390	0.221	0.388
>AMATTCCD	4-AMATTCCD	6.974217	-541.020814	0	T:11845.0(28.54%),B:8803.8(21.68%),P:1e-234	Tpos:468.0,Tstd:378.6,Bpos:376.5,Bstd:231.5,StrandBias:-0.0,Multiplicity:1.30
0.604	0.105	0.224	0.067
0.444	0.525	0.024	0.007
0.844	0.122	0.001	0.033
0.029	0.046	0.009	0.916
0.001	0.015	0.027	0.957
0.020	0.897	0.074	0.009
0.055	0.905	0.039	0.001
0.273	0.078	0.325	0.325
>GCCCCGCC	5-GCCCCGCC	8.741450	-494.709737	0	T:10387.0(25.02%),B:7628.5(18.79%),P:1e-214	Tpos:595.9,Tstd:353.5,Bpos:356.9,Bstd:213.0,StrandBias:-0.0,Multiplicity:1.89
0.001	0.001	0.997	0.001
0.001	0.928	0.001	0.070
0.001	0.810	0.001	0.188
0.149	0.849	0.001	0.001
0.001	0.997	0.001	0.001
0.102	0.001	0.896	0.001
0.001	0.997	0.001	0.001
0.001	0.960	0.001	0.038
>GCGCGATT	6-GCGCGATT	5.167861	-311.701725	0	T:10145.0(24.44%),B:7907.1(19.48%),P:1e-135	Tpos:566.0,Tstd:400.6,Bpos:379.4,Bstd:240.4,StrandBias:-0.0,Multiplicity:1.37
0.075	0.073	0.776	0.076
0.087	0.769	0.058	0.086
0.043	0.095	0.793	0.069
0.056	0.674	0.140	0.130
0.068	0.058	0.771	0.103
0.642	0.096	0.146	0.116
0.109	0.082	0.042	0.767
0.067	0.071	0.055	0.807
>AGGGCGTT	7-AGGGCGTT	5.705425	-307.099296	0	T:14449.0(34.81%),B:11863.5(29.22%),P:1e-133	Tpos:543.6,Tstd:398.1,Bpos:380.5,Bstd:241.5,StrandBias:-0.0,Multiplicity:1.45
0.612	0.054	0.175	0.159
0.142	0.121	0.656	0.081
0.040	0.062	0.770	0.128
0.064	0.071	0.773	0.092
0.053	0.916	0.021	0.010
0.035	0.001	0.872	0.092
0.135	0.231	0.021	0.613
0.136	0.112	0.009	0.743
>GCCGGAAG	8-GCCGGAAG	6.969694	-278.411161	0	T:9890.0(23.83%),B:7784.0(19.17%),P:1e-120	Tpos:569.0,Tstd:371.3,Bpos:381.3,Bstd:227.0,StrandBias:0.0,Multiplicity:1.38
0.118	0.152	0.629	0.101
0.030	0.865	0.070	0.035
0.072	0.782	0.116	0.030
0.035	0.060	0.719	0.186
0.060	0.105	0.812	0.023
0.678	0.101	0.167	0.054
0.765	0.037	0.130	0.068
0.126	0.057	0.752	0.065
>CCTAGAGG	9-CCTAGAGG	6.864822	-258.092581	0	T:16930.0(40.79%),B:14388.5(35.44%),P:1e-112	Tpos:512.8,Tstd:385.5,Bpos:381.3,Bstd:227.9,StrandBias:0.0,Multiplicity:1.44
0.088	0.872	0.039	0.001
0.001	0.985	0.001	0.013
0.001	0.121	0.020	0.858
0.707	0.029	0.216	0.048
0.107	0.026	0.866	0.001
0.810	0.026	0.001	0.163
0.001	0.020	0.978	0.001
0.001	0.001	0.997	0.001
>ACCGGTTT	10-ACCGGTTT	5.598308	-230.125554	0	T:12801.0(30.84%),B:10624.7(26.17%),P:1e-99	Tpos:546.6,Tstd:409.1,Bpos:383.6,Bstd:245.1,StrandBias:0.0,Multiplicity:1.40
0.565	0.218	0.187	0.030
0.171	0.543	0.152	0.134
0.001	0.962	0.036	0.001
0.001	0.040	0.958	0.001
0.332	0.029	0.630	0.009
0.251	0.161	0.128	0.461
0.001	0.347	0.036	0.616
0.001	0.156	0.132	0.711
>GCGDVWVD	11-GCGDVWVD	5.320202	-205.943052	0	T:12042.0(29.01%),B:10019.4(24.68%),P:1e-89	Tpos:560.8,Tstd:390.7,Bpos:381.0,Bstd:238.7,StrandBias:-0.0,Multiplicity:1.43
0.215	0.122	0.662	0.001
0.001	0.997	0.001	0.001
0.001	0.001	0.997	0.001
0.253	0.159	0.357	0.231
0.256	0.363	0.240	0.141
0.567	0.001	0.001	0.431
0.346	0.205	0.256	0.193
0.371	0.001	0.246	0.382
>TMHCCGCH	12-TMHCCGCH	6.328452	-198.049137	0	T:14567.0(35.09%),B:12416.0(30.58%),P:1e-86	Tpos:576.0,Tstd:399.7,Bpos:381.3,Bstd:240.1,StrandBias:0.0,Multiplicity:1.78
0.250	0.073	0.200	0.476
0.451	0.453	0.001	0.095
0.389	0.357	0.001	0.253
0.001	0.778	0.057	0.164
0.001	0.997	0.001	0.001
0.001	0.001	0.901	0.097
0.001	0.938	0.060	0.001
0.305	0.325	0.046	0.324
>CGGAATCT	13-CGGAATCT	6.574794	-193.672684	0	T:6887.0(16.59%),B:5376.3(13.24%),P:1e-84	Tpos:515.8,Tstd:398.1,Bpos:373.8,Bstd:231.8,StrandBias:0.0,Multiplicity:1.15
0.170	0.660	0.001	0.169
0.001	0.001	0.997	0.001
0.011	0.030	0.958	0.001
0.938	0.001	0.047	0.014
0.847	0.001	0.078	0.074
0.083	0.040	0.001	0.876
0.030	0.968	0.001	0.001
0.068	0.089	0.012	0.831
>CCTGCTGG	14-CCTGCTGG	3.967623	-193.476770	0	T:12015.0(28.95%),B:10047.3(24.75%),P:1e-84	Tpos:514.1,Tstd:384.6,Bpos:385.8,Bstd:229.4,StrandBias:0.0,Multiplicity:1.28
0.001	0.997	0.001	0.001
0.001	0.921	0.077	0.001
0.001	0.001	0.001	0.997
0.109	0.001	0.889	0.001
0.001	0.997	0.001	0.001
0.277	0.001	0.001	0.721
0.001	0.001	0.997	0.001
0.001	0.001	0.997	0.001
>GCGTGKGR	15-GCGTGKGR	7.740685	-170.462194	0	T:6547.0(15.77%),B:5153.7(12.69%),P:1e-74	Tpos:540.0,Tstd:403.2,Bpos:382.4,Bstd:234.4,StrandBias:-0.0,Multiplicity:1.16
0.212	0.001	0.786	0.001
0.001	0.652	0.346	0.001
0.001	0.001	0.997	0.001
0.001	0.001	0.013	0.985
0.001	0.001	0.997	0.001
0.001	0.001	0.498	0.500
0.324	0.001	0.522	0.153
0.505	0.001	0.381	0.113
>RACGCTDW	16-RACGCTDW	5.927647	-160.478737	0	T:11971.0(28.84%),B:10156.6(25.02%),P:1e-69	Tpos:535.7,Tstd:412.1,Bpos:377.1,Bstd:246.2,StrandBias:-0.0,Multiplicity:1.34
0.477	0.001	0.366	0.156
0.997	0.001	0.001	0.001
0.001	0.997	0.001	0.001
0.001	0.001	0.997	0.001
0.001	0.619	0.001	0.379
0.254	0.001	0.261	0.484
0.266	0.120	0.268	0.346
0.402	0.032	0.152	0.413
>GGGTGKGG	17-GGGTGKGG	9.934001	-149.763412	0	T:11534.0(27.79%),B:9800.2(24.14%),P:1e-65	Tpos:524.2,Tstd:412.4,Bpos:374.6,Bstd:223.4,StrandBias:0.0,Multiplicity:1.48
0.001	0.001	0.997	0.001
0.001	0.001	0.997	0.001
0.001	0.001	0.997	0.001
0.001	0.001	0.214	0.784
0.001	0.001	0.997	0.001
0.001	0.001	0.446	0.552
0.001	0.024	0.974	0.001
0.001	0.001	0.935	0.063
>ACGAAASA	18-ACGAAASA	6.553033	-135.391183	0	T:7679.0(18.50%),B:6310.0(15.54%),P:1e-58	Tpos:526.8,Tstd:417.7,Bpos:375.0,Bstd:238.0,StrandBias:-0.1,Multiplicity:1.17
0.683	0.191	0.125	0.001
0.001	0.997	0.001	0.001
0.146	0.001	0.852	0.001
0.588	0.001	0.410	0.001
0.997	0.001	0.001	0.001
0.589	0.089	0.321	0.001
0.001	0.443	0.417	0.139
0.700	0.001	0.001	0.298
>ACTTCCTG	19-ACTTCCTG	8.393535	-130.263515	0	T:9364.0(22.56%),B:7880.0(19.41%),P:1e-56	Tpos:469.8,Tstd:368.2,Bpos:375.3,Bstd:224.7,StrandBias:-0.0,Multiplicity:1.20
0.880	0.001	0.118	0.001
0.001	0.917	0.081	0.001
0.001	0.001	0.001	0.997
0.001	0.001	0.001	0.997
0.001	0.997	0.001	0.001
0.001	0.997	0.001	0.001
0.001	0.061	0.001	0.937
0.164	0.001	0.673	0.162
>AAGAATGT	20-AAGAATGT	9.381095	-98.993039	0	T:2695.0(6.49%),B:2011.7(4.96%),P:1e-42	Tpos:446.7,Tstd:374.5,Bpos:377.1,Bstd:224.7,StrandBias:-0.0,Multiplicity:1.05
0.997	0.001	0.001	0.001
0.997	0.001	0.001	0.001
0.001	0.001	0.997	0.001
0.997	0.001	0.001	0.001
0.997	0.001	0.001	0.001
0.001	0.077	0.001	0.921
0.001	0.001	0.875	0.123
0.001	0.228	0.001	0.770
>ATAAGTGC	21-ATAAGTGC	8.236954	-95.700432	0	T:630.0(1.52%),B:341.2(0.84%),P:1e-41	Tpos:451.9,Tstd:387.0,Bpos:385.0,Bstd:226.0,StrandBias:-0.1,Multiplicity:1.01
0.700	0.100	0.100	0.100
0.100	0.100	0.100	0.700
0.700	0.100	0.100	0.100
0.700	0.100	0.100	0.100
0.100	0.100	0.700	0.100
0.100	0.100	0.100	0.700
0.100	0.100	0.700	0.100
0.100	0.700	0.100	0.100
>ATAGCGAA	22-ATAGCGAA	7.914217	-84.281563	0	T:1087.0(2.62%),B:707.7(1.74%),P:1e-36	Tpos:485.5,Tstd:383.2,Bpos:374.7,Bstd:232.2,StrandBias:-0.0,Multiplicity:1.05
0.945	0.053	0.001	0.001
0.001	0.001	0.001	0.997
0.997	0.001	0.001	0.001
0.001	0.001	0.997	0.001
0.001	0.997	0.001	0.001
0.001	0.001	0.802	0.196
0.997	0.001	0.001	0.001
0.997	0.001	0.001	0.001
>TTAGAAGC	23-TTAGAAGC	10.688062	-64.661965	0	T:1250.0(3.01%),B:882.1(2.17%),P:1e-28	Tpos:477.4,Tstd:362.2,Bpos:371.2,Bstd:237.7,StrandBias:-0.1,Multiplicity:1.05
0.001	0.001	0.001	0.997
0.001	0.001	0.001	0.997
0.997	0.001	0.001	0.001
0.001	0.001	0.997	0.001
0.997	0.001	0.001	0.001
0.997	0.001	0.001	0.001
0.001	0.315	0.683	0.001
0.001	0.997	0.001	0.001
>CTTAAAAG	24-CTTAAAAG	10.825976	-62.541209	0	T:1535.0(3.70%),B:1127.1(2.78%),P:1e-27	Tpos:439.8,Tstd:390.8,Bpos:369.8,Bstd:246.0,StrandBias:-0.1,Multiplicity:1.05
0.001	0.997	0.001	0.001
0.001	0.001	0.001	0.997
0.001	0.001	0.001	0.997
0.997	0.001	0.001	0.001
0.784	0.001	0.214	0.001
0.997	0.001	0.001	0.001
0.997	0.001	0.001	0.001
0.001	0.001	0.997	0.001
>ATTATTCA	25-ATTATTCA	8.236954	-54.239360	0	T:933.0(2.25%),B:645.1(1.59%),P:1e-23	Tpos:462.4,Tstd:378.3,Bpos:368.5,Bstd:232.8,StrandBias:-0.1,Multiplicity:1.01
0.700	0.100	0.100	0.100
0.100	0.100	0.100	0.700
0.100	0.100	0.100	0.700
0.700	0.100	0.100	0.100
0.100	0.100	0.100	0.700
0.100	0.100	0.100	0.700
0.100	0.700	0.100	0.100
0.700	0.100	0.100	0.100
