>TTTATGGC	1-TTTATGGC	8.427818	-1273.768981	0	T:2130.0(14.37%),B:1383.3(4.01%),P:1e-553	Tpos:444.5,Tstd:375.1,Bpos:270.0,Bstd:161.9,StrandBias:0.1,Multiplicity:1.13
0.130	0.102	0.001	0.767
0.001	0.001	0.129	0.869
0.001	0.001	0.001	0.997
0.901	0.001	0.001	0.097
0.097	0.132	0.001	0.770
0.132	0.001	0.536	0.331
0.390	0.001	0.608	0.001
0.001	0.752	0.001	0.246
>TGACTCAT	2-TGACTCAT	7.882903	-980.542584	0	T:2708.0(18.27%),B:2493.1(7.23%),P:1e-425	Tpos:383.8,Tstd:313.9,Bpos:266.6,Bstd:153.9,StrandBias:-0.0,Multiplicity:1.20
0.001	0.001	0.001	0.997
0.001	0.017	0.974	0.008
0.983	0.015	0.001	0.001
0.015	0.731	0.228	0.026
0.022	0.001	0.009	0.968
0.013	0.985	0.001	0.001
0.970	0.001	0.001	0.028
0.036	0.201	0.155	0.608
>AGGAATGT	3-AGGAATGT	7.184307	-685.836436	0	T:3770.0(25.44%),B:4811.1(13.95%),P:1e-297	Tpos:412.8,Tstd:338.1,Bpos:264.7,Bstd:161.3,StrandBias:0.0,Multiplicity:1.36
0.561	0.298	0.047	0.094
0.138	0.013	0.848	0.001
0.028	0.050	0.869	0.053
0.945	0.029	0.022	0.004
0.891	0.026	0.023	0.060
0.067	0.012	0.051	0.870
0.014	0.153	0.613	0.220
0.064	0.248	0.022	0.666
>RBYGTAAA	4-RBYGTAAA	5.475794	-621.968850	0	T:3713.0(25.05%),B:4867.7(14.11%),P:1e-270	Tpos:413.9,Tstd:355.9,Bpos:266.3,Bstd:166.5,StrandBias:0.0,Multiplicity:1.29
0.469	0.113	0.328	0.090
0.001	0.357	0.298	0.344
0.160	0.465	0.001	0.374
0.287	0.114	0.598	0.001
0.185	0.001	0.279	0.535
0.657	0.001	0.151	0.191
0.997	0.001	0.001	0.001
0.483	0.166	0.233	0.118
>ACATTCAG	5-ACATTCAG	8.236954	-376.021432	0	T:858.0(5.79%),B:677.3(1.96%),P:1e-163	Tpos:467.6,Tstd:366.1,Bpos:268.8,Bstd:156.1,StrandBias:0.1,Multiplicity:1.19
0.700	0.100	0.100	0.100
0.100	0.700	0.100	0.100
0.700	0.100	0.100	0.100
0.100	0.100	0.100	0.700
0.100	0.100	0.100	0.700
0.100	0.700	0.100	0.100
0.700	0.100	0.100	0.100
0.100	0.100	0.700	0.100
>CDTTAKTC	6-CDTTAKTC	6.951037	-312.345559	0	T:803.0(5.42%),B:682.8(1.98%),P:1e-135	Tpos:450.0,Tstd:384.8,Bpos:260.9,Bstd:160.5,StrandBias:-0.0,Multiplicity:1.14
0.084	0.763	0.038	0.115
0.336	0.184	0.254	0.226
0.243	0.032	0.001	0.724
0.164	0.001	0.297	0.538
0.621	0.007	0.371	0.001
0.001	0.044	0.551	0.404
0.061	0.001	0.142	0.796
0.172	0.799	0.028	0.001
>GAATTCHN	7-GAATTCHN	8.643997	-282.854263	0	T:2042.0(13.78%),B:2767.0(8.02%),P:1e-122	Tpos:416.5,Tstd:376.2,Bpos:265.7,Bstd:166.0,StrandBias:-0.0,Multiplicity:1.24
0.001	0.001	0.997	0.001
0.997	0.001	0.001	0.001
0.997	0.001	0.001	0.001
0.001	0.001	0.001	0.997
0.001	0.001	0.001	0.997
0.001	0.997	0.001	0.001
0.300	0.408	0.001	0.292
0.302	0.155	0.294	0.249
>TAGAGTAT	8-TAGAGTAT	8.236954	-261.547798	0	T:406.0(2.74%),B:239.0(0.69%),P:1e-113	Tpos:521.6,Tstd:409.9,Bpos:260.0,Bstd:155.1,StrandBias:-0.0,Multiplicity:1.02
0.100	0.100	0.100	0.700
0.700	0.100	0.100	0.100
0.100	0.100	0.700	0.100
0.700	0.100	0.100	0.100
0.100	0.100	0.700	0.100
0.100	0.100	0.100	0.700
0.700	0.100	0.100	0.100
0.100	0.100	0.100	0.700
>TTAGAAGC	9-TTAGAAGC	8.236954	-225.881788	0	T:652.0(4.40%),B:591.6(1.72%),P:1e-98	Tpos:476.8,Tstd:357.2,Bpos:256.7,Bstd:158.7,StrandBias:-0.0,Multiplicity:1.08
0.100	0.100	0.100	0.700
0.100	0.100	0.100	0.700
0.700	0.100	0.100	0.100
0.100	0.100	0.700	0.100
0.700	0.100	0.100	0.100
0.700	0.100	0.100	0.100
0.100	0.100	0.700	0.100
0.100	0.700	0.100	0.100
>ATAAGTGC	10-ATAAGTGC	8.236954	-217.438067	0	T:400.0(2.70%),B:270.8(0.79%),P:1e-94	Tpos:453.0,Tstd:439.8,Bpos:265.2,Bstd:157.8,StrandBias:-0.0,Multiplicity:1.01
0.700	0.100	0.100	0.100
0.100	0.100	0.100	0.700
0.700	0.100	0.100	0.100
0.700	0.100	0.100	0.100
0.100	0.100	0.700	0.100
0.100	0.100	0.100	0.700
0.100	0.100	0.700	0.100
0.100	0.700	0.100	0.100
>CGATTTGA	11-CGATTTGA	8.236954	-211.255754	0	T:222.0(1.50%),B:89.4(0.26%),P:1e-91	Tpos:442.4,Tstd:375.3,Bpos:297.5,Bstd:175.0,StrandBias:0.1,Multiplicity:1.00
0.100	0.700	0.100	0.100
0.100	0.100	0.700	0.100
0.700	0.100	0.100	0.100
0.100	0.100	0.100	0.700
0.100	0.100	0.100	0.700
0.100	0.100	0.100	0.700
0.100	0.100	0.700	0.100
0.700	0.100	0.100	0.100
>GTGTATGG	12-GTGTATGG	9.936162	-204.277624	0	T:738.0(4.98%),B:752.7(2.18%),P:1e-88	Tpos:455.2,Tstd:345.4,Bpos:266.5,Bstd:152.5,StrandBias:0.2,Multiplicity:1.26
0.179	0.001	0.819	0.001
0.001	0.001	0.001	0.997
0.392	0.001	0.606	0.001
0.001	0.001	0.001	0.997
0.997	0.001	0.001	0.001
0.001	0.001	0.001	0.997
0.001	0.001	0.997	0.001
0.001	0.001	0.997	0.001
>CGTTCTAS	13-CGTTCTAS	7.956176	-196.123516	0	T:624.0(4.21%),B:596.4(1.73%),P:1e-85	Tpos:435.4,Tstd:344.0,Bpos:270.8,Bstd:170.0,StrandBias:-0.1,Multiplicity:1.28
0.001	0.796	0.001	0.202
0.001	0.001	0.997	0.001
0.280	0.001	0.001	0.718
0.001	0.001	0.001	0.997
0.156	0.842	0.001	0.001
0.001	0.207	0.107	0.685
0.997	0.001	0.001	0.001
0.203	0.441	0.355	0.001
>AGCCCTTG	14-AGCCCTTG	9.799922	-192.161077	0	T:1266.0(8.54%),B:1649.2(4.78%),P:1e-83	Tpos:443.5,Tstd:346.9,Bpos:271.8,Bstd:158.0,StrandBias:-0.0,Multiplicity:1.25
0.997	0.001	0.001	0.001
0.001	0.001	0.997	0.001
0.001	0.717	0.001	0.281
0.001	0.997	0.001	0.001
0.001	0.997	0.001	0.001
0.001	0.001	0.001	0.997
0.001	0.001	0.001	0.997
0.001	0.001	0.997	0.001
>TTATTGTC	15-TTATTGTC	8.046094	-190.391250	0	T:2079.0(14.03%),B:3150.9(9.14%),P:1e-82	Tpos:427.0,Tstd:364.2,Bpos:266.1,Bstd:162.9,StrandBias:-0.1,Multiplicity:1.17
0.001	0.320	0.177	0.502
0.001	0.001	0.001	0.997
0.997	0.001	0.001	0.001
0.001	0.001	0.001	0.997
0.001	0.001	0.001	0.997
0.001	0.001	0.997	0.001
0.001	0.001	0.001	0.997
0.274	0.558	0.001	0.167
>CATCCGGT	16-CATCCGGT	8.236954	-190.247901	0	T:237.0(1.60%),B:114.3(0.33%),P:1e-82	Tpos:514.8,Tstd:338.2,Bpos:252.2,Bstd:154.1,StrandBias:-0.1,Multiplicity:1.00
0.100	0.700	0.100	0.100
0.700	0.100	0.100	0.100
0.100	0.100	0.100	0.700
0.100	0.700	0.100	0.100
0.100	0.700	0.100	0.100
0.100	0.100	0.700	0.100
0.100	0.100	0.700	0.100
0.100	0.100	0.100	0.700
>TAATTACG	17-TAATTACG	8.388122	-190.138301	0	T:1134.0(7.65%),B:1426.3(4.14%),P:1e-82	Tpos:421.9,Tstd:381.9,Bpos:264.1,Bstd:167.4,StrandBias:0.0,Multiplicity:1.09
0.018	0.023	0.001	0.958
0.989	0.001	0.009	0.001
0.997	0.001	0.001	0.001
0.054	0.009	0.014	0.923
0.015	0.036	0.001	0.948
0.947	0.026	0.026	0.001
0.036	0.708	0.255	0.001
0.203	0.121	0.552	0.124
>AGCTGACC	18-AGCTGACC	9.187998	-185.800043	0	T:958.0(6.46%),B:1140.1(3.31%),P:1e-80	Tpos:467.8,Tstd:366.8,Bpos:269.1,Bstd:156.4,StrandBias:-0.2,Multiplicity:1.23
0.997	0.001	0.001	0.001
0.001	0.001	0.997	0.001
0.001	0.997	0.001	0.001
0.001	0.099	0.001	0.899
0.169	0.001	0.829	0.001
0.997	0.001	0.001	0.001
0.001	0.997	0.001	0.001
0.001	0.997	0.001	0.001
>HAAGTCAT	19-HAAGTCAT	7.750188	-183.030172	0	T:1890.0(12.75%),B:2819.5(8.17%),P:1e-79	Tpos:430.7,Tstd:371.5,Bpos:263.7,Bstd:161.6,StrandBias:-0.1,Multiplicity:1.18
0.338	0.316	0.001	0.345
0.574	0.104	0.227	0.095
0.974	0.001	0.001	0.024
0.001	0.001	0.997	0.001
0.001	0.001	0.001	0.997
0.065	0.749	0.185	0.001
0.787	0.001	0.108	0.104
0.075	0.320	0.001	0.604
>CCYCAGGC	20-CCYCAGGC	8.040222	-173.180086	0	T:4160.0(28.07%),B:7464.5(21.64%),P:1e-75	Tpos:386.8,Tstd:349.3,Bpos:264.2,Bstd:158.0,StrandBias:-0.1,Multiplicity:1.28
0.001	0.997	0.001	0.001
0.114	0.549	0.001	0.336
0.001	0.508	0.001	0.490
0.119	0.484	0.115	0.281
0.997	0.001	0.001	0.001
0.001	0.001	0.997	0.001
0.001	0.001	0.997	0.001
0.001	0.634	0.364	0.001
>ACGCTTTG	21-ACGCTTTG	8.236954	-164.654567	0	T:264.0(1.78%),B:160.0(0.46%),P:1e-71	Tpos:377.6,Tstd:333.3,Bpos:256.3,Bstd:177.3,StrandBias:-0.3,Multiplicity:1.00
0.700	0.100	0.100	0.100
0.100	0.700	0.100	0.100
0.100	0.100	0.700	0.100
0.100	0.700	0.100	0.100
0.100	0.100	0.100	0.700
0.100	0.100	0.100	0.700
0.100	0.100	0.100	0.700
0.100	0.100	0.700	0.100
>YTATTCAG	22-YTATTCAG	7.940255	-149.611366	0	T:1383.0(9.33%),B:1994.2(5.78%),P:1e-64	Tpos:441.9,Tstd:369.6,Bpos:274.5,Bstd:162.6,StrandBias:-0.0,Multiplicity:1.15
0.001	0.486	0.001	0.512
0.061	0.001	0.001	0.937
0.816	0.001	0.001	0.182
0.152	0.083	0.001	0.764
0.254	0.001	0.259	0.487
0.334	0.664	0.001	0.001
0.852	0.001	0.146	0.001
0.001	0.001	0.997	0.001
>TTGTAACT	23-TTGTAACT	7.975242	-138.497676	0	T:1337.0(9.02%),B:1949.8(5.65%),P:1e-60	Tpos:443.5,Tstd:348.1,Bpos:260.6,Bstd:163.3,StrandBias:-0.0,Multiplicity:1.30
0.001	0.001	0.285	0.713
0.238	0.011	0.001	0.750
0.143	0.314	0.542	0.001
0.001	0.001	0.143	0.855
0.760	0.001	0.001	0.238
0.599	0.399	0.001	0.001
0.001	0.987	0.011	0.001
0.001	0.001	0.001	0.997
>CGTCGAGA	24-CGTCGAGA	8.236954	-109.860714	0	T:118.0(0.80%),B:49.4(0.14%),P:1e-47	Tpos:330.5,Tstd:350.5,Bpos:254.0,Bstd:197.7,StrandBias:-0.2,Multiplicity:1.00
0.100	0.700	0.100	0.100
0.100	0.100	0.700	0.100
0.100	0.100	0.100	0.700
0.100	0.700	0.100	0.100
0.100	0.100	0.700	0.100
0.700	0.100	0.100	0.100
0.100	0.100	0.700	0.100
0.700	0.100	0.100	0.100
>AGGTYTRA	25-AGGTYTRA	8.160051	-105.701227	0	T:2402.0(16.21%),B:4207.7(12.20%),P:1e-45	Tpos:415.9,Tstd:361.1,Bpos:268.1,Bstd:163.9,StrandBias:0.0,Multiplicity:1.20
0.997	0.001	0.001	0.001
0.422	0.001	0.576	0.001
0.001	0.001	0.997	0.001
0.132	0.001	0.001	0.866
0.001	0.449	0.237	0.313
0.001	0.001	0.001	0.997
0.438	0.102	0.457	0.003
0.997	0.001	0.001	0.001
