>CCGATTAG	1-CCGATTAG	4.814047	-20.446108	0	T:73.0(55.30%),B:14682.0(29.99%),P:1e-8	Tpos:607.1,Tstd:917.3,Bpos:274.0,Bstd:174.0,StrandBias:0.1,Multiplicity:1.55
0.016	0.796	0.115	0.073
0.053	0.737	0.154	0.056
0.067	0.042	0.843	0.048
0.660	0.030	0.174	0.136
0.078	0.057	0.108	0.757
0.029	0.061	0.062	0.848
0.688	0.120	0.081	0.111
0.156	0.100	0.688	0.056
>AGCTGTTA	2-AGCTGTTA	8.665847	-13.173766	0	T:18.0(13.64%),B:1802.1(3.68%),P:1e-5	Tpos:461.4,Tstd:539.3,Bpos:277.4,Bstd:165.5,StrandBias:0.0,Multiplicity:1.11
0.997	0.001	0.001	0.001
0.001	0.001	0.997	0.001
0.001	0.997	0.001	0.001
0.001	0.111	0.001	0.887
0.001	0.001	0.997	0.001
0.001	0.001	0.001	0.997
0.186	0.001	0.001	0.812
0.997	0.001	0.001	0.001
>AATTATTA	3-AATTATTA	9.359173	-10.260695	0	T:17.0(12.88%),B:2026.7(4.14%),P:1e-4	Tpos:868.3,Tstd:1134.1,Bpos:271.7,Bstd:173.9,StrandBias:0.4,Multiplicity:1.35
0.841	0.001	0.001	0.157
0.908	0.056	0.001	0.035
0.001	0.001	0.001	0.997
0.262	0.001	0.007	0.730
0.997	0.001	0.001	0.001
0.001	0.025	0.091	0.883
0.001	0.001	0.001	0.997
0.635	0.001	0.363	0.001
>TATGGCGA	4-TATGGCGA	8.236954	-10.207590	0	T:5.0(3.79%),B:135.9(0.28%),P:1e-4	Tpos:406.1,Tstd:545.7,Bpos:267.1,Bstd:189.8,StrandBias:1.3,Multiplicity:4.20
0.100	0.100	0.100	0.700
0.700	0.100	0.100	0.100
0.100	0.100	0.100	0.700
0.100	0.100	0.700	0.100
0.100	0.100	0.700	0.100
0.100	0.700	0.100	0.100
0.100	0.100	0.700	0.100
0.700	0.100	0.100	0.100
>CTACTATG	5-CTACTATG	7.126509	-8.971203	0	T:26.0(19.70%),B:4434.3(9.06%),P:1e-3	Tpos:680.0,Tstd:1091.3,Bpos:274.5,Bstd:163.8,StrandBias:-0.1,Multiplicity:1.42
0.381	0.548	0.001	0.070
0.022	0.027	0.001	0.950
0.973	0.001	0.001	0.025
0.020	0.942	0.022	0.016
0.001	0.146	0.050	0.803
0.921	0.001	0.077	0.001
0.019	0.001	0.024	0.956
0.001	0.076	0.904	0.019
>TTAGGCCT	6-TTAGGCCT	7.321042	-7.964532	0	T:28.0(21.21%),B:5270.1(10.77%),P:1e-3	Tpos:846.3,Tstd:1145.5,Bpos:276.3,Bstd:170.7,StrandBias:-0.7,Multiplicity:1.70
0.001	0.225	0.068	0.706
0.056	0.001	0.062	0.881
0.965	0.033	0.001	0.001
0.001	0.001	0.975	0.023
0.001	0.045	0.953	0.001
0.001	0.696	0.302	0.001
0.024	0.867	0.001	0.108
0.001	0.024	0.001	0.974
>CACTGTTW	7-CACTGTTW	8.299258	-6.266595	0	T:21.0(15.91%),B:3916.3(8.00%),P:1e-2	Tpos:271.6,Tstd:304.2,Bpos:271.3,Bstd:160.4,StrandBias:0.5,Multiplicity:1.48
0.001	0.997	0.001	0.001
0.834	0.001	0.164	0.001
0.001	0.804	0.194	0.001
0.001	0.072	0.001	0.926
0.001	0.001	0.997	0.001
0.001	0.001	0.001	0.997
0.061	0.001	0.001	0.937
0.416	0.142	0.001	0.441
>TGTAGGAC	8-TGTAGGAC	10.967290	-5.702045	0	T:6.0(4.55%),B:531.6(1.09%),P:1e-2	Tpos:312.8,Tstd:211.3,Bpos:273.6,Bstd:160.8,StrandBias:2.1,Multiplicity:2.67
0.001	0.001	0.001	0.997
0.001	0.001	0.903	0.095
0.001	0.001	0.001	0.997
0.997	0.001	0.001	0.001
0.001	0.001	0.997	0.001
0.001	0.001	0.997	0.001
0.997	0.001	0.001	0.001
0.001	0.997	0.001	0.001
>ACTGAAAA	9-ACTGAAAA	6.416896	-4.597995	0	T:26.0(19.70%),B:6020.3(12.30%),P:1e-1	Tpos:353.3,Tstd:227.0,Bpos:272.2,Bstd:167.9,StrandBias:0.3,Multiplicity:2.19
0.847	0.151	0.001	0.001
0.001	0.929	0.069	0.001
0.001	0.001	0.001	0.997
0.001	0.001	0.997	0.001
0.910	0.001	0.001	0.088
0.997	0.001	0.001	0.001
0.997	0.001	0.001	0.001
0.997	0.001	0.001	0.001
>GTTTGGTT	10-GTTTGGTT	7.933822	-4.486159	0	T:22.0(16.67%),B:4875.7(9.96%),P:1e-1	Tpos:635.1,Tstd:957.3,Bpos:277.3,Bstd:167.6,StrandBias:-0.8,Multiplicity:2.05
0.001	0.001	0.997	0.001
0.001	0.001	0.038	0.960
0.139	0.043	0.001	0.817
0.106	0.001	0.314	0.579
0.037	0.177	0.785	0.001
0.001	0.001	0.997	0.001
0.045	0.001	0.001	0.953
0.001	0.001	0.257	0.741
>AAAATGAG	11-AAAATGAG	8.260407	-3.377710	0	T:10.0(7.58%),B:1906.6(3.89%),P:1e-1	Tpos:301.2,Tstd:223.5,Bpos:272.8,Bstd:168.4,StrandBias:1.3,Multiplicity:3.50
0.955	0.021	0.001	0.023
0.849	0.021	0.024	0.106
0.730	0.047	0.001	0.222
0.763	0.235	0.001	0.001
0.085	0.353	0.001	0.561
0.052	0.075	0.810	0.063
0.599	0.089	0.001	0.311
0.235	0.001	0.763	0.001
