>GCGAATTA	1-GCGAATTA	6.877405	-128.368562	0	T:1438.0(9.61%),B:2150.5(6.25%),P:1e-55	Tpos:1552.4,Tstd:2656.5,Bpos:410.3,Bstd:267.0,StrandBias:0.0,Multiplicity:1.08
0.104	0.066	0.785	0.045
0.103	0.698	0.137	0.062
0.227	0.119	0.497	0.157
0.738	0.001	0.142	0.119
0.730	0.042	0.030	0.198
0.008	0.037	0.024	0.931
0.107	0.015	0.125	0.753
0.867	0.045	0.022	0.066
>GCTAATTR	2-GCTAATTR	6.489643	-125.329881	0	T:3237.0(21.64%),B:5744.8(16.71%),P:1e-54	Tpos:1365.3,Tstd:2883.4,Bpos:393.7,Bstd:265.8,StrandBias:-0.0,Multiplicity:1.37
0.018	0.106	0.809	0.067
0.014	0.780	0.068	0.138
0.186	0.266	0.088	0.460
0.767	0.034	0.110	0.089
0.988	0.001	0.010	0.001
0.001	0.001	0.021	0.977
0.123	0.306	0.068	0.503
0.443	0.104	0.380	0.072
>TTAACACC	3-TTAACACC	6.754050	-113.204025	0	T:1779.0(11.89%),B:2870.8(8.35%),P:1e-49	Tpos:1265.7,Tstd:2327.5,Bpos:406.0,Bstd:267.0,StrandBias:-0.0,Multiplicity:1.16
0.047	0.049	0.001	0.903
0.067	0.038	0.001	0.894
0.477	0.210	0.008	0.305
0.532	0.041	0.245	0.182
0.104	0.817	0.078	0.001
0.663	0.029	0.235	0.073
0.173	0.540	0.266	0.021
0.037	0.496	0.292	0.174
>ATTTACAT	4-ATTTACAT	8.238258	-106.330770	0	T:2469.0(16.50%),B:4286.9(12.47%),P:1e-46	Tpos:1470.8,Tstd:2994.9,Bpos:409.7,Bstd:275.0,StrandBias:0.0,Multiplicity:1.36
0.997	0.001	0.001	0.001
0.001	0.001	0.001	0.997
0.001	0.001	0.001	0.997
0.418	0.001	0.001	0.580
0.725	0.001	0.273	0.001
0.221	0.777	0.001	0.001
0.979	0.001	0.019	0.001
0.106	0.001	0.222	0.671
>VGATTMGC	5-VGATTMGC	4.928180	-90.741048	0	T:1047.0(7.00%),B:1572.8(4.57%),P:1e-39	Tpos:1214.1,Tstd:2301.2,Bpos:410.5,Bstd:272.9,StrandBias:-0.0,Multiplicity:1.09
0.268	0.215	0.358	0.159
0.171	0.186	0.603	0.040
0.512	0.206	0.043	0.239
0.179	0.094	0.083	0.644
0.164	0.097	0.069	0.670
0.369	0.311	0.181	0.138
0.249	0.191	0.447	0.112
0.100	0.481	0.197	0.222
>CGCGTTAA	6-CGCGTTAA	6.957707	-84.415445	0	T:1044.0(6.98%),B:1593.1(4.63%),P:1e-36	Tpos:1609.5,Tstd:3090.9,Bpos:416.2,Bstd:301.6,StrandBias:-0.1,Multiplicity:1.15
0.053	0.864	0.082	0.001
0.001	0.001	0.943	0.055
0.038	0.841	0.077	0.044
0.114	0.047	0.640	0.199
0.030	0.001	0.001	0.968
0.039	0.001	0.001	0.959
0.970	0.001	0.001	0.028
0.899	0.037	0.038	0.026
>CGCGTAAT	7-CGCGTAAT	6.058157	-76.403462	0	T:1387.0(9.27%),B:2293.1(6.67%),P:1e-33	Tpos:1597.6,Tstd:2819.2,Bpos:404.0,Bstd:286.6,StrandBias:-0.0,Multiplicity:1.20
0.091	0.719	0.063	0.127
0.039	0.051	0.886	0.024
0.031	0.836	0.117	0.016
0.093	0.169	0.544	0.194
0.136	0.109	0.163	0.592
0.874	0.001	0.050	0.075
0.811	0.057	0.066	0.066
0.173	0.036	0.039	0.752
>CGMHHAAW	8-CGMHHAAW	5.168882	-65.300234	0	T:2635.0(17.61%),B:4926.5(14.33%),P:1e-28	Tpos:1569.3,Tstd:2862.3,Bpos:411.0,Bstd:278.8,StrandBias:0.0,Multiplicity:1.28
0.001	0.942	0.036	0.021
0.068	0.051	0.880	0.001
0.294	0.424	0.135	0.147
0.269	0.313	0.126	0.291
0.243	0.297	0.128	0.332
0.567	0.067	0.092	0.274
0.618	0.001	0.309	0.072
0.346	0.001	0.234	0.419
>RCCAATCV	9-RCCAATCV	7.657345	-65.035544	0	T:2890.0(19.32%),B:5468.1(15.90%),P:1e-28	Tpos:1090.3,Tstd:2500.9,Bpos:390.8,Bstd:234.9,StrandBias:0.0,Multiplicity:1.24
0.460	0.002	0.529	0.009
0.001	0.932	0.001	0.066
0.001	0.843	0.084	0.072
0.922	0.001	0.076	0.001
0.997	0.001	0.001	0.001
0.001	0.027	0.001	0.971
0.001	0.742	0.256	0.001
0.340	0.306	0.353	0.001
>AGGGGSGK	10-AGGGGSGK	6.487089	-63.103574	0	T:2170.0(14.50%),B:3970.6(11.55%),P:1e-27	Tpos:1418.2,Tstd:2620.1,Bpos:406.3,Bstd:266.2,StrandBias:-0.1,Multiplicity:1.28
0.532	0.084	0.210	0.174
0.190	0.005	0.734	0.071
0.249	0.079	0.616	0.056
0.038	0.329	0.572	0.061
0.149	0.121	0.690	0.040
0.160	0.360	0.421	0.060
0.001	0.001	0.703	0.295
0.170	0.001	0.412	0.417
>CGGSNTTT	11-CGGSNTTT	6.162730	-60.504867	0	T:2721.0(18.19%),B:5150.4(14.98%),P:1e-26	Tpos:1445.7,Tstd:2688.5,Bpos:415.1,Bstd:282.5,StrandBias:0.0,Multiplicity:1.33
0.174	0.682	0.143	0.001
0.001	0.210	0.788	0.001
0.001	0.221	0.777	0.001
0.101	0.287	0.419	0.193
0.209	0.270	0.211	0.311
0.014	0.177	0.001	0.808
0.001	0.001	0.001	0.997
0.231	0.089	0.099	0.581
>CSGRAAWY	12-CSGRAAWY	6.025480	-59.044167	0	T:958.0(6.40%),B:1548.6(4.50%),P:1e-25	Tpos:1637.2,Tstd:2851.1,Bpos:424.3,Bstd:285.6,StrandBias:0.1,Multiplicity:1.14
0.153	0.487	0.203	0.157
0.001	0.566	0.432	0.001
0.001	0.001	0.997	0.001
0.473	0.181	0.345	0.001
0.816	0.001	0.033	0.150
0.645	0.001	0.353	0.001
0.338	0.102	0.205	0.355
0.190	0.260	0.165	0.385
>GAWTGCGY	13-GAWTGCGY	7.630784	-53.041095	0	T:1608.0(10.75%),B:2886.9(8.40%),P:1e-23	Tpos:1093.1,Tstd:2615.0,Bpos:398.4,Bstd:247.2,StrandBias:-0.0,Multiplicity:1.17
0.001	0.001	0.825	0.173
0.798	0.200	0.001	0.001
0.540	0.001	0.001	0.458
0.341	0.001	0.001	0.657
0.001	0.001	0.997	0.001
0.001	0.997	0.001	0.001
0.001	0.001	0.997	0.001
0.001	0.542	0.001	0.456
>CGCTAAGY	14-CGCTAAGY	5.832156	-49.088430	0	T:1888.0(12.62%),B:3497.5(10.17%),P:1e-21	Tpos:1316.3,Tstd:2779.3,Bpos:417.3,Bstd:278.1,StrandBias:-0.0,Multiplicity:1.18
0.150	0.686	0.045	0.119
0.006	0.175	0.743	0.076
0.055	0.917	0.011	0.017
0.212	0.115	0.021	0.652
0.600	0.099	0.091	0.210
0.515	0.113	0.266	0.106
0.142	0.005	0.571	0.282
0.139	0.371	0.196	0.295
>BWAATCCG	15-BWAATCCG	5.384769	-48.986340	0	T:1878.0(12.55%),B:3477.8(10.11%),P:1e-21	Tpos:1723.0,Tstd:3449.3,Bpos:415.2,Bstd:293.2,StrandBias:0.0,Multiplicity:1.29
0.135	0.367	0.223	0.275
0.440	0.102	0.147	0.311
0.875	0.047	0.005	0.073
0.639	0.015	0.059	0.287
0.239	0.132	0.134	0.494
0.108	0.535	0.250	0.107
0.050	0.632	0.231	0.087
0.005	0.141	0.668	0.186
>CCGGWTTS	16-CCGGWTTS	7.340727	-48.492854	0	T:1767.0(11.81%),B:3250.5(9.45%),P:1e-21	Tpos:1551.6,Tstd:2894.7,Bpos:419.2,Bstd:282.5,StrandBias:-0.0,Multiplicity:1.23
0.097	0.770	0.066	0.067
0.077	0.746	0.176	0.001
0.001	0.018	0.980	0.001
0.001	0.101	0.897	0.001
0.436	0.067	0.001	0.496
0.126	0.001	0.001	0.872
0.001	0.001	0.001	0.997
0.001	0.521	0.477	0.001
>TTAAGCCT	17-TTAAGCCT	8.224700	-43.645789	0	T:808.0(5.40%),B:1339.0(3.89%),P:1e-18	Tpos:1589.2,Tstd:4274.9,Bpos:417.6,Bstd:282.9,StrandBias:-0.2,Multiplicity:1.10
0.001	0.136	0.001	0.862
0.131	0.001	0.001	0.867
0.804	0.081	0.064	0.051
0.975	0.001	0.023	0.001
0.001	0.104	0.747	0.148
0.033	0.833	0.048	0.086
0.056	0.920	0.001	0.023
0.084	0.056	0.003	0.857
>CGCTTTGA	18-CGCTTTGA	6.892854	-42.092437	0	T:1828.0(12.22%),B:3433.2(9.98%),P:1e-18	Tpos:1442.3,Tstd:2797.8,Bpos:415.2,Bstd:275.9,StrandBias:0.1,Multiplicity:1.19
0.119	0.744	0.076	0.061
0.032	0.123	0.786	0.059
0.030	0.850	0.081	0.039
0.046	0.060	0.046	0.848
0.059	0.069	0.110	0.762
0.117	0.042	0.091	0.750
0.132	0.168	0.629	0.071
0.634	0.095	0.088	0.183
>CCTGCTGT	19-CCTGCTGT	10.318389	-35.469324	0	T:1170.0(7.82%),B:2122.5(6.17%),P:1e-15	Tpos:1004.3,Tstd:2485.9,Bpos:426.3,Bstd:255.0,StrandBias:-0.1,Multiplicity:1.07
0.001	0.997	0.001	0.001
0.001	0.997	0.001	0.001
0.001	0.083	0.001	0.915
0.001	0.001	0.997	0.001
0.001	0.997	0.001	0.001
0.001	0.001	0.089	0.909
0.001	0.001	0.997	0.001
0.261	0.001	0.174	0.564
>GGGTGGGG	20-GGGTGGGG	10.291444	-34.813164	0	T:3918.0(26.19%),B:8042.8(23.39%),P:1e-15	Tpos:1357.6,Tstd:2467.1,Bpos:411.6,Bstd:264.6,StrandBias:-0.0,Multiplicity:1.82
0.065	0.001	0.933	0.001
0.001	0.001	0.997	0.001
0.001	0.001	0.965	0.033
0.001	0.254	0.173	0.572
0.001	0.001	0.997	0.001
0.001	0.001	0.997	0.001
0.114	0.001	0.884	0.001
0.001	0.001	0.997	0.001
>CCGCCCTT	21-CCGCCCTT	9.606881	-34.308726	0	T:3095.0(20.69%),B:6240.7(18.15%),P:1e-14	Tpos:985.4,Tstd:2001.6,Bpos:399.4,Bstd:252.6,StrandBias:-0.0,Multiplicity:1.38
0.001	0.997	0.001	0.001
0.001	0.997	0.001	0.001
0.001	0.001	0.997	0.001
0.001	0.997	0.001	0.001
0.001	0.997	0.001	0.001
0.001	0.604	0.001	0.394
0.001	0.410	0.001	0.588
0.004	0.001	0.001	0.994
>CCCGCCTA	22-CCCGCCTA	7.864572	-31.750779	0	T:618.0(4.13%),B:1035.0(3.01%),P:1e-13	Tpos:1059.0,Tstd:2524.5,Bpos:410.6,Bstd:257.1,StrandBias:0.1,Multiplicity:1.07
0.062	0.597	0.092	0.249
0.118	0.725	0.089	0.068
0.044	0.794	0.137	0.025
0.099	0.126	0.643	0.132
0.071	0.840	0.044	0.045
0.075	0.838	0.034	0.053
0.058	0.125	0.035	0.782
0.783	0.168	0.007	0.042
>CGCCCHHW	23-CGCCCHHW	7.535552	-30.374874	0	T:3789.0(25.33%),B:7823.4(22.75%),P:1e-13	Tpos:990.9,Tstd:1978.5,Bpos:399.5,Bstd:253.0,StrandBias:0.0,Multiplicity:1.45
0.001	0.997	0.001	0.001
0.001	0.021	0.977	0.001
0.022	0.901	0.001	0.076
0.082	0.765	0.014	0.139
0.052	0.761	0.001	0.186
0.352	0.298	0.018	0.332
0.326	0.377	0.001	0.296
0.428	0.034	0.001	0.537
>CKTTTGTC	24-CKTTTGTC	8.692028	-20.199415	0	T:1581.0(10.57%),B:3143.8(9.14%),P:1e-8	Tpos:1422.7,Tstd:2713.2,Bpos:422.6,Bstd:274.2,StrandBias:0.1,Multiplicity:1.19
0.001	0.997	0.001	0.001
0.001	0.231	0.430	0.338
0.048	0.001	0.243	0.708
0.001	0.001	0.001	0.997
0.001	0.001	0.001	0.997
0.001	0.001	0.997	0.001
0.001	0.001	0.001	0.997
0.001	0.695	0.001	0.303
>AAAAAAAA	25-AAAAAAAA	8.236954	-0.000011	0	T:2794.0(18.68%),B:6893.0(20.05%),P:1e0	Tpos:2014.4,Tstd:4246.6,Bpos:402.3,Bstd:307.8,StrandBias:-0.0,Multiplicity:1.70
0.700	0.100	0.100	0.100
0.700	0.100	0.100	0.100
0.700	0.100	0.100	0.100
0.700	0.100	0.100	0.100
0.700	0.100	0.100	0.100
0.700	0.100	0.100	0.100
0.700	0.100	0.100	0.100
0.700	0.100	0.100	0.100
