>CCTNAGGC	1-CCTNAGGC	7.408052	-223.029547	0	T:2742.0(27.03%),B:7285.5(18.53%),P:1e-96	Tpos:314.3,Tstd:232.9,Bpos:238.8,Bstd:143.3,StrandBias:0.0,Multiplicity:1.28
0.074	0.861	0.046	0.019
0.033	0.786	0.053	0.128
0.009	0.261	0.087	0.643
0.160	0.270	0.280	0.290
0.760	0.060	0.179	0.001
0.040	0.027	0.921	0.012
0.007	0.022	0.905	0.066
0.002	0.833	0.138	0.027
>ATTAAAGG	2-ATTAAAGG	8.394961	-87.232753	0	T:1068.0(10.53%),B:2758.1(7.02%),P:1e-37	Tpos:287.8,Tstd:217.4,Bpos:235.3,Bstd:152.4,StrandBias:0.0,Multiplicity:1.13
0.997	0.001	0.001	0.001
0.001	0.001	0.001	0.997
0.001	0.001	0.001	0.997
0.997	0.001	0.001	0.001
0.997	0.001	0.001	0.001
0.661	0.001	0.337	0.001
0.001	0.001	0.894	0.104
0.001	0.001	0.997	0.001
>GCCTGGAA	3-GCCTGGAA	7.163801	-85.871686	0	T:2891.0(28.49%),B:9038.0(22.99%),P:1e-37	Tpos:281.5,Tstd:229.5,Bpos:236.0,Bstd:145.8,StrandBias:0.0,Multiplicity:1.27
0.001	0.001	0.755	0.243
0.001	0.922	0.025	0.052
0.001	0.976	0.001	0.022
0.001	0.001	0.001	0.997
0.022	0.001	0.675	0.302
0.001	0.001	0.977	0.021
0.937	0.001	0.040	0.022
0.835	0.001	0.092	0.072
>TTTCGAGA	4-TTTCGAGA	7.703993	-85.231579	0	T:399.0(3.93%),B:762.5(1.94%),P:1e-37	Tpos:270.1,Tstd:248.8,Bpos:241.5,Bstd:164.4,StrandBias:0.1,Multiplicity:1.02
0.001	0.001	0.001	0.997
0.037	0.001	0.001	0.961
0.001	0.001	0.001	0.997
0.001	0.997	0.001	0.001
0.001	0.001	0.997	0.001
0.997	0.001	0.001	0.001
0.067	0.001	0.931	0.001
0.997	0.001	0.001	0.001
>CGGGTTTY	5-CGGGTTTY	4.355305	-70.909913	0	T:4889.0(48.19%),B:16687.9(42.45%),P:1e-30	Tpos:291.3,Tstd:256.8,Bpos:236.4,Bstd:151.5,StrandBias:0.0,Multiplicity:1.50
0.144	0.764	0.073	0.019
0.113	0.203	0.564	0.120
0.231	0.154	0.516	0.099
0.294	0.093	0.509	0.104
0.144	0.253	0.171	0.432
0.098	0.174	0.092	0.636
0.131	0.156	0.093	0.620
0.163	0.332	0.093	0.411
>GCGGATCT	6-GCGGATCT	7.052570	-66.842561	0	T:1388.0(13.68%),B:3986.4(10.14%),P:1e-29	Tpos:281.3,Tstd:221.9,Bpos:234.1,Bstd:145.6,StrandBias:0.0,Multiplicity:1.10
0.176	0.016	0.807	0.001
0.031	0.882	0.001	0.086
0.159	0.041	0.799	0.001
0.046	0.001	0.952	0.001
0.938	0.001	0.001	0.060
0.027	0.061	0.086	0.826
0.001	0.914	0.084	0.001
0.001	0.001	0.046	0.952
>CCGAAGGC	7-CCGAAGGC	7.132519	-66.192347	0	T:2028.0(19.99%),B:6207.1(15.79%),P:1e-28	Tpos:295.4,Tstd:224.8,Bpos:237.9,Bstd:146.8,StrandBias:-0.0,Multiplicity:1.19
0.113	0.799	0.009	0.079
0.001	0.877	0.001	0.121
0.001	0.119	0.879	0.001
0.699	0.283	0.010	0.008
0.997	0.001	0.001	0.001
0.001	0.084	0.914	0.001
0.066	0.001	0.839	0.094
0.118	0.587	0.294	0.001
>ASATTCCT	8-ASATTCCT	6.122757	-62.669281	0	T:1148.0(11.31%),B:3219.2(8.19%),P:1e-27	Tpos:289.6,Tstd:234.3,Bpos:232.8,Bstd:140.0,StrandBias:0.1,Multiplicity:1.12
0.555	0.095	0.349	0.001
0.001	0.563	0.435	0.001
0.593	0.001	0.251	0.155
0.262	0.180	0.034	0.524
0.001	0.001	0.184	0.814
0.115	0.683	0.201	0.001
0.029	0.494	0.179	0.298
0.282	0.001	0.261	0.455
>CCCTAGRG	9-CCCTAGRG	7.378389	-61.174605	0	T:1611.0(15.88%),B:4810.7(12.24%),P:1e-26	Tpos:308.5,Tstd:242.1,Bpos:233.3,Bstd:141.5,StrandBias:0.1,Multiplicity:1.11
0.001	0.820	0.178	0.001
0.003	0.650	0.047	0.300
0.114	0.797	0.088	0.001
0.001	0.001	0.007	0.991
0.746	0.001	0.252	0.001
0.001	0.001	0.997	0.001
0.411	0.135	0.452	0.001
0.001	0.306	0.511	0.182
>ACAAACAA	10-ACAAACAA	10.636609	-58.136184	0	T:808.0(7.96%),B:2141.2(5.45%),P:1e-25	Tpos:286.3,Tstd:247.5,Bpos:232.0,Bstd:165.4,StrandBias:0.1,Multiplicity:2.10
0.997	0.001	0.001	0.001
0.263	0.735	0.001	0.001
0.997	0.001	0.001	0.001
0.997	0.001	0.001	0.001
0.997	0.001	0.001	0.001
0.118	0.880	0.001	0.001
0.997	0.001	0.001	0.001
0.997	0.001	0.001	0.001
>CAAGGTCA	11-CAAGGTCA	7.858292	-57.120310	0	T:965.0(9.51%),B:2662.7(6.77%),P:1e-24	Tpos:295.6,Tstd:227.5,Bpos:236.1,Bstd:141.6,StrandBias:0.1,Multiplicity:1.07
0.001	0.997	0.001	0.001
0.861	0.001	0.137	0.001
0.997	0.001	0.001	0.001
0.001	0.001	0.997	0.001
0.001	0.001	0.997	0.001
0.235	0.001	0.001	0.763
0.001	0.997	0.001	0.001
0.937	0.001	0.061	0.001
>GSCTTAGT	12-GSCTTAGT	7.256072	-56.862036	0	T:1365.0(13.45%),B:4011.4(10.20%),P:1e-24	Tpos:293.5,Tstd:263.7,Bpos:232.1,Bstd:145.3,StrandBias:-0.0,Multiplicity:1.11
0.001	0.110	0.888	0.001
0.001	0.439	0.559	0.001
0.001	0.997	0.001	0.001
0.001	0.001	0.294	0.704
0.001	0.001	0.063	0.935
0.758	0.001	0.240	0.001
0.264	0.001	0.734	0.001
0.096	0.001	0.001	0.902
>AAACAAAA	13-AAACAAAA	9.076110	-54.272244	0	T:1619.0(15.96%),B:4919.4(12.51%),P:1e-23	Tpos:287.6,Tstd:283.6,Bpos:236.3,Bstd:163.8,StrandBias:0.1,Multiplicity:1.74
0.997	0.001	0.001	0.001
0.997	0.001	0.001	0.001
0.827	0.171	0.001	0.001
0.001	0.997	0.001	0.001
0.883	0.115	0.001	0.001
0.997	0.001	0.001	0.001
0.897	0.101	0.001	0.001
0.997	0.001	0.001	0.001
>AGGGCTAG	14-AGGGCTAG	7.048457	-50.298209	0	T:2494.0(24.58%),B:8095.3(20.59%),P:1e-21	Tpos:284.8,Tstd:243.2,Bpos:235.0,Bstd:142.6,StrandBias:0.0,Multiplicity:1.19
0.947	0.051	0.001	0.001
0.001	0.017	0.963	0.019
0.024	0.018	0.895	0.063
0.001	0.032	0.931	0.036
0.001	0.997	0.001	0.001
0.057	0.071	0.001	0.871
0.897	0.022	0.080	0.001
0.001	0.293	0.551	0.155
>CGGGAAGT	15-CGGGAAGT	7.390643	-45.331183	0	T:1694.0(16.70%),B:5299.9(13.48%),P:1e-19	Tpos:288.4,Tstd:229.7,Bpos:237.6,Bstd:147.1,StrandBias:0.1,Multiplicity:1.12
0.126	0.724	0.046	0.104
0.044	0.001	0.926	0.029
0.001	0.001	0.997	0.001
0.001	0.001	0.997	0.001
0.905	0.001	0.093	0.001
0.875	0.001	0.123	0.001
0.043	0.077	0.808	0.072
0.108	0.058	0.001	0.833
>TTCACCGC	16-TTCACCGC	5.108933	-45.285597	0	T:4091.0(40.32%),B:14115.3(35.91%),P:1e-19	Tpos:299.6,Tstd:269.7,Bpos:237.6,Bstd:147.4,StrandBias:-0.0,Multiplicity:1.34
0.122	0.070	0.051	0.757
0.085	0.058	0.094	0.763
0.117	0.698	0.051	0.134
0.719	0.139	0.068	0.074
0.125	0.763	0.069	0.043
0.124	0.794	0.067	0.015
0.019	0.029	0.849	0.103
0.166	0.662	0.092	0.080
>GCCTTAAG	17-GCCTTAAG	6.895512	-37.020575	0	T:1714.0(16.89%),B:5493.9(13.98%),P:1e-16	Tpos:290.6,Tstd:231.0,Bpos:234.8,Bstd:142.3,StrandBias:0.0,Multiplicity:1.13
0.033	0.001	0.965	0.001
0.053	0.889	0.057	0.001
0.001	0.859	0.095	0.045
0.001	0.001	0.001	0.997
0.108	0.261	0.055	0.576
0.868	0.001	0.050	0.081
0.977	0.021	0.001	0.001
0.045	0.042	0.912	0.001
>CTCAACCT	18-CTCAACCT	6.550843	-35.057145	0	T:1667.0(16.43%),B:5356.9(13.63%),P:1e-15	Tpos:292.9,Tstd:323.3,Bpos:235.5,Bstd:143.1,StrandBias:-0.1,Multiplicity:1.16
0.001	0.973	0.025	0.001
0.001	0.001	0.001	0.997
0.001	0.949	0.049	0.001
0.765	0.001	0.233	0.001
0.997	0.001	0.001	0.001
0.001	0.757	0.001	0.241
0.001	0.731	0.001	0.267
0.001	0.205	0.018	0.776
>GCCTGGTC	19-GCCTGGTC	7.907463	-29.880520	0	T:1619.0(15.96%),B:5270.2(13.41%),P:1e-12	Tpos:285.2,Tstd:248.9,Bpos:238.1,Bstd:147.6,StrandBias:0.1,Multiplicity:1.09
0.104	0.001	0.894	0.001
0.001	0.997	0.001	0.001
0.109	0.889	0.001	0.001
0.129	0.001	0.001	0.869
0.001	0.069	0.929	0.001
0.001	0.001	0.997	0.001
0.001	0.001	0.001	0.997
0.120	0.878	0.001	0.001
>TATGTCAA	20-TATGTCAA	7.623251	-23.683272	0	T:323.0(3.18%),B:857.6(2.18%),P:1e-10	Tpos:249.3,Tstd:227.4,Bpos:224.4,Bstd:138.8,StrandBias:0.2,Multiplicity:1.02
0.001	0.001	0.001	0.997
0.775	0.001	0.001	0.223
0.001	0.001	0.001	0.997
0.001	0.001	0.997	0.001
0.001	0.001	0.001	0.997
0.001	0.997	0.001	0.001
0.957	0.001	0.041	0.001
0.997	0.001	0.001	0.001
>CTGTATAA	21-CTGTATAA	8.236954	-20.342563	0	T:153.0(1.51%),B:352.8(0.90%),P:1e-8	Tpos:249.1,Tstd:193.3,Bpos:223.3,Bstd:138.5,StrandBias:0.0,Multiplicity:1.01
0.100	0.700	0.100	0.100
0.100	0.100	0.100	0.700
0.100	0.100	0.700	0.100
0.100	0.100	0.100	0.700
0.700	0.100	0.100	0.100
0.100	0.100	0.100	0.700
0.700	0.100	0.100	0.100
0.700	0.100	0.100	0.100
>CGAATGCT	22-CGAATGCT	8.236954	-19.069136	0	T:77.0(0.76%),B:143.6(0.37%),P:1e-8	Tpos:274.7,Tstd:284.0,Bpos:239.4,Bstd:151.6,StrandBias:0.4,Multiplicity:1.00
0.100	0.700	0.100	0.100
0.100	0.100	0.700	0.100
0.700	0.100	0.100	0.100
0.700	0.100	0.100	0.100
0.100	0.100	0.100	0.700
0.100	0.100	0.700	0.100
0.100	0.700	0.100	0.100
0.100	0.100	0.100	0.700
>TTACATTC	23-TTACATTC	9.752554	-18.473690	0	T:267.0(2.63%),B:720.2(1.83%),P:1e-8	Tpos:245.4,Tstd:213.6,Bpos:245.3,Bstd:139.4,StrandBias:0.0,Multiplicity:1.02
0.001	0.001	0.001	0.997
0.001	0.001	0.001	0.997
0.997	0.001	0.001	0.001
0.001	0.997	0.001	0.001
0.997	0.001	0.001	0.001
0.001	0.001	0.268	0.730
0.001	0.001	0.001	0.997
0.001	0.997	0.001	0.001
>ATAAGTGC	24-ATAAGTGC	8.236954	-15.223878	0	T:93.0(0.92%),B:203.3(0.52%),P:1e-6	Tpos:281.6,Tstd:466.3,Bpos:227.7,Bstd:142.0,StrandBias:0.2,Multiplicity:1.02
0.700	0.100	0.100	0.100
0.100	0.100	0.100	0.700
0.700	0.100	0.100	0.100
0.700	0.100	0.100	0.100
0.100	0.100	0.700	0.100
0.100	0.100	0.100	0.700
0.100	0.100	0.700	0.100
0.100	0.700	0.100	0.100
>GTAGTGAC	25-GTAGTGAC	8.236954	-15.067615	0	T:101.0(1.00%),B:227.5(0.58%),P:1e-6	Tpos:242.9,Tstd:210.3,Bpos:231.3,Bstd:141.0,StrandBias:-0.1,Multiplicity:1.01
0.100	0.100	0.700	0.100
0.100	0.100	0.100	0.700
0.700	0.100	0.100	0.100
0.100	0.100	0.700	0.100
0.100	0.100	0.100	0.700
0.100	0.100	0.700	0.100
0.700	0.100	0.100	0.100
0.100	0.700	0.100	0.100
