>AGGATCAW	1-AGGATCAW	7.950443	-15.842765	0	T:44.0(25.73%),B:5520.5(11.32%),P:1e-6	Tpos:516.9,Tstd:853.4,Bpos:282.8,Bstd:183.8,StrandBias:0.2,Multiplicity:1.12
0.652	0.001	0.027	0.320
0.144	0.001	0.854	0.001
0.001	0.001	0.997	0.001
0.997	0.001	0.001	0.001
0.001	0.001	0.001	0.997
0.001	0.997	0.001	0.001
0.924	0.001	0.001	0.074
0.505	0.001	0.001	0.493
>GTACGATA	2-GTACGATA	6.967804	-13.664853	0	T:14.0(8.19%),B:803.5(1.65%),P:1e-5	Tpos:603.3,Tstd:1124.3,Bpos:280.3,Bstd:164.0,StrandBias:0.6,Multiplicity:1.15
0.238	0.007	0.667	0.088
0.253	0.095	0.226	0.426
0.782	0.029	0.137	0.052
0.001	0.718	0.001	0.280
0.340	0.076	0.583	0.001
0.738	0.260	0.001	0.001
0.001	0.001	0.316	0.682
0.747	0.094	0.158	0.001
>GGTYTTAT	3-GGTYTTAT	7.814118	-13.496581	0	T:37.0(21.64%),B:4598.8(9.43%),P:1e-5	Tpos:823.9,Tstd:1219.3,Bpos:275.7,Bstd:179.5,StrandBias:-0.4,Multiplicity:1.17
0.011	0.001	0.987	0.001
0.312	0.044	0.632	0.012
0.001	0.346	0.001	0.652
0.007	0.526	0.001	0.466
0.022	0.001	0.001	0.976
0.355	0.013	0.015	0.617
0.826	0.007	0.142	0.025
0.001	0.001	0.279	0.719
>TGCAAATC	4-TGCAAATC	7.454330	-11.502631	0	T:53.0(30.99%),B:8487.3(17.40%),P:1e-4	Tpos:347.5,Tstd:475.3,Bpos:280.5,Bstd:178.0,StrandBias:0.0,Multiplicity:1.59
0.001	0.001	0.008	0.990
0.001	0.126	0.812	0.061
0.116	0.855	0.024	0.005
0.855	0.119	0.025	0.001
0.977	0.001	0.021	0.001
0.796	0.114	0.089	0.001
0.001	0.001	0.025	0.973
0.001	0.789	0.001	0.209
>TATGGCGA	5-TATGGCGA	11.028500	-9.964723	0	T:5.0(2.92%),B:109.1(0.22%),P:1e-4	Tpos:399.3,Tstd:564.2,Bpos:266.8,Bstd:197.3,StrandBias:1.1,Multiplicity:3.80
0.001	0.001	0.001	0.997
0.997	0.001	0.001	0.001
0.001	0.001	0.001	0.997
0.001	0.001	0.997	0.001
0.001	0.001	0.960	0.038
0.001	0.997	0.001	0.001
0.001	0.001	0.997	0.001
0.997	0.001	0.001	0.001
>GGGGCCTG	6-GGGGCCTG	10.083145	-9.242107	0	T:21.0(12.28%),B:2372.3(4.86%),P:1e-4	Tpos:386.3,Tstd:676.6,Bpos:270.7,Bstd:167.1,StrandBias:0.0,Multiplicity:1.24
0.001	0.001	0.997	0.001
0.001	0.001	0.997	0.001
0.001	0.001	0.997	0.001
0.001	0.001	0.997	0.001
0.001	0.997	0.001	0.001
0.001	0.625	0.373	0.001
0.001	0.001	0.001	0.997
0.001	0.001	0.997	0.001
>ACCAAACG	7-ACCAAACG	5.760006	-8.898334	0	T:58.0(33.92%),B:10529.1(21.58%),P:1e-3	Tpos:538.1,Tstd:965.8,Bpos:280.8,Bstd:176.0,StrandBias:0.5,Multiplicity:1.33
0.707	0.100	0.145	0.048
0.026	0.767	0.030	0.177
0.075	0.724	0.047	0.154
0.826	0.041	0.121	0.012
0.727	0.007	0.035	0.231
0.772	0.075	0.077	0.076
0.023	0.760	0.113	0.104
0.073	0.030	0.741	0.156
>AAAACGTG	8-AAAACGTG	10.971840	-8.558906	0	T:7.0(4.09%),B:332.5(0.68%),P:1e-3	Tpos:310.3,Tstd:185.6,Bpos:270.2,Bstd:187.7,StrandBias:1.5,Multiplicity:2.14
0.997	0.001	0.001	0.001
0.997	0.001	0.001	0.001
0.997	0.001	0.001	0.001
0.997	0.001	0.001	0.001
0.001	0.953	0.001	0.045
0.001	0.001	0.997	0.001
0.049	0.001	0.001	0.949
0.001	0.001	0.997	0.001
>TCGTTCTT	9-TCGTTCTT	7.457768	-8.195145	0	T:16.0(9.36%),B:1662.3(3.41%),P:1e-3	Tpos:465.1,Tstd:508.0,Bpos:281.1,Bstd:184.5,StrandBias:-0.5,Multiplicity:1.06
0.001	0.044	0.067	0.888
0.001	0.997	0.001	0.001
0.001	0.001	0.913	0.085
0.412	0.001	0.001	0.586
0.001	0.082	0.101	0.816
0.001	0.997	0.001	0.001
0.001	0.075	0.017	0.907
0.152	0.001	0.094	0.753
>ACCGTAAA	10-ACCGTAAA	6.764960	-8.144703	0	T:28.0(16.37%),B:3956.7(8.11%),P:1e-3	Tpos:392.6,Tstd:508.3,Bpos:283.6,Bstd:170.2,StrandBias:-0.3,Multiplicity:1.21
0.927	0.001	0.004	0.068
0.001	0.667	0.098	0.234
0.001	0.739	0.007	0.253
0.001	0.001	0.997	0.001
0.234	0.003	0.001	0.762
0.557	0.117	0.198	0.128
0.561	0.098	0.244	0.097
0.819	0.178	0.002	0.001
>TCGTCCTC	11-TCGTCCTC	6.513094	-7.306987	0	T:64.0(37.43%),B:12684.0(26.00%),P:1e-3	Tpos:478.9,Tstd:760.2,Bpos:279.7,Bstd:168.5,StrandBias:-0.8,Multiplicity:1.54
0.160	0.001	0.001	0.838
0.337	0.661	0.001	0.001
0.001	0.410	0.564	0.025
0.001	0.001	0.105	0.893
0.174	0.589	0.236	0.001
0.001	0.804	0.001	0.194
0.113	0.359	0.001	0.527
0.001	0.723	0.001	0.275
>ACCTGGAA	12-ACCTGGAA	8.780167	-6.265935	0	T:29.0(16.96%),B:4692.0(9.62%),P:1e-2	Tpos:434.0,Tstd:825.5,Bpos:284.3,Bstd:172.0,StrandBias:1.1,Multiplicity:1.55
0.997	0.001	0.001	0.001
0.001	0.997	0.001	0.001
0.001	0.997	0.001	0.001
0.001	0.001	0.001	0.997
0.255	0.001	0.743	0.001
0.136	0.138	0.725	0.001
0.997	0.001	0.001	0.001
0.997	0.001	0.001	0.001
>DATAATTR	13-DATAATTR	6.871495	-5.490032	0	T:28.0(16.37%),B:4723.5(9.68%),P:1e-2	Tpos:878.6,Tstd:1171.6,Bpos:282.9,Bstd:168.0,StrandBias:0.1,Multiplicity:1.71
0.315	0.103	0.252	0.331
0.697	0.049	0.229	0.025
0.129	0.094	0.106	0.671
0.549	0.058	0.143	0.250
0.742	0.001	0.256	0.001
0.001	0.001	0.232	0.766
0.014	0.088	0.157	0.741
0.432	0.040	0.527	0.001
>ACTGTAGG	14-ACTGTAGG	8.236954	-3.845751	0	T:7.0(4.09%),B:784.6(1.61%),P:1e-1	Tpos:261.7,Tstd:167.1,Bpos:283.1,Bstd:165.5,StrandBias:1.8,Multiplicity:2.57
0.700	0.100	0.100	0.100
0.100	0.700	0.100	0.100
0.100	0.100	0.100	0.700
0.100	0.100	0.700	0.100
0.100	0.100	0.100	0.700
0.700	0.100	0.100	0.100
0.100	0.100	0.700	0.100
0.100	0.100	0.700	0.100
>AAATGAGA	15-AAATGAGA	9.074222	-2.972616	0	T:13.0(7.60%),B:2230.7(4.57%),P:1e-1	Tpos:302.0,Tstd:193.0,Bpos:279.7,Bstd:168.6,StrandBias:0.9,Multiplicity:2.85
0.997	0.001	0.001	0.001
0.997	0.001	0.001	0.001
0.997	0.001	0.001	0.001
0.001	0.136	0.001	0.862
0.001	0.001	0.997	0.001
0.997	0.001	0.001	0.001
0.001	0.001	0.997	0.001
0.997	0.001	0.001	0.001
>CAGTGTTT	16-CAGTGTTT	8.236954	-2.372370	0	T:10.0(5.85%),B:1764.9(3.62%),P:1e-1	Tpos:357.9,Tstd:231.0,Bpos:274.2,Bstd:161.9,StrandBias:0.7,Multiplicity:2.10
0.100	0.700	0.100	0.100
0.700	0.100	0.100	0.100
0.100	0.100	0.700	0.100
0.100	0.100	0.100	0.700
0.100	0.100	0.700	0.100
0.100	0.100	0.100	0.700
0.100	0.100	0.100	0.700
0.100	0.100	0.100	0.700
>TTCTTTCT	17-TTCTTTCT	7.627303	-1.624107	0	T:25.0(14.62%),B:5959.8(12.22%),P:1e0	Tpos:306.0,Tstd:189.2,Bpos:281.2,Bstd:168.1,StrandBias:1.6,Multiplicity:3.17
0.001	0.001	0.001	0.997
0.001	0.001	0.001	0.997
0.001	0.997	0.001	0.001
0.001	0.001	0.001	0.997
0.001	0.001	0.001	0.997
0.001	0.001	0.001	0.997
0.001	0.997	0.001	0.001
0.001	0.001	0.032	0.966
