>GCCCCGCC	1-GCCCCGCC	6.271780	-38.612031	0	T:311.0(34.63%),B:10697.5(22.25%),P:1e-16	Tpos:185.5,Tstd:199.3,Bpos:165.9,Bstd:111.2,StrandBias:0.0,Multiplicity:2.71
0.134	0.001	0.864	0.001
0.001	0.908	0.001	0.090
0.001	0.854	0.001	0.144
0.205	0.793	0.001	0.001
0.001	0.997	0.001	0.001
0.080	0.001	0.918	0.001
0.001	0.997	0.001	0.001
0.001	0.997	0.001	0.001
>AGATAACG	2-AGATAACG	5.847779	-26.504902	0	T:146.0(16.26%),B:4325.7(9.00%),P:1e-11	Tpos:291.9,Tstd:595.0,Bpos:181.7,Bstd:112.3,StrandBias:-0.1,Multiplicity:1.16
0.770	0.043	0.138	0.049
0.065	0.050	0.811	0.074
0.828	0.073	0.042	0.057
0.128	0.060	0.059	0.753
0.633	0.175	0.069	0.123
0.705	0.043	0.116	0.136
0.103	0.788	0.108	0.001
0.095	0.127	0.724	0.054
>TATGGCGA	3-TATGGCGA	8.236954	-26.321654	0	T:16.0(1.78%),B:77.1(0.16%),P:1e-11	Tpos:425.7,Tstd:437.0,Bpos:164.3,Bstd:108.9,StrandBias:0.7,Multiplicity:2.75
0.100	0.100	0.100	0.700
0.700	0.100	0.100	0.100
0.100	0.100	0.100	0.700
0.100	0.100	0.700	0.100
0.100	0.100	0.700	0.100
0.100	0.700	0.100	0.100
0.100	0.100	0.700	0.100
0.700	0.100	0.100	0.100
>GTAATTCG	4-GTAATTCG	7.884318	-25.820209	0	T:60.0(6.68%),B:1170.5(2.43%),P:1e-11	Tpos:303.3,Tstd:470.5,Bpos:184.3,Bstd:114.8,StrandBias:-0.6,Multiplicity:1.05
0.115	0.010	0.874	0.001
0.004	0.001	0.001	0.994
0.777	0.001	0.025	0.197
0.976	0.001	0.022	0.001
0.017	0.011	0.001	0.971
0.037	0.019	0.001	0.943
0.115	0.579	0.091	0.215
0.116	0.001	0.882	0.001
>CCGGAAGT	5-CCGGAAGT	6.689009	-20.922685	0	T:139.0(15.48%),B:4391.2(9.13%),P:1e-9	Tpos:251.4,Tstd:502.7,Bpos:175.6,Bstd:107.7,StrandBias:0.0,Multiplicity:1.22
0.094	0.797	0.099	0.010
0.001	0.997	0.001	0.001
0.064	0.007	0.897	0.032
0.001	0.076	0.917	0.006
0.987	0.011	0.001	0.001
0.969	0.001	0.001	0.029
0.043	0.033	0.875	0.049
0.100	0.001	0.150	0.749
>TGTAGGAC	6-TGTAGGAC	8.288701	-20.651483	0	T:28.0(3.12%),B:370.6(0.77%),P:1e-8	Tpos:422.6,Tstd:584.1,Bpos:188.0,Bstd:106.7,StrandBias:0.6,Multiplicity:2.21
0.001	0.001	0.001	0.997
0.001	0.001	0.997	0.001
0.001	0.001	0.001	0.997
0.936	0.062	0.001	0.001
0.001	0.001	0.997	0.001
0.001	0.001	0.997	0.001
0.997	0.001	0.001	0.001
0.001	0.997	0.001	0.001
>GCCAATCG	7-GCCAATCG	5.415335	-16.012578	0	T:189.0(21.05%),B:7009.7(14.58%),P:1e-6	Tpos:230.1,Tstd:368.2,Bpos:174.6,Bstd:109.3,StrandBias:-0.1,Multiplicity:1.28
0.105	0.103	0.715	0.077
0.057	0.731	0.085	0.127
0.097	0.664	0.097	0.142
0.723	0.001	0.012	0.264
0.815	0.055	0.129	0.001
0.028	0.031	0.015	0.926
0.066	0.839	0.070	0.025
0.142	0.135	0.645	0.078
>GCGAAACC	8-GCGAAACC	6.117524	-15.780252	0	T:162.0(18.04%),B:5803.8(12.07%),P:1e-6	Tpos:291.8,Tstd:571.9,Bpos:180.7,Bstd:116.7,StrandBias:0.0,Multiplicity:1.11
0.165	0.001	0.640	0.194
0.142	0.493	0.149	0.216
0.166	0.001	0.649	0.184
0.873	0.087	0.001	0.039
0.833	0.086	0.001	0.080
0.785	0.155	0.001	0.059
0.128	0.650	0.221	0.001
0.268	0.651	0.080	0.001
>TGGAATWT	9-TGGAATWT	6.382713	-15.372158	0	T:218.0(24.28%),B:8428.3(17.53%),P:1e-6	Tpos:318.4,Tstd:548.1,Bpos:182.6,Bstd:109.5,StrandBias:0.0,Multiplicity:1.46
0.193	0.173	0.001	0.633
0.001	0.118	0.880	0.001
0.001	0.106	0.836	0.057
0.905	0.001	0.001	0.093
0.763	0.150	0.086	0.001
0.001	0.001	0.001	0.997
0.417	0.001	0.235	0.347
0.001	0.399	0.001	0.599
>AGTCTAAC	10-AGTCTAAC	5.166770	-14.579616	0	T:414.0(46.10%),B:18280.8(38.02%),P:1e-6	Tpos:347.0,Tstd:720.4,Bpos:181.2,Bstd:111.7,StrandBias:0.2,Multiplicity:1.52
0.711	0.008	0.113	0.168
0.001	0.001	0.820	0.178
0.123	0.014	0.163	0.700
0.050	0.665	0.117	0.168
0.186	0.001	0.001	0.812
0.752	0.031	0.111	0.106
0.795	0.083	0.111	0.011
0.044	0.782	0.081	0.093
>CCTTGAAC	11-CCTTGAAC	9.537319	-13.070909	0	T:51.0(5.68%),B:1335.5(2.78%),P:1e-5	Tpos:247.1,Tstd:341.7,Bpos:184.6,Bstd:111.7,StrandBias:0.2,Multiplicity:1.12
0.001	0.997	0.001	0.001
0.001	0.757	0.241	0.001
0.001	0.001	0.001	0.997
0.001	0.001	0.001	0.997
0.001	0.001	0.997	0.001
0.997	0.001	0.001	0.001
0.894	0.001	0.104	0.001
0.001	0.997	0.001	0.001
>AATGCACA	12-AATGCACA	9.371053	-11.399550	0	T:46.0(5.12%),B:1230.1(2.56%),P:1e-4	Tpos:261.8,Tstd:217.2,Bpos:186.6,Bstd:104.3,StrandBias:0.2,Multiplicity:1.27
0.997	0.001	0.001	0.001
0.997	0.001	0.001	0.001
0.001	0.001	0.001	0.997
0.001	0.001	0.997	0.001
0.001	0.997	0.001	0.001
0.997	0.001	0.001	0.001
0.001	0.708	0.183	0.108
0.997	0.001	0.001	0.001
>GCTCCAAT	13-GCTCCAAT	6.653947	-10.630518	0	T:168.0(18.71%),B:6627.8(13.78%),P:1e-4	Tpos:263.0,Tstd:444.6,Bpos:181.9,Bstd:107.7,StrandBias:0.2,Multiplicity:1.21
0.004	0.001	0.994	0.001
0.300	0.473	0.014	0.214
0.004	0.162	0.116	0.718
0.004	0.846	0.073	0.077
0.001	0.759	0.034	0.206
0.918	0.068	0.013	0.001
0.678	0.320	0.001	0.001
0.007	0.307	0.001	0.685
>CTCATTTT	14-CTCATTTT	10.119478	-9.565094	0	T:38.0(4.23%),B:1021.5(2.12%),P:1e-4	Tpos:314.7,Tstd:271.7,Bpos:190.9,Bstd:107.0,StrandBias:-0.1,Multiplicity:2.74
0.001	0.997	0.001	0.001
0.377	0.001	0.001	0.621
0.001	0.997	0.001	0.001
0.621	0.001	0.377	0.001
0.001	0.001	0.001	0.997
0.001	0.001	0.001	0.997
0.001	0.001	0.001	0.997
0.001	0.001	0.001	0.997
>TTTTCGGT	15-TTTTCGGT	8.546417	-8.998843	0	T:48.0(5.35%),B:1443.2(3.00%),P:1e-3	Tpos:335.8,Tstd:329.6,Bpos:176.8,Bstd:117.7,StrandBias:0.3,Multiplicity:2.38
0.271	0.001	0.001	0.727
0.102	0.001	0.001	0.896
0.001	0.001	0.001	0.997
0.001	0.001	0.001	0.997
0.001	0.997	0.001	0.001
0.209	0.001	0.789	0.001
0.001	0.414	0.584	0.001
0.001	0.001	0.001	0.997
>AAAACAAA	16-AAAACAAA	8.965596	-4.503745	0	T:136.0(15.14%),B:6014.0(12.51%),P:1e-1	Tpos:234.9,Tstd:343.0,Bpos:181.0,Bstd:121.9,StrandBias:0.6,Multiplicity:2.08
0.997	0.001	0.001	0.001
0.863	0.135	0.001	0.001
0.997	0.001	0.001	0.001
0.997	0.001	0.001	0.001
0.001	0.997	0.001	0.001
0.901	0.001	0.097	0.001
0.997	0.001	0.001	0.001
0.997	0.001	0.001	0.001
