>TGATTGGY	1-TGATTGGY	3.293662	-454.478688	0	T:502.0(49.90%),B:5353.1(11.48%),P:1e-197	Tpos:161.7,Tstd:106.1,Bpos:119.2,Bstd:96.3,StrandBias:0.0,Multiplicity:1.87
0.001	0.353	0.001	0.645
0.001	0.312	0.647	0.040
0.997	0.001	0.001	0.001
0.001	0.001	0.001	0.997
0.001	0.001	0.001	0.997
0.001	0.001	0.997	0.001
0.001	0.001	0.997	0.001
0.001	0.516	0.001	0.482
>GCCAATCA	2-GCCAATCA	6.936704	-279.563024	0	T:370.0(36.78%),B:4382.2(9.39%),P:1e-121	Tpos:194.2,Tstd:189.1,Bpos:139.3,Bstd:98.9,StrandBias:0.0,Multiplicity:1.14
0.278	0.034	0.687	0.001
0.001	0.821	0.001	0.177
0.003	0.995	0.001	0.001
0.964	0.001	0.001	0.034
0.652	0.035	0.303	0.010
0.001	0.047	0.001	0.951
0.001	0.629	0.001	0.369
0.743	0.103	0.001	0.153
>GCYCCGCC	3-GCYCCGCC	7.567845	-260.882319	0	T:664.0(66.00%),B:14523.1(31.13%),P:1e-113	Tpos:164.2,Tstd:122.2,Bpos:128.8,Bstd:97.0,StrandBias:0.1,Multiplicity:2.51
0.347	0.001	0.550	0.102
0.058	0.598	0.001	0.343
0.024	0.494	0.001	0.481
0.387	0.611	0.001	0.001
0.001	0.997	0.001	0.001
0.247	0.001	0.751	0.001
0.001	0.997	0.001	0.001
0.001	0.997	0.001	0.001
>KAGGCGTW	4-KAGGCGTW	3.962746	-220.857867	0	T:813.0(80.82%),B:22873.0(49.03%),P:1e-95	Tpos:169.9,Tstd:111.2,Bpos:137.2,Bstd:102.4,StrandBias:-0.0,Multiplicity:1.78
0.220	0.001	0.396	0.383
0.603	0.001	0.395	0.001
0.001	0.001	0.997	0.001
0.001	0.001	0.997	0.001
0.001	0.997	0.001	0.001
0.001	0.001	0.997	0.001
0.001	0.001	0.041	0.957
0.382	0.001	0.228	0.389
>CSATTGGA	5-CSATTGGA	6.055057	-164.372163	0	T:416.0(41.35%),B:8034.6(17.22%),P:1e-71	Tpos:157.4,Tstd:98.7,Bpos:139.1,Bstd:100.0,StrandBias:0.0,Multiplicity:1.34
0.001	0.825	0.173	0.001
0.101	0.381	0.335	0.183
0.814	0.001	0.184	0.001
0.002	0.001	0.001	0.996
0.255	0.002	0.001	0.742
0.001	0.071	0.926	0.002
0.001	0.001	0.997	0.001
0.588	0.309	0.079	0.024
>GMCMCRCC	6-GMCMCRCC	6.784085	-145.577362	0	T:677.0(67.30%),B:19082.1(40.91%),P:1e-63	Tpos:170.0,Tstd:127.6,Bpos:140.5,Bstd:94.0,StrandBias:0.1,Multiplicity:1.45
0.364	0.001	0.634	0.001
0.389	0.462	0.148	0.001
0.128	0.650	0.001	0.221
0.453	0.545	0.001	0.001
0.132	0.866	0.001	0.001
0.444	0.001	0.396	0.159
0.001	0.997	0.001	0.001
0.001	0.997	0.001	0.001
>GTSACGYC	7-GTSACGYC	6.349710	-56.855039	0	T:192.0(19.09%),B:4010.6(8.60%),P:1e-24	Tpos:158.0,Tstd:101.8,Bpos:130.6,Bstd:91.0,StrandBias:0.1,Multiplicity:1.25
0.252	0.121	0.484	0.143
0.070	0.052	0.144	0.734
0.026	0.527	0.411	0.036
0.892	0.040	0.037	0.031
0.092	0.836	0.001	0.071
0.034	0.001	0.857	0.108
0.033	0.384	0.094	0.490
0.270	0.458	0.191	0.081
>CGGAAGTR	8-CGGAAGTR	7.481715	-46.552854	0	T:191.0(18.99%),B:4362.4(9.35%),P:1e-20	Tpos:168.0,Tstd:111.9,Bpos:134.9,Bstd:92.3,StrandBias:0.2,Multiplicity:1.17
0.124	0.853	0.022	0.001
0.001	0.001	0.997	0.001
0.001	0.001	0.997	0.001
0.954	0.001	0.044	0.001
0.875	0.085	0.039	0.001
0.298	0.221	0.478	0.003
0.001	0.251	0.246	0.502
0.429	0.053	0.319	0.199
>DCGDATTD	9-DCGDATTD	5.639347	-37.488682	0	T:66.0(6.56%),B:909.3(1.95%),P:1e-16	Tpos:153.5,Tstd:107.7,Bpos:141.9,Bstd:103.0,StrandBias:0.5,Multiplicity:1.00
0.207	0.203	0.354	0.236
0.211	0.665	0.123	0.001
0.129	0.269	0.491	0.111
0.298	0.027	0.412	0.263
0.691	0.001	0.307	0.001
0.250	0.001	0.001	0.748
0.001	0.001	0.146	0.852
0.273	0.150	0.350	0.227
>TCGCGATA	10-TCGCGATA	4.887069	-34.947961	0	T:265.0(26.34%),B:7624.9(16.35%),P:1e-15	Tpos:164.5,Tstd:115.2,Bpos:143.2,Bstd:107.1,StrandBias:-0.1,Multiplicity:1.26
0.102	0.074	0.130	0.694
0.090	0.765	0.055	0.090
0.038	0.028	0.873	0.061
0.020	0.854	0.048	0.078
0.115	0.072	0.729	0.084
0.609	0.115	0.086	0.190
0.119	0.060	0.126	0.695
0.798	0.006	0.009	0.187
>GCATGCGC	11-GCATGCGC	7.962288	-26.923813	0	T:157.0(15.61%),B:4096.0(8.78%),P:1e-11	Tpos:145.5,Tstd:99.9,Bpos:130.6,Bstd:93.9,StrandBias:0.1,Multiplicity:1.29
0.025	0.001	0.969	0.005
0.020	0.978	0.001	0.001
0.767	0.100	0.055	0.078
0.041	0.062	0.062	0.835
0.001	0.001	0.997	0.001
0.001	0.997	0.001	0.001
0.038	0.044	0.854	0.064
0.008	0.836	0.001	0.155
>GCCTATCA	12-GCCTATCA	6.589074	-26.613345	0	T:145.0(14.41%),B:3688.5(7.91%),P:1e-11	Tpos:165.0,Tstd:120.1,Bpos:143.6,Bstd:96.9,StrandBias:-0.2,Multiplicity:1.16
0.015	0.053	0.882	0.050
0.001	0.964	0.001	0.034
0.007	0.970	0.001	0.022
0.001	0.001	0.031	0.967
0.728	0.116	0.116	0.040
0.015	0.001	0.110	0.874
0.121	0.842	0.001	0.036
0.810	0.144	0.001	0.045
>YCCAATGA	13-YCCAATGA	8.641649	-19.365651	0	T:55.0(5.47%),B:1051.0(2.25%),P:1e-8	Tpos:149.9,Tstd:86.2,Bpos:142.8,Bstd:102.2,StrandBias:0.5,Multiplicity:1.18
0.001	0.460	0.001	0.538
0.001	0.997	0.001	0.001
0.001	0.789	0.209	0.001
0.997	0.001	0.001	0.001
0.997	0.001	0.001	0.001
0.001	0.001	0.001	0.997
0.348	0.001	0.650	0.001
0.592	0.001	0.001	0.406
>TTTAATCC	14-TTTAATCC	8.236954	-16.102625	0	T:34.0(3.38%),B:552.3(1.18%),P:1e-6	Tpos:139.1,Tstd:98.8,Bpos:134.0,Bstd:97.5,StrandBias:0.5,Multiplicity:1.00
0.100	0.100	0.100	0.700
0.100	0.100	0.100	0.700
0.100	0.100	0.100	0.700
0.700	0.100	0.100	0.100
0.700	0.100	0.100	0.100
0.100	0.100	0.100	0.700
0.100	0.700	0.100	0.100
0.100	0.700	0.100	0.100
