>CCACACCC	1-CCACACCC	8.017420	-227.287466	0	T:1181.0(28.07%),B:6861.1(15.27%),P:1e-98	Tpos:295.6,Tstd:229.0,Bpos:239.5,Bstd:147.3,StrandBias:0.0,Multiplicity:1.32
0.084	0.868	0.001	0.047
0.001	0.997	0.001	0.001
0.997	0.001	0.001	0.001
0.001	0.997	0.001	0.001
0.739	0.001	0.259	0.001
0.001	0.997	0.001	0.001
0.001	0.997	0.001	0.001
0.001	0.789	0.001	0.209
>TGACCTTG	2-TGACCTTG	7.870678	-166.329211	0	T:963.0(22.89%),B:5730.7(12.75%),P:1e-72	Tpos:296.0,Tstd:210.3,Bpos:243.7,Bstd:146.0,StrandBias:-0.0,Multiplicity:1.18
0.023	0.001	0.001	0.975
0.088	0.001	0.910	0.001
0.530	0.035	0.236	0.199
0.001	0.997	0.001	0.001
0.001	0.987	0.011	0.001
0.001	0.001	0.001	0.997
0.001	0.007	0.001	0.991
0.039	0.024	0.904	0.033
>TCTTATCT	3-TCTTATCT	7.826765	-137.975907	0	T:590.0(14.02%),B:3063.1(6.82%),P:1e-59	Tpos:335.5,Tstd:302.2,Bpos:241.2,Bstd:144.3,StrandBias:0.0,Multiplicity:1.24
0.001	0.254	0.156	0.589
0.001	0.879	0.119	0.001
0.001	0.001	0.001	0.997
0.001	0.001	0.001	0.997
0.997	0.001	0.001	0.001
0.001	0.001	0.001	0.997
0.001	0.997	0.001	0.001
0.075	0.001	0.001	0.923
>GGGCGTGW	4-GGGCGTGW	3.932157	-129.696653	0	T:1176.0(27.95%),B:8077.2(17.97%),P:1e-56	Tpos:284.4,Tstd:232.6,Bpos:242.7,Bstd:149.0,StrandBias:-0.0,Multiplicity:1.14
0.118	0.001	0.880	0.001
0.001	0.001	0.997	0.001
0.001	0.001	0.997	0.001
0.001	0.898	0.001	0.100
0.001	0.001	0.997	0.001
0.001	0.001	0.001	0.997
0.001	0.001	0.997	0.001
0.427	0.001	0.001	0.571
>WGGAATKC	5-WGGAATKC	6.475952	-113.956116	0	T:1262.0(30.00%),B:9127.6(20.31%),P:1e-49	Tpos:297.3,Tstd:271.5,Bpos:243.8,Bstd:148.9,StrandBias:0.0,Multiplicity:1.16
0.387	0.040	0.041	0.532
0.179	0.222	0.588	0.011
0.128	0.038	0.753	0.081
0.844	0.104	0.041	0.011
0.730	0.209	0.026	0.035
0.001	0.253	0.001	0.745
0.044	0.001	0.506	0.449
0.120	0.601	0.016	0.263
>CYCCGCCC	6-CYCCGCCC	4.588377	-71.874613	0	T:1492.0(35.46%),B:12226.7(27.20%),P:1e-31	Tpos:291.3,Tstd:260.4,Bpos:231.4,Bstd:148.4,StrandBias:0.1,Multiplicity:2.02
0.001	0.794	0.001	0.204
0.001	0.534	0.001	0.464
0.001	0.997	0.001	0.001
0.001	0.997	0.001	0.001
0.006	0.001	0.992	0.001
0.001	0.997	0.001	0.001
0.001	0.997	0.001	0.001
0.001	0.687	0.001	0.311
>CCGGAATT	7-CCGGAATT	6.015648	-68.583307	0	T:1113.0(26.46%),B:8636.8(19.22%),P:1e-29	Tpos:290.4,Tstd:263.0,Bpos:239.4,Bstd:147.4,StrandBias:-0.1,Multiplicity:1.23
0.066	0.741	0.109	0.084
0.203	0.437	0.123	0.238
0.056	0.072	0.820	0.052
0.022	0.091	0.848	0.039
0.833	0.060	0.075	0.032
0.802	0.049	0.047	0.102
0.069	0.074	0.051	0.806
0.054	0.118	0.112	0.716
>TTAATCGC	8-TTAATCGC	5.940062	-65.248162	0	T:956.0(22.72%),B:7236.4(16.10%),P:1e-28	Tpos:309.4,Tstd:289.4,Bpos:242.4,Bstd:148.8,StrandBias:0.2,Multiplicity:1.21
0.024	0.078	0.048	0.850
0.051	0.030	0.064	0.855
0.737	0.041	0.031	0.191
0.702	0.105	0.127	0.066
0.103	0.068	0.054	0.775
0.029	0.753	0.103	0.115
0.071	0.089	0.631	0.209
0.089	0.702	0.161	0.048
>CYTAAGGC	9-CYTAAGGC	7.045281	-49.991496	0	T:1278.0(30.38%),B:10712.2(23.83%),P:1e-21	Tpos:278.1,Tstd:229.6,Bpos:243.5,Bstd:147.5,StrandBias:-0.0,Multiplicity:1.22
0.001	0.997	0.001	0.001
0.001	0.547	0.001	0.451
0.050	0.091	0.184	0.675
0.578	0.185	0.126	0.111
0.997	0.001	0.001	0.001
0.001	0.001	0.997	0.001
0.001	0.001	0.997	0.001
0.001	0.747	0.108	0.144
>AMCCTGTC	10-AMCCTGTC	8.456259	-48.275788	0	T:601.0(14.29%),B:4349.4(9.68%),P:1e-20	Tpos:288.8,Tstd:251.5,Bpos:242.6,Bstd:151.6,StrandBias:0.1,Multiplicity:1.06
0.997	0.001	0.001	0.001
0.504	0.490	0.001	0.005
0.001	0.997	0.001	0.001
0.217	0.735	0.047	0.001
0.001	0.085	0.086	0.828
0.001	0.001	0.680	0.318
0.001	0.001	0.101	0.897
0.386	0.576	0.001	0.037
>VTARTCTR	11-VTARTCTR	4.962333	-44.628513	0	T:863.0(20.51%),B:6850.3(15.24%),P:1e-19	Tpos:303.9,Tstd:265.0,Bpos:241.7,Bstd:147.9,StrandBias:0.1,Multiplicity:1.17
0.221	0.325	0.325	0.129
0.290	0.074	0.169	0.467
0.483	0.001	0.315	0.201
0.360	0.104	0.370	0.165
0.333	0.001	0.001	0.665
0.058	0.740	0.053	0.149
0.330	0.007	0.100	0.563
0.445	0.145	0.365	0.045
>CATTCAGA	12-CATTCAGA	8.236954	-40.460251	0	T:170.0(4.04%),B:869.7(1.93%),P:1e-17	Tpos:263.1,Tstd:203.1,Bpos:246.8,Bstd:141.2,StrandBias:-0.2,Multiplicity:1.04
0.100	0.700	0.100	0.100
0.700	0.100	0.100	0.100
0.100	0.100	0.100	0.700
0.100	0.100	0.100	0.700
0.100	0.700	0.100	0.100
0.700	0.100	0.100	0.100
0.100	0.100	0.700	0.100
0.700	0.100	0.100	0.100
>AGGGAGTG	13-AGGGAGTG	8.776688	-39.225635	0	T:270.0(6.42%),B:1658.2(3.69%),P:1e-17	Tpos:287.4,Tstd:229.6,Bpos:245.1,Bstd:138.8,StrandBias:0.1,Multiplicity:1.05
0.997	0.001	0.001	0.001
0.001	0.001	0.997	0.001
0.001	0.101	0.897	0.001
0.001	0.001	0.997	0.001
0.997	0.001	0.001	0.001
0.001	0.001	0.997	0.001
0.001	0.001	0.001	0.997
0.001	0.001	0.997	0.001
>AGCGATCT	14-AGCGATCT	6.153283	-38.976903	0	T:1101.0(26.17%),B:9308.7(20.71%),P:1e-16	Tpos:292.4,Tstd:253.7,Bpos:244.1,Bstd:146.7,StrandBias:0.1,Multiplicity:1.16
0.852	0.001	0.146	0.001
0.039	0.059	0.898	0.004
0.295	0.639	0.001	0.065
0.008	0.029	0.647	0.316
0.622	0.001	0.001	0.376
0.027	0.055	0.082	0.836
0.100	0.879	0.013	0.008
0.064	0.002	0.341	0.593
>GATAATGG	15-GATAATGG	7.818186	-36.440061	0	T:161.0(3.83%),B:842.0(1.87%),P:1e-15	Tpos:292.5,Tstd:213.5,Bpos:238.4,Bstd:137.4,StrandBias:-0.1,Multiplicity:1.02
0.001	0.001	0.997	0.001
0.997	0.001	0.001	0.001
0.001	0.001	0.001	0.997
0.997	0.001	0.001	0.001
0.997	0.001	0.001	0.001
0.001	0.001	0.001	0.997
0.001	0.043	0.955	0.001
0.001	0.100	0.898	0.001
>TCCGGSCA	16-TCCGGSCA	7.837738	-34.915380	0	T:386.0(9.18%),B:2708.3(6.03%),P:1e-15	Tpos:286.8,Tstd:267.8,Bpos:248.3,Bstd:146.1,StrandBias:0.2,Multiplicity:1.09
0.001	0.001	0.001	0.997
0.001	0.997	0.001	0.001
0.001	0.865	0.023	0.111
0.140	0.001	0.858	0.001
0.395	0.001	0.603	0.001
0.001	0.462	0.536	0.001
0.001	0.997	0.001	0.001
0.997	0.001	0.001	0.001
>AATGCTCC	17-AATGCTCC	8.236954	-33.389781	0	T:109.0(2.59%),B:498.6(1.11%),P:1e-14	Tpos:248.3,Tstd:174.9,Bpos:247.5,Bstd:148.1,StrandBias:0.3,Multiplicity:1.00
0.700	0.100	0.100	0.100
0.700	0.100	0.100	0.100
0.100	0.100	0.100	0.700
0.100	0.100	0.700	0.100
0.100	0.700	0.100	0.100
0.100	0.100	0.100	0.700
0.100	0.700	0.100	0.100
0.100	0.700	0.100	0.100
>ATAAGTGC	18-ATAAGTGC	8.236954	-31.535098	0	T:71.0(1.69%),B:264.8(0.59%),P:1e-13	Tpos:331.4,Tstd:525.2,Bpos:253.8,Bstd:141.3,StrandBias:0.0,Multiplicity:1.01
0.700	0.100	0.100	0.100
0.100	0.100	0.100	0.700
0.700	0.100	0.100	0.100
0.700	0.100	0.100	0.100
0.100	0.100	0.700	0.100
0.100	0.100	0.100	0.700
0.100	0.100	0.700	0.100
0.100	0.700	0.100	0.100
>TTATACAG	19-TTATACAG	9.781968	-28.733919	0	T:255.0(6.06%),B:1692.7(3.77%),P:1e-12	Tpos:285.6,Tstd:256.9,Bpos:249.1,Bstd:148.0,StrandBias:0.2,Multiplicity:1.05
0.001	0.276	0.001	0.722
0.001	0.001	0.001	0.997
0.997	0.001	0.001	0.001
0.001	0.001	0.001	0.997
0.997	0.001	0.001	0.001
0.001	0.997	0.001	0.001
0.997	0.001	0.001	0.001
0.001	0.001	0.997	0.001
>TTCGGAGT	20-TTCGGAGT	7.159971	-27.677378	0	T:598.0(14.21%),B:4810.8(10.70%),P:1e-12	Tpos:299.0,Tstd:299.8,Bpos:243.6,Bstd:150.5,StrandBias:0.1,Multiplicity:1.10
0.031	0.001	0.001	0.967
0.009	0.058	0.027	0.906
0.044	0.859	0.096	0.001
0.036	0.001	0.691	0.272
0.001	0.048	0.916	0.035
0.981	0.001	0.001	0.017
0.040	0.017	0.891	0.052
0.001	0.020	0.079	0.900
>TTAGCTAT	21-TTAGCTAT	8.940691	-27.508848	0	T:176.0(4.18%),B:1060.4(2.36%),P:1e-11	Tpos:314.1,Tstd:369.6,Bpos:242.9,Bstd:148.8,StrandBias:-0.3,Multiplicity:1.07
0.001	0.001	0.001	0.997
0.001	0.001	0.001	0.997
0.997	0.001	0.001	0.001
0.001	0.001	0.997	0.001
0.001	0.997	0.001	0.001
0.001	0.001	0.001	0.997
0.997	0.001	0.001	0.001
0.119	0.201	0.001	0.679
>AAAACAAA	22-AAAACAAA	8.695736	-19.498623	0	T:726.0(17.26%),B:6315.7(14.05%),P:1e-8	Tpos:308.6,Tstd:258.9,Bpos:242.5,Bstd:161.9,StrandBias:0.4,Multiplicity:1.91
0.807	0.128	0.001	0.064
0.876	0.076	0.001	0.047
0.850	0.022	0.090	0.038
0.592	0.275	0.092	0.041
0.362	0.550	0.001	0.087
0.727	0.109	0.086	0.078
0.876	0.051	0.047	0.026
0.732	0.140	0.043	0.085
>GCWTGCGC	23-GCWTGCGC	5.984178	-19.009626	0	T:226.0(5.37%),B:1621.0(3.61%),P:1e-8	Tpos:272.0,Tstd:190.9,Bpos:229.3,Bstd:145.1,StrandBias:-0.3,Multiplicity:1.12
0.001	0.001	0.997	0.001
0.001	0.997	0.001	0.001
0.491	0.001	0.001	0.507
0.001	0.001	0.001	0.997
0.001	0.001	0.962	0.036
0.001	0.997	0.001	0.001
0.001	0.001	0.997	0.001
0.337	0.661	0.001	0.001
>TBTCGCGA	24-TBTCGCGA	6.286537	-18.416102	0	T:186.0(4.42%),B:1285.8(2.86%),P:1e-7	Tpos:306.3,Tstd:334.8,Bpos:237.4,Bstd:159.4,StrandBias:0.3,Multiplicity:1.08
0.228	0.093	0.001	0.678
0.176	0.269	0.203	0.351
0.195	0.093	0.079	0.633
0.082	0.676	0.137	0.105
0.001	0.001	0.938	0.060
0.001	0.997	0.001	0.001
0.006	0.092	0.796	0.106
0.774	0.001	0.038	0.187
>TTTTTTTT	25-TTTTTTTT	8.236954	-4.334831	0	T:768.0(18.26%),B:7617.9(16.95%),P:1e-1	Tpos:290.5,Tstd:249.2,Bpos:240.8,Bstd:167.0,StrandBias:0.0,Multiplicity:1.22
0.100	0.100	0.100	0.700
0.100	0.100	0.100	0.700
0.100	0.100	0.100	0.700
0.100	0.100	0.100	0.700
0.100	0.100	0.100	0.700
0.100	0.100	0.100	0.700
0.100	0.100	0.100	0.700
0.100	0.100	0.100	0.700
