>ACATTCCT	1-ACATTCCT	7.098225	-76.910616	0	T:472.0(23.37%),B:6292.3(13.37%),P:1e-33	Tpos:314.8,Tstd:264.6,Bpos:220.2,Bstd:129.7,StrandBias:-0.1,Multiplicity:1.34
0.806	0.001	0.192	0.001
0.072	0.795	0.132	0.001
0.997	0.001	0.001	0.001
0.001	0.001	0.001	0.997
0.001	0.001	0.001	0.997
0.001	0.997	0.001	0.001
0.001	0.909	0.001	0.089
0.139	0.001	0.049	0.811
>SAGATWAG	2-SAGATWAG	6.264267	-54.216250	0	T:641.0(31.73%),B:10348.8(21.99%),P:1e-23	Tpos:307.2,Tstd:311.9,Bpos:219.6,Bstd:131.1,StrandBias:-0.0,Multiplicity:1.34
0.073	0.379	0.420	0.128
0.615	0.219	0.051	0.115
0.001	0.060	0.938	0.001
0.997	0.001	0.001	0.001
0.001	0.001	0.001	0.997
0.570	0.001	0.001	0.428
0.997	0.001	0.001	0.001
0.256	0.254	0.489	0.001
>GGGTGTGG	3-GGGTGTGG	7.821110	-31.149890	0	T:496.0(24.55%),B:8405.6(17.86%),P:1e-13	Tpos:279.5,Tstd:267.2,Bpos:216.3,Bstd:131.1,StrandBias:0.2,Multiplicity:1.36
0.188	0.001	0.810	0.001
0.001	0.001	0.997	0.001
0.001	0.001	0.997	0.001
0.001	0.070	0.001	0.928
0.001	0.001	0.997	0.001
0.001	0.062	0.196	0.741
0.001	0.172	0.826	0.001
0.001	0.001	0.997	0.001
>TTTATGAC	4-TTTATGAC	7.145662	-30.103302	0	T:222.0(10.99%),B:3083.1(6.55%),P:1e-13	Tpos:300.8,Tstd:345.0,Bpos:217.6,Bstd:129.3,StrandBias:-0.1,Multiplicity:1.11
0.001	0.001	0.001	0.997
0.064	0.001	0.098	0.837
0.001	0.001	0.001	0.997
0.997	0.001	0.001	0.001
0.001	0.001	0.001	0.997
0.001	0.001	0.997	0.001
0.757	0.001	0.241	0.001
0.001	0.832	0.001	0.166
>WCCTTGAA	5-WCCTTGAA	6.770953	-29.477083	0	T:296.0(14.65%),B:4490.3(9.54%),P:1e-12	Tpos:275.7,Tstd:242.3,Bpos:216.9,Bstd:134.2,StrandBias:0.3,Multiplicity:1.08
0.441	0.001	0.204	0.354
0.171	0.562	0.112	0.155
0.002	0.696	0.268	0.034
0.001	0.001	0.407	0.591
0.157	0.207	0.001	0.635
0.001	0.001	0.870	0.128
0.997	0.001	0.001	0.001
0.520	0.077	0.237	0.166
>AGTCAATC	6-AGTCAATC	6.870462	-26.297836	0	T:296.0(14.65%),B:4618.1(9.81%),P:1e-11	Tpos:249.5,Tstd:289.6,Bpos:219.2,Bstd:130.5,StrandBias:0.2,Multiplicity:1.13
0.883	0.001	0.040	0.076
0.001	0.052	0.847	0.100
0.031	0.036	0.026	0.907
0.001	0.980	0.001	0.018
0.991	0.001	0.007	0.001
0.731	0.127	0.141	0.001
0.037	0.075	0.001	0.887
0.096	0.825	0.001	0.078
>GCGGTAAA	7-GCGGTAAA	8.007358	-23.710592	0	T:167.0(8.27%),B:2289.4(4.86%),P:1e-10	Tpos:292.6,Tstd:330.5,Bpos:214.9,Bstd:131.5,StrandBias:0.1,Multiplicity:1.07
0.010	0.052	0.914	0.024
0.110	0.740	0.149	0.001
0.308	0.001	0.523	0.168
0.001	0.009	0.948	0.042
0.001	0.001	0.001	0.997
0.997	0.001	0.001	0.001
0.988	0.001	0.010	0.001
0.936	0.009	0.001	0.054
>GCCTAAGG	8-GCCTAAGG	6.289054	-23.647722	0	T:570.0(28.22%),B:10384.3(22.06%),P:1e-10	Tpos:261.7,Tstd:200.7,Bpos:218.6,Bstd:131.2,StrandBias:0.0,Multiplicity:1.24
0.019	0.102	0.878	0.001
0.001	0.895	0.054	0.050
0.043	0.933	0.023	0.001
0.001	0.031	0.001	0.967
0.575	0.167	0.182	0.076
0.884	0.014	0.069	0.033
0.037	0.001	0.946	0.016
0.001	0.001	0.978	0.020
>CSTWCAGT	9-CSTWCAGT	7.547524	-21.848073	0	T:186.0(9.21%),B:2698.3(5.73%),P:1e-9	Tpos:264.2,Tstd:199.1,Bpos:219.7,Bstd:131.8,StrandBias:-0.4,Multiplicity:1.22
0.001	0.997	0.001	0.001
0.001	0.498	0.500	0.001
0.001	0.001	0.200	0.798
0.526	0.001	0.001	0.472
0.001	0.982	0.001	0.016
0.631	0.167	0.196	0.006
0.105	0.001	0.893	0.001
0.001	0.001	0.001	0.997
>CKAATWAT	10-CKAATWAT	6.376761	-21.664092	0	T:332.0(16.44%),B:5545.4(11.78%),P:1e-9	Tpos:333.2,Tstd:478.0,Bpos:220.8,Bstd:133.5,StrandBias:0.1,Multiplicity:1.26
0.041	0.647	0.176	0.136
0.001	0.001	0.572	0.426
0.561	0.190	0.023	0.226
0.985	0.001	0.013	0.001
0.160	0.001	0.191	0.648
0.494	0.024	0.063	0.419
0.961	0.001	0.037	0.001
0.001	0.169	0.064	0.766
>AAAAGGCG	11-AAAAGGCG	6.714004	-21.390762	0	T:403.0(19.95%),B:7010.0(14.89%),P:1e-9	Tpos:262.4,Tstd:315.6,Bpos:216.8,Bstd:136.4,StrandBias:0.1,Multiplicity:1.14
0.883	0.018	0.098	0.001
0.961	0.001	0.001	0.037
0.969	0.008	0.001	0.022
0.749	0.036	0.076	0.139
0.026	0.018	0.771	0.185
0.051	0.122	0.787	0.040
0.138	0.748	0.001	0.113
0.090	0.077	0.694	0.139
>GCGGCAAT	12-GCGGCAAT	7.953040	-20.264342	0	T:80.0(3.96%),B:890.3(1.89%),P:1e-8	Tpos:270.0,Tstd:318.4,Bpos:214.9,Bstd:137.0,StrandBias:-0.1,Multiplicity:1.04
0.275	0.001	0.723	0.001
0.128	0.870	0.001	0.001
0.001	0.063	0.935	0.001
0.147	0.001	0.723	0.129
0.001	0.700	0.001	0.298
0.997	0.001	0.001	0.001
0.997	0.001	0.001	0.001
0.001	0.001	0.001	0.997
>GGGCGTAA	13-GGGCGTAA	7.241044	-20.215135	0	T:158.0(7.82%),B:2239.6(4.76%),P:1e-8	Tpos:297.6,Tstd:321.3,Bpos:212.7,Bstd:132.9,StrandBias:0.1,Multiplicity:1.10
0.014	0.026	0.781	0.179
0.001	0.018	0.980	0.001
0.011	0.001	0.987	0.001
0.040	0.831	0.001	0.128
0.001	0.063	0.871	0.065
0.018	0.001	0.238	0.743
0.936	0.001	0.055	0.008
0.870	0.070	0.056	0.004
>TCGCGTGA	14-TCGCGTGA	6.590611	-15.470818	0	T:163.0(8.07%),B:2510.4(5.33%),P:1e-6	Tpos:255.8,Tstd:266.0,Bpos:212.7,Bstd:133.2,StrandBias:0.0,Multiplicity:1.13
0.108	0.147	0.013	0.732
0.356	0.640	0.001	0.003
0.178	0.001	0.717	0.104
0.001	0.986	0.012	0.001
0.168	0.001	0.830	0.001
0.317	0.156	0.001	0.526
0.001	0.027	0.970	0.002
0.891	0.107	0.001	0.001
>AAVAACGG	15-AAVAACGG	6.518289	-14.827990	0	T:218.0(10.79%),B:3613.2(7.68%),P:1e-6	Tpos:288.1,Tstd:398.3,Bpos:219.5,Bstd:139.1,StrandBias:0.2,Multiplicity:1.22
0.936	0.001	0.001	0.062
0.821	0.177	0.001	0.001
0.282	0.224	0.348	0.145
0.575	0.329	0.001	0.095
0.830	0.001	0.125	0.044
0.001	0.997	0.001	0.001
0.001	0.120	0.878	0.001
0.001	0.311	0.560	0.128
>AGCTAATC	16-AGCTAATC	8.241483	-14.667297	0	T:40.0(1.98%),B:379.5(0.81%),P:1e-6	Tpos:237.4,Tstd:194.8,Bpos:203.5,Bstd:140.2,StrandBias:0.1,Multiplicity:1.00
0.536	0.323	0.020	0.121
0.001	0.001	0.997	0.001
0.089	0.909	0.001	0.001
0.001	0.001	0.123	0.875
0.899	0.001	0.001	0.099
0.739	0.034	0.115	0.112
0.220	0.058	0.250	0.472
0.001	0.721	0.031	0.247
>GCCAGTTC	17-GCCAGTTC	8.236954	-13.961461	0	T:58.0(2.87%),B:670.8(1.43%),P:1e-6	Tpos:269.9,Tstd:194.9,Bpos:225.3,Bstd:124.8,StrandBias:-0.4,Multiplicity:1.00
0.100	0.100	0.700	0.100
0.100	0.700	0.100	0.100
0.100	0.700	0.100	0.100
0.700	0.100	0.100	0.100
0.100	0.100	0.700	0.100
0.100	0.100	0.100	0.700
0.100	0.100	0.100	0.700
0.100	0.700	0.100	0.100
>TATGGCGA	18-TATGGCGA	8.236954	-13.263653	0	T:16.0(0.79%),B:86.2(0.18%),P:1e-5	Tpos:400.6,Tstd:439.5,Bpos:220.4,Bstd:131.2,StrandBias:0.3,Multiplicity:2.50
0.100	0.100	0.100	0.700
0.700	0.100	0.100	0.100
0.100	0.100	0.100	0.700
0.100	0.100	0.700	0.100
0.100	0.100	0.700	0.100
0.100	0.700	0.100	0.100
0.100	0.100	0.700	0.100
0.700	0.100	0.100	0.100
>TCTGAATG	19-TCTGAATG	8.236954	-11.467247	0	T:68.0(3.37%),B:903.0(1.92%),P:1e-4	Tpos:233.8,Tstd:155.4,Bpos:214.5,Bstd:121.5,StrandBias:0.6,Multiplicity:1.05
0.100	0.100	0.100	0.700
0.100	0.700	0.100	0.100
0.100	0.100	0.100	0.700
0.100	0.100	0.700	0.100
0.700	0.100	0.100	0.100
0.700	0.100	0.100	0.100
0.100	0.100	0.100	0.700
0.100	0.100	0.700	0.100
>AAACCTGA	20-AAACCTGA	8.841343	-9.100612	0	T:181.0(8.96%),B:3193.6(6.78%),P:1e-3	Tpos:262.4,Tstd:313.0,Bpos:216.1,Bstd:130.2,StrandBias:0.5,Multiplicity:1.05
0.945	0.053	0.001	0.001
0.664	0.001	0.334	0.001
0.997	0.001	0.001	0.001
0.082	0.900	0.017	0.001
0.001	0.997	0.001	0.001
0.001	0.001	0.274	0.724
0.001	0.001	0.997	0.001
0.688	0.001	0.310	0.001
>ACAAACAA	21-ACAAACAA	9.338191	-8.944672	0	T:203.0(10.05%),B:3657.0(7.77%),P:1e-3	Tpos:278.6,Tstd:290.1,Bpos:218.7,Bstd:138.9,StrandBias:0.4,Multiplicity:1.87
0.997	0.001	0.001	0.001
0.001	0.997	0.001	0.001
0.942	0.001	0.001	0.056
0.997	0.001	0.001	0.001
0.799	0.001	0.199	0.001
0.001	0.997	0.001	0.001
0.939	0.001	0.059	0.001
0.997	0.001	0.001	0.001
>CAGTTTTC	22-CAGTTTTC	8.236954	-4.103124	0	T:64.0(3.17%),B:1126.7(2.39%),P:1e-1	Tpos:268.4,Tstd:221.9,Bpos:226.4,Bstd:133.5,StrandBias:-0.5,Multiplicity:1.44
0.100	0.700	0.100	0.100
0.700	0.100	0.100	0.100
0.100	0.100	0.700	0.100
0.100	0.100	0.100	0.700
0.100	0.100	0.100	0.700
0.100	0.100	0.100	0.700
0.100	0.100	0.100	0.700
0.100	0.700	0.100	0.100
>TCTCATTT	23-TCTCATTT	4.161567	-3.404448	0	T:245.0(12.13%),B:5093.2(10.82%),P:1e-1	Tpos:262.8,Tstd:213.0,Bpos:219.4,Bstd:134.7,StrandBias:-0.2,Multiplicity:1.36
0.001	0.001	0.001	0.997
0.001	0.997	0.001	0.001
0.001	0.001	0.001	0.997
0.001	0.997	0.001	0.001
0.795	0.001	0.203	0.001
0.001	0.001	0.001	0.997
0.001	0.001	0.001	0.997
0.001	0.001	0.001	0.997
