>TTTATKGC	1-TTTATKGC	8.087077	-1316.022553	0	T:2966.0(11.69%),B:988.3(4.00%),P:1e-571	Tpos:391.7,Tstd:281.4,Bpos:294.8,Bstd:177.3,StrandBias:-0.0,Multiplicity:1.10
0.112	0.096	0.001	0.791
0.001	0.089	0.160	0.750
0.001	0.001	0.001	0.997
0.929	0.001	0.001	0.069
0.117	0.128	0.001	0.754
0.101	0.001	0.482	0.417
0.350	0.001	0.648	0.001
0.001	0.710	0.001	0.288
>AGGAATTT	2-AGGAATTT	6.447517	-924.238929	0	T:8125.0(32.02%),B:5072.8(20.52%),P:1e-401	Tpos:373.3,Tstd:283.5,Bpos:282.2,Bstd:174.5,StrandBias:0.0,Multiplicity:1.43
0.576	0.092	0.001	0.331
0.001	0.001	0.997	0.001
0.001	0.001	0.997	0.001
0.997	0.001	0.001	0.001
0.997	0.001	0.001	0.001
0.001	0.001	0.001	0.997
0.001	0.122	0.333	0.544
0.001	0.127	0.001	0.871
>TGACTCAT	3-TGACTCAT	8.155505	-905.306142	0	T:3749.0(14.77%),B:1740.9(7.04%),P:1e-393	Tpos:352.3,Tstd:262.4,Bpos:281.6,Bstd:164.7,StrandBias:-0.0,Multiplicity:1.15
0.001	0.001	0.001	0.997
0.001	0.009	0.983	0.007
0.988	0.010	0.001	0.001
0.010	0.752	0.226	0.012
0.022	0.001	0.001	0.976
0.001	0.997	0.001	0.001
0.971	0.001	0.003	0.025
0.025	0.257	0.184	0.534
>TTTACAVC	4-TTTACAVC	7.220728	-627.704784	0	T:5156.0(20.32%),B:3075.3(12.44%),P:1e-272	Tpos:380.2,Tstd:285.7,Bpos:278.7,Bstd:181.1,StrandBias:-0.0,Multiplicity:1.23
0.001	0.001	0.169	0.829
0.001	0.001	0.001	0.997
0.001	0.238	0.001	0.760
0.997	0.001	0.001	0.001
0.001	0.881	0.001	0.117
0.531	0.001	0.194	0.274
0.298	0.425	0.276	0.001
0.001	0.759	0.001	0.239
>CATTCAGA	5-CATTCAGA	8.236954	-502.268489	0	T:1365.0(5.38%),B:500.1(2.02%),P:1e-218	Tpos:419.1,Tstd:317.2,Bpos:279.2,Bstd:162.7,StrandBias:0.0,Multiplicity:1.17
0.100	0.700	0.100	0.100
0.700	0.100	0.100	0.100
0.100	0.100	0.100	0.700
0.100	0.100	0.100	0.700
0.100	0.700	0.100	0.100
0.700	0.100	0.100	0.100
0.100	0.100	0.700	0.100
0.700	0.100	0.100	0.100
>ACTTCCGG	6-ACTTCCGG	6.568406	-461.706781	0	T:7888.0(31.08%),B:5641.2(22.82%),P:1e-200	Tpos:361.2,Tstd:272.6,Bpos:277.7,Bstd:166.8,StrandBias:-0.0,Multiplicity:1.31
0.639	0.095	0.181	0.085
0.095	0.634	0.121	0.150
0.105	0.004	0.033	0.858
0.034	0.061	0.045	0.860
0.025	0.880	0.057	0.038
0.043	0.909	0.035	0.013
0.006	0.095	0.620	0.279
0.102	0.063	0.599	0.236
>AGGTGTGA	7-AGGTGTGA	9.878595	-378.843649	0	T:1741.0(6.86%),B:827.7(3.35%),P:1e-164	Tpos:399.9,Tstd:283.4,Bpos:280.2,Bstd:163.1,StrandBias:0.0,Multiplicity:1.04
0.997	0.001	0.001	0.001
0.001	0.001	0.997	0.001
0.001	0.001	0.997	0.001
0.001	0.001	0.001	0.997
0.001	0.001	0.997	0.001
0.001	0.001	0.001	0.997
0.001	0.001	0.694	0.304
0.997	0.001	0.001	0.001
>TTAGAAGC	8-TTAGAAGC	10.852409	-310.595999	0	T:961.0(3.79%),B:377.9(1.53%),P:1e-134	Tpos:422.8,Tstd:272.7,Bpos:270.7,Bstd:164.9,StrandBias:-0.0,Multiplicity:1.07
0.001	0.001	0.001	0.997
0.001	0.001	0.001	0.997
0.997	0.001	0.001	0.001
0.001	0.001	0.997	0.001
0.997	0.001	0.001	0.001
0.997	0.001	0.001	0.001
0.001	0.193	0.805	0.001
0.001	0.997	0.001	0.001
>ATCATAAA	9-ATCATAAA	8.316336	-298.563704	0	T:1532.0(6.04%),B:759.4(3.07%),P:1e-129	Tpos:362.9,Tstd:261.3,Bpos:285.7,Bstd:180.1,StrandBias:0.2,Multiplicity:1.08
0.997	0.001	0.001	0.001
0.001	0.375	0.001	0.623
0.001	0.997	0.001	0.001
0.896	0.001	0.102	0.001
0.001	0.001	0.001	0.997
0.997	0.001	0.001	0.001
0.997	0.001	0.001	0.001
0.997	0.001	0.001	0.001
>AAGAATKY	10-AAGAATKY	8.695360	-295.977992	0	T:3565.0(14.05%),B:2309.4(9.34%),P:1e-128	Tpos:383.2,Tstd:293.1,Bpos:276.1,Bstd:177.8,StrandBias:0.0,Multiplicity:1.20
0.662	0.001	0.001	0.336
0.997	0.001	0.001	0.001
0.001	0.001	0.997	0.001
0.997	0.001	0.001	0.001
0.997	0.001	0.001	0.001
0.001	0.001	0.001	0.997
0.001	0.001	0.460	0.538
0.001	0.512	0.001	0.486
>CCTTAGGC	11-CCTTAGGC	8.223219	-282.184427	0	T:4105.0(16.18%),B:2777.9(11.24%),P:1e-122	Tpos:356.0,Tstd:270.2,Bpos:285.0,Bstd:173.7,StrandBias:0.1,Multiplicity:1.11
0.001	0.997	0.001	0.001
0.001	0.787	0.022	0.190
0.001	0.064	0.001	0.934
0.055	0.178	0.177	0.590
0.997	0.001	0.001	0.001
0.018	0.001	0.980	0.001
0.001	0.001	0.997	0.001
0.001	0.843	0.135	0.021
>YYMCGCCY	12-YYMCGCCY	3.208672	-281.843111	0	T:12165.0(47.94%),B:10041.9(40.62%),P:1e-122	Tpos:358.3,Tstd:270.2,Bpos:267.5,Bstd:171.4,StrandBias:0.0,Multiplicity:2.49
0.001	0.505	0.001	0.493
0.001	0.499	0.001	0.499
0.498	0.500	0.001	0.001
0.001	0.997	0.001	0.001
0.006	0.004	0.989	0.001
0.001	0.997	0.001	0.001
0.001	0.997	0.001	0.001
0.001	0.504	0.001	0.494
>CTAATTAG	13-CTAATTAG	8.236954	-275.899406	0	T:452.0(1.78%),B:116.7(0.47%),P:1e-119	Tpos:451.9,Tstd:280.5,Bpos:300.0,Bstd:191.9,StrandBias:0.0,Multiplicity:1.01
0.100	0.700	0.100	0.100
0.100	0.100	0.100	0.700
0.700	0.100	0.100	0.100
0.700	0.100	0.100	0.100
0.100	0.100	0.100	0.700
0.100	0.100	0.100	0.700
0.700	0.100	0.100	0.100
0.100	0.100	0.700	0.100
>TTGTACCT	14-TTGTACCT	8.236954	-267.592784	0	T:812.0(3.20%),B:315.1(1.27%),P:1e-116	Tpos:404.6,Tstd:293.7,Bpos:289.1,Bstd:170.0,StrandBias:0.1,Multiplicity:1.01
0.100	0.100	0.100	0.700
0.100	0.100	0.100	0.700
0.100	0.100	0.700	0.100
0.100	0.100	0.100	0.700
0.700	0.100	0.100	0.100
0.100	0.700	0.100	0.100
0.100	0.700	0.100	0.100
0.100	0.100	0.100	0.700
>GCGATAGT	15-GCGATAGT	5.759607	-258.587277	0	T:4139.0(16.31%),B:2853.7(11.54%),P:1e-112	Tpos:378.8,Tstd:284.1,Bpos:280.3,Bstd:176.6,StrandBias:-0.0,Multiplicity:1.19
0.069	0.018	0.783	0.130
0.088	0.869	0.031	0.012
0.019	0.113	0.771	0.097
0.673	0.183	0.045	0.099
0.065	0.040	0.066	0.829
0.672	0.039	0.021	0.268
0.147	0.091	0.642	0.120
0.102	0.071	0.063	0.764
>CTGAATAG	16-CTGAATAG	10.879421	-220.718130	0	T:728.0(2.87%),B:295.8(1.20%),P:1e-95	Tpos:408.1,Tstd:288.6,Bpos:282.8,Bstd:165.1,StrandBias:-0.2,Multiplicity:1.01
0.001	0.880	0.118	0.001
0.001	0.001	0.061	0.937
0.001	0.001	0.997	0.001
0.997	0.001	0.001	0.001
0.997	0.001	0.001	0.001
0.001	0.001	0.001	0.997
0.997	0.001	0.001	0.001
0.001	0.001	0.997	0.001
>ATAAGTGC	17-ATAAGTGC	8.236954	-219.363738	0	T:521.0(2.05%),B:175.2(0.71%),P:1e-95	Tpos:403.3,Tstd:354.7,Bpos:292.4,Bstd:176.9,StrandBias:-0.0,Multiplicity:1.00
0.700	0.100	0.100	0.100
0.100	0.100	0.100	0.700
0.700	0.100	0.100	0.100
0.700	0.100	0.100	0.100
0.100	0.100	0.700	0.100
0.100	0.100	0.100	0.700
0.100	0.100	0.700	0.100
0.100	0.700	0.100	0.100
>RTAATGCA	18-RTAATGCA	9.028643	-201.634389	0	T:915.0(3.61%),B:430.5(1.74%),P:1e-87	Tpos:423.7,Tstd:270.1,Bpos:278.7,Bstd:159.4,StrandBias:-0.1,Multiplicity:1.02
0.392	0.105	0.502	0.001
0.001	0.137	0.001	0.861
0.997	0.001	0.001	0.001
0.753	0.001	0.001	0.245
0.001	0.001	0.001	0.997
0.137	0.001	0.861	0.001
0.001	0.749	0.001	0.249
0.781	0.217	0.001	0.001
>ACTTCGCT	19-ACTTCGCT	5.786574	-188.611971	0	T:6153.0(24.25%),B:4781.9(19.34%),P:1e-81	Tpos:369.7,Tstd:285.7,Bpos:280.9,Bstd:176.7,StrandBias:0.0,Multiplicity:1.22
0.794	0.043	0.107	0.056
0.187	0.581	0.153	0.079
0.101	0.062	0.166	0.671
0.056	0.026	0.178	0.740
0.159	0.757	0.040	0.044
0.026	0.045	0.919	0.010
0.021	0.809	0.085	0.085
0.187	0.036	0.047	0.730
>CGATTTGA	20-CGATTTGA	8.236954	-186.326556	0	T:302.0(1.19%),B:77.3(0.31%),P:1e-80	Tpos:429.0,Tstd:342.6,Bpos:288.6,Bstd:158.8,StrandBias:-0.2,Multiplicity:1.00
0.100	0.700	0.100	0.100
0.100	0.100	0.700	0.100
0.700	0.100	0.100	0.100
0.100	0.100	0.100	0.700
0.100	0.100	0.100	0.700
0.100	0.100	0.100	0.700
0.100	0.100	0.700	0.100
0.700	0.100	0.100	0.100
>ACGCTTTG	21-ACGCTTTG	8.236954	-183.740276	0	T:379.0(1.49%),B:116.8(0.47%),P:1e-79	Tpos:340.8,Tstd:291.0,Bpos:247.4,Bstd:198.2,StrandBias:-0.4,Multiplicity:1.00
0.700	0.100	0.100	0.100
0.100	0.700	0.100	0.100
0.100	0.100	0.700	0.100
0.100	0.700	0.100	0.100
0.100	0.100	0.100	0.700
0.100	0.100	0.100	0.700
0.100	0.100	0.100	0.700
0.100	0.100	0.700	0.100
>AGCCCTTG	22-AGCCCTTG	10.820861	-172.163706	0	T:1255.0(4.95%),B:701.6(2.84%),P:1e-74	Tpos:403.2,Tstd:274.1,Bpos:284.2,Bstd:161.4,StrandBias:-0.0,Multiplicity:1.11
0.997	0.001	0.001	0.001
0.001	0.001	0.997	0.001
0.001	0.780	0.001	0.218
0.001	0.997	0.001	0.001
0.001	0.997	0.001	0.001
0.001	0.001	0.001	0.997
0.001	0.001	0.001	0.997
0.001	0.001	0.997	0.001
>CGTTCCAC	23-CGTTCCAC	8.236954	-161.695374	0	T:400.0(1.58%),B:138.2(0.56%),P:1e-70	Tpos:340.6,Tstd:297.9,Bpos:274.2,Bstd:180.4,StrandBias:-0.0,Multiplicity:1.00
0.100	0.700	0.100	0.100
0.100	0.100	0.700	0.100
0.100	0.100	0.100	0.700
0.100	0.100	0.100	0.700
0.100	0.700	0.100	0.100
0.100	0.700	0.100	0.100
0.700	0.100	0.100	0.100
0.100	0.700	0.100	0.100
>CTTAGATA	24-CTTAGATA	9.868770	-156.025902	0	T:554.0(2.18%),B:233.8(0.95%),P:1e-67	Tpos:467.2,Tstd:297.6,Bpos:281.7,Bstd:176.7,StrandBias:0.1,Multiplicity:1.01
0.001	0.594	0.220	0.185
0.001	0.001	0.001	0.997
0.001	0.001	0.001	0.997
0.997	0.001	0.001	0.001
0.001	0.001	0.997	0.001
0.645	0.191	0.163	0.001
0.217	0.001	0.001	0.781
0.997	0.001	0.001	0.001
>TTTGTCAC	25-TTTGTCAC	6.207695	-109.464481	0	T:8009.0(31.56%),B:6780.8(27.43%),P:1e-47	Tpos:375.1,Tstd:308.1,Bpos:279.0,Bstd:171.5,StrandBias:-0.0,Multiplicity:1.35
0.046	0.024	0.060	0.870
0.075	0.097	0.061	0.767
0.066	0.082	0.041	0.811
0.174	0.097	0.634	0.095
0.084	0.065	0.030	0.821
0.203	0.663	0.018	0.116
0.654	0.136	0.066	0.144
0.059	0.780	0.088	0.073
