>CGGCTATA	1-CGGCTATA	6.261716	-15.089181	0	T:41.0(21.03%),B:4355.8(9.03%),P:1e-6	Tpos:728.4,Tstd:1248.7,Bpos:240.2,Bstd:146.6,StrandBias:1.0,Multiplicity:1.37
0.239	0.620	0.093	0.048
0.131	0.175	0.693	0.001
0.044	0.329	0.541	0.086
0.094	0.743	0.162	0.001
0.071	0.001	0.085	0.843
0.946	0.005	0.048	0.001
0.212	0.003	0.003	0.782
0.560	0.001	0.120	0.319
>TCAATGAT	2-TCAATGAT	7.403713	-14.624615	0	T:41.0(21.03%),B:4433.9(9.19%),P:1e-6	Tpos:609.9,Tstd:891.6,Bpos:243.8,Bstd:150.0,StrandBias:-0.3,Multiplicity:1.48
0.001	0.151	0.001	0.847
0.150	0.650	0.161	0.039
0.997	0.001	0.001	0.001
0.847	0.091	0.001	0.061
0.001	0.069	0.001	0.929
0.001	0.045	0.872	0.082
0.926	0.072	0.001	0.001
0.001	0.074	0.001	0.924
>AATTATTA	3-AATTATTA	8.787322	-11.599801	0	T:22.0(11.28%),B:1880.2(3.90%),P:1e-5	Tpos:946.9,Tstd:1224.6,Bpos:254.3,Bstd:150.9,StrandBias:0.1,Multiplicity:1.73
0.859	0.001	0.001	0.139
0.912	0.064	0.010	0.014
0.019	0.001	0.004	0.976
0.247	0.003	0.005	0.745
0.971	0.001	0.004	0.024
0.004	0.014	0.041	0.941
0.022	0.069	0.024	0.885
0.751	0.025	0.217	0.007
>GGTTGRTG	4-GGTTGRTG	7.481476	-11.251407	0	T:47.0(24.10%),B:6189.2(12.83%),P:1e-4	Tpos:765.6,Tstd:1193.8,Bpos:244.5,Bstd:151.7,StrandBias:-1.0,Multiplicity:1.48
0.025	0.001	0.634	0.340
0.001	0.038	0.828	0.133
0.001	0.001	0.003	0.995
0.001	0.001	0.122	0.876
0.001	0.017	0.981	0.001
0.376	0.001	0.444	0.179
0.001	0.012	0.001	0.986
0.001	0.001	0.858	0.140
>ACGTGAAA	5-ACGTGAAA	8.225256	-11.084852	0	T:12.0(6.15%),B:645.4(1.34%),P:1e-4	Tpos:530.9,Tstd:995.7,Bpos:247.7,Bstd:162.3,StrandBias:1.2,Multiplicity:1.67
0.879	0.119	0.001	0.001
0.001	0.997	0.001	0.001
0.001	0.001	0.997	0.001
0.001	0.001	0.001	0.997
0.001	0.066	0.932	0.001
0.997	0.001	0.001	0.001
0.997	0.001	0.001	0.001
0.997	0.001	0.001	0.001
>TTTTCAGT	6-TTTTCAGT	7.199909	-10.251521	0	T:25.0(12.82%),B:2523.0(5.23%),P:1e-4	Tpos:334.0,Tstd:253.0,Bpos:251.4,Bstd:156.2,StrandBias:-0.3,Multiplicity:2.16
0.001	0.001	0.001	0.997
0.001	0.001	0.001	0.997
0.001	0.001	0.001	0.997
0.131	0.001	0.001	0.867
0.001	0.997	0.001	0.001
0.896	0.079	0.024	0.001
0.001	0.001	0.997	0.001
0.001	0.001	0.001	0.997
>CCTACTAT	7-CCTACTAT	5.885634	-9.233483	0	T:53.0(27.18%),B:7904.2(16.39%),P:1e-4	Tpos:935.5,Tstd:1270.4,Bpos:249.0,Bstd:152.9,StrandBias:0.4,Multiplicity:1.82
0.063	0.659	0.211	0.067
0.123	0.831	0.026	0.020
0.049	0.026	0.039	0.886
0.763	0.041	0.014	0.182
0.083	0.672	0.099	0.146
0.069	0.053	0.131	0.747
0.761	0.102	0.040	0.097
0.111	0.138	0.049	0.702
>TATGGCGA	8-TATGGCGA	11.015922	-8.622271	0	T:5.0(2.56%),B:126.1(0.26%),P:1e-3	Tpos:402.0,Tstd:542.9,Bpos:258.6,Bstd:170.9,StrandBias:1.1,Multiplicity:4.40
0.001	0.001	0.001	0.997
0.997	0.001	0.001	0.001
0.001	0.001	0.001	0.997
0.001	0.001	0.997	0.001
0.001	0.001	0.948	0.050
0.001	0.997	0.001	0.001
0.001	0.001	0.997	0.001
0.997	0.001	0.001	0.001
>CMTACART	9-CMTACART	7.524251	-6.993739	0	T:24.0(12.31%),B:2950.5(6.12%),P:1e-3	Tpos:496.2,Tstd:727.6,Bpos:245.8,Bstd:148.9,StrandBias:-0.6,Multiplicity:1.71
0.001	0.997	0.001	0.001
0.450	0.447	0.043	0.060
0.219	0.001	0.001	0.779
0.831	0.001	0.167	0.001
0.151	0.821	0.001	0.027
0.719	0.256	0.004	0.021
0.282	0.167	0.370	0.181
0.037	0.045	0.001	0.917
>AGGCGTAG	10-AGGCGTAG	6.394541	-6.403733	0	T:31.0(15.90%),B:4392.0(9.11%),P:1e-2	Tpos:537.8,Tstd:883.2,Bpos:240.0,Bstd:157.6,StrandBias:0.6,Multiplicity:1.19
0.749	0.084	0.071	0.096
0.059	0.124	0.677	0.140
0.053	0.075	0.717	0.155
0.076	0.827	0.062	0.035
0.034	0.157	0.759	0.050
0.064	0.064	0.042	0.830
0.795	0.057	0.092	0.056
0.118	0.096	0.660	0.126
>TGGAAAAT	11-TGGAAAAT	10.857110	-6.072092	0	T:13.0(6.67%),B:1279.1(2.65%),P:1e-2	Tpos:311.9,Tstd:236.7,Bpos:249.9,Bstd:150.2,StrandBias:0.7,Multiplicity:2.23
0.001	0.001	0.001	0.997
0.001	0.044	0.954	0.001
0.001	0.001	0.997	0.001
0.997	0.001	0.001	0.001
0.962	0.036	0.001	0.001
0.876	0.001	0.001	0.122
0.997	0.001	0.001	0.001
0.001	0.001	0.001	0.997
