>CCTBAGGC	1-CCTBAGGC	6.478002	-530.270661	0	T:10356.0(32.43%),B:7679.2(24.38%),P:1e-230	Tpos:409.5,Tstd:301.0,Bpos:284.9,Bstd:167.0,StrandBias:0.0,Multiplicity:1.36
0.001	0.997	0.001	0.001
0.007	0.968	0.001	0.024
0.001	0.036	0.015	0.948
0.084	0.321	0.333	0.262
0.966	0.001	0.032	0.001
0.001	0.003	0.995	0.001
0.001	0.021	0.977	0.001
0.001	0.948	0.050	0.001
>GCCACGCC	2-GCCACGCC	6.799369	-335.419574	0	T:10657.0(33.38%),B:8455.0(26.85%),P:1e-145	Tpos:430.6,Tstd:312.1,Bpos:266.4,Bstd:160.5,StrandBias:-0.0,Multiplicity:1.77
0.217	0.034	0.660	0.089
0.100	0.699	0.044	0.157
0.089	0.752	0.057	0.102
0.620	0.284	0.032	0.064
0.044	0.838	0.070	0.048
0.293	0.001	0.657	0.049
0.033	0.896	0.005	0.066
0.034	0.880	0.059	0.027
>RCATTCCT	3-RCATTCCT	8.455347	-329.142655	0	T:3692.0(11.56%),B:2370.7(7.53%),P:1e-142	Tpos:380.9,Tstd:321.1,Bpos:279.2,Bstd:161.2,StrandBias:-0.1,Multiplicity:1.07
0.431	0.001	0.567	0.001
0.001	0.997	0.001	0.001
0.889	0.001	0.109	0.001
0.001	0.001	0.001	0.997
0.001	0.001	0.001	0.997
0.001	0.997	0.001	0.001
0.001	0.699	0.209	0.091
0.309	0.001	0.001	0.689
>GCCTBGGG	4-GCCTBGGG	6.648665	-279.478051	0	T:12950.0(40.56%),B:10784.7(34.24%),P:1e-121	Tpos:422.8,Tstd:327.5,Bpos:282.7,Bstd:172.3,StrandBias:0.0,Multiplicity:1.42
0.149	0.281	0.569	0.001
0.001	0.917	0.061	0.021
0.033	0.789	0.061	0.117
0.001	0.041	0.001	0.957
0.065	0.276	0.299	0.359
0.079	0.254	0.498	0.170
0.405	0.001	0.566	0.028
0.113	0.019	0.778	0.090
>AATTCCGG	5-AATTCCGG	5.817908	-227.573661	0	T:8518.0(26.68%),B:6826.8(21.68%),P:1e-98	Tpos:399.2,Tstd:326.9,Bpos:277.0,Bstd:167.4,StrandBias:-0.0,Multiplicity:1.28
0.602	0.173	0.163	0.062
0.723	0.126	0.044	0.107
0.115	0.060	0.093	0.732
0.038	0.096	0.063	0.803
0.043	0.869	0.043	0.045
0.016	0.903	0.051	0.030
0.122	0.076	0.639	0.163
0.097	0.091	0.729	0.083
>CTTATCTN	6-CTTATCTN	7.013900	-159.746821	0	T:4056.0(12.70%),B:3041.2(9.66%),P:1e-69	Tpos:378.6,Tstd:319.2,Bpos:278.0,Bstd:166.2,StrandBias:-0.0,Multiplicity:1.12
0.001	0.807	0.191	0.001
0.107	0.097	0.069	0.727
0.252	0.001	0.107	0.640
0.997	0.001	0.001	0.001
0.068	0.028	0.107	0.797
0.001	0.971	0.027	0.001
0.106	0.041	0.017	0.836
0.263	0.296	0.226	0.215
>CTCWAGGC	7-CTCWAGGC	6.921778	-146.338402	0	T:7374.0(23.09%),B:6071.6(19.28%),P:1e-63	Tpos:409.9,Tstd:319.7,Bpos:280.5,Bstd:164.7,StrandBias:0.0,Multiplicity:1.08
0.100	0.623	0.088	0.189
0.001	0.342	0.001	0.656
0.176	0.555	0.087	0.182
0.296	0.202	0.121	0.382
0.951	0.047	0.001	0.001
0.111	0.001	0.887	0.001
0.001	0.029	0.882	0.088
0.001	0.732	0.266	0.001
>TTTATGGC	8-TTTATGGC	8.712538	-134.669075	0	T:2169.0(6.79%),B:1495.6(4.75%),P:1e-58	Tpos:393.0,Tstd:360.1,Bpos:280.4,Bstd:166.1,StrandBias:0.0,Multiplicity:1.09
0.001	0.001	0.001	0.997
0.001	0.001	0.001	0.997
0.001	0.001	0.001	0.997
0.997	0.001	0.001	0.001
0.001	0.001	0.001	0.997
0.074	0.001	0.768	0.157
0.253	0.001	0.745	0.001
0.001	0.805	0.001	0.193
>GCCGGTTT	9-GCCGGTTT	5.741520	-130.946739	0	T:8211.0(25.72%),B:6912.6(21.95%),P:1e-56	Tpos:402.8,Tstd:336.7,Bpos:281.4,Bstd:175.2,StrandBias:0.0,Multiplicity:1.25
0.215	0.092	0.673	0.020
0.007	0.751	0.141	0.101
0.177	0.656	0.146	0.021
0.120	0.135	0.643	0.102
0.017	0.049	0.905	0.029
0.164	0.051	0.110	0.675
0.001	0.108	0.001	0.890
0.027	0.144	0.025	0.804
>CAAGGTCA	10-CAAGGTCA	7.672624	-129.264356	0	T:4624.0(14.48%),B:3637.1(11.55%),P:1e-56	Tpos:384.0,Tstd:324.3,Bpos:281.2,Bstd:168.1,StrandBias:0.0,Multiplicity:1.14
0.105	0.893	0.001	0.001
0.946	0.001	0.052	0.001
0.997	0.001	0.001	0.001
0.001	0.001	0.997	0.001
0.001	0.001	0.997	0.001
0.121	0.001	0.001	0.877
0.001	0.867	0.001	0.131
0.937	0.001	0.061	0.001
>KCGGAAYK	11-KCGGAAYK	5.482017	-128.498910	0	T:8407.0(26.33%),B:7106.4(22.56%),P:1e-55	Tpos:430.8,Tstd:330.7,Bpos:285.5,Bstd:176.6,StrandBias:-0.1,Multiplicity:1.52
0.103	0.032	0.430	0.435
0.074	0.774	0.001	0.151
0.018	0.148	0.743	0.091
0.050	0.053	0.896	0.001
0.809	0.007	0.168	0.016
0.409	0.169	0.220	0.202
0.243	0.405	0.007	0.345
0.125	0.196	0.412	0.267
>GCGTGATY	12-GCGTGATY	6.338044	-121.738727	0	T:4626.0(14.49%),B:3665.1(11.64%),P:1e-52	Tpos:415.6,Tstd:334.9,Bpos:278.2,Bstd:176.0,StrandBias:-0.0,Multiplicity:1.15
0.118	0.054	0.660	0.168
0.001	0.997	0.001	0.001
0.001	0.001	0.997	0.001
0.055	0.001	0.320	0.624
0.192	0.150	0.623	0.035
0.526	0.223	0.001	0.250
0.254	0.001	0.081	0.664
0.001	0.444	0.013	0.542
>ACACACCC	13-ACACACCC	7.607994	-117.205657	0	T:5190.0(16.25%),B:4190.5(13.31%),P:1e-50	Tpos:385.2,Tstd:328.4,Bpos:281.9,Bstd:163.8,StrandBias:0.1,Multiplicity:1.15
0.750	0.001	0.001	0.248
0.001	0.997	0.001	0.001
0.997	0.001	0.001	0.001
0.001	0.997	0.001	0.001
0.797	0.001	0.052	0.150
0.001	0.997	0.001	0.001
0.001	0.997	0.001	0.001
0.001	0.800	0.046	0.153
>GTCACGTG	14-GTCACGTG	7.320712	-99.757444	0	T:1903.0(5.96%),B:1353.5(4.30%),P:1e-43	Tpos:409.9,Tstd:320.3,Bpos:271.4,Bstd:168.3,StrandBias:0.0,Multiplicity:1.10
0.001	0.001	0.997	0.001
0.260	0.001	0.001	0.738
0.001	0.997	0.001	0.001
0.738	0.001	0.260	0.001
0.001	0.997	0.001	0.001
0.001	0.001	0.997	0.001
0.001	0.001	0.001	0.997
0.122	0.061	0.816	0.001
>GCGBTTTA	15-GCGBTTTA	5.412947	-98.262678	0	T:4237.0(13.27%),B:3402.9(10.81%),P:1e-42	Tpos:413.7,Tstd:345.0,Bpos:278.9,Bstd:183.2,StrandBias:-0.0,Multiplicity:1.14
0.161	0.055	0.670	0.114
0.107	0.889	0.001	0.003
0.038	0.067	0.874	0.021
0.190	0.210	0.241	0.359
0.021	0.141	0.161	0.677
0.111	0.197	0.182	0.510
0.107	0.157	0.172	0.564
0.460	0.226	0.146	0.169
>GCGRTAAV	16-GCGRTAAV	5.062657	-91.588960	0	T:7992.0(25.03%),B:6899.7(21.91%),P:1e-39	Tpos:405.6,Tstd:342.1,Bpos:280.1,Bstd:175.3,StrandBias:0.0,Multiplicity:1.25
0.156	0.113	0.666	0.065
0.115	0.719	0.013	0.153
0.074	0.067	0.785	0.074
0.437	0.060	0.381	0.121
0.151	0.074	0.098	0.677
0.602	0.081	0.087	0.230
0.812	0.040	0.120	0.028
0.352	0.229	0.299	0.120
>GGGTGGAG	17-GGGTGGAG	8.606255	-83.805217	0	T:3910.0(12.25%),B:3164.1(10.05%),P:1e-36	Tpos:410.5,Tstd:331.0,Bpos:281.8,Bstd:166.5,StrandBias:-0.1,Multiplicity:1.12
0.001	0.001	0.997	0.001
0.001	0.112	0.886	0.001
0.001	0.001	0.997	0.001
0.001	0.001	0.001	0.997
0.001	0.118	0.880	0.001
0.001	0.001	0.859	0.139
0.997	0.001	0.001	0.001
0.001	0.001	0.997	0.001
>CGGGAAGT	18-CGGGAAGT	7.339332	-82.963315	0	T:5941.0(18.61%),B:5028.6(15.97%),P:1e-36	Tpos:408.8,Tstd:336.4,Bpos:284.8,Bstd:171.7,StrandBias:0.0,Multiplicity:1.17
0.107	0.891	0.001	0.001
0.293	0.001	0.705	0.001
0.001	0.001	0.997	0.001
0.001	0.001	0.997	0.001
0.872	0.073	0.040	0.015
0.822	0.024	0.095	0.059
0.015	0.001	0.983	0.001
0.121	0.034	0.101	0.744
>ACTTCGGT	19-ACTTCGGT	6.239705	-78.945651	0	T:6245.0(19.56%),B:5331.4(16.93%),P:1e-34	Tpos:391.8,Tstd:324.6,Bpos:281.6,Bstd:168.7,StrandBias:-0.1,Multiplicity:1.17
0.734	0.001	0.057	0.208
0.404	0.594	0.001	0.001
0.001	0.001	0.396	0.602
0.001	0.001	0.001	0.997
0.085	0.757	0.157	0.001
0.001	0.418	0.580	0.001
0.001	0.054	0.674	0.271
0.057	0.190	0.001	0.752
>MGGAVDCT	20-MGGAVDCT	5.257140	-59.333062	0	T:8791.0(27.53%),B:7854.7(24.94%),P:1e-25	Tpos:378.5,Tstd:323.2,Bpos:283.6,Bstd:166.3,StrandBias:0.1,Multiplicity:1.21
0.382	0.357	0.110	0.151
0.001	0.401	0.597	0.001
0.198	0.199	0.602	0.001
0.485	0.255	0.223	0.037
0.402	0.304	0.293	0.001
0.353	0.001	0.268	0.378
0.036	0.644	0.043	0.277
0.001	0.089	0.194	0.716
>CTTATCAG	21-CTTATCAG	8.686447	-55.900970	0	T:1548.0(4.85%),B:1169.4(3.71%),P:1e-24	Tpos:381.5,Tstd:310.7,Bpos:280.3,Bstd:167.2,StrandBias:-0.1,Multiplicity:1.04
0.001	0.868	0.130	0.001
0.001	0.001	0.001	0.997
0.001	0.001	0.001	0.997
0.997	0.001	0.001	0.001
0.001	0.001	0.001	0.997
0.001	0.997	0.001	0.001
0.997	0.001	0.001	0.001
0.167	0.001	0.726	0.106
>CTGAGTCA	22-CTGAGTCA	6.816776	-43.602216	0	T:3312.0(10.37%),B:2804.7(8.91%),P:1e-18	Tpos:374.4,Tstd:318.1,Bpos:285.3,Bstd:166.8,StrandBias:0.0,Multiplicity:1.10
0.103	0.895	0.001	0.001
0.001	0.001	0.129	0.869
0.001	0.001	0.997	0.001
0.997	0.001	0.001	0.001
0.001	0.136	0.862	0.001
0.001	0.001	0.001	0.997
0.001	0.898	0.001	0.100
0.997	0.001	0.001	0.001
>AGATTGKA	23-AGATTGKA	6.910184	-27.461291	0	T:5145.0(16.11%),B:4631.4(14.71%),P:1e-11	Tpos:366.5,Tstd:321.8,Bpos:282.2,Bstd:167.1,StrandBias:0.0,Multiplicity:1.14
0.982	0.006	0.001	0.011
0.076	0.001	0.922	0.001
0.943	0.001	0.005	0.051
0.272	0.001	0.001	0.726
0.190	0.235	0.001	0.574
0.001	0.276	0.722	0.001
0.142	0.118	0.323	0.417
0.997	0.001	0.001	0.001
>TTAGCTAT	24-TTAGCTAT	8.236954	-25.871116	0	T:365.0(1.14%),B:247.8(0.79%),P:1e-11	Tpos:315.3,Tstd:286.8,Bpos:272.7,Bstd:165.7,StrandBias:-0.3,Multiplicity:1.05
0.100	0.100	0.100	0.700
0.100	0.100	0.100	0.700
0.700	0.100	0.100	0.100
0.100	0.100	0.700	0.100
0.100	0.700	0.100	0.100
0.100	0.100	0.100	0.700
0.700	0.100	0.100	0.100
0.100	0.100	0.100	0.700
>ACAAACAA	25-ACAAACAA	5.376513	-22.089177	0	T:3922.0(12.28%),B:3518.7(11.17%),P:1e-9	Tpos:364.5,Tstd:336.2,Bpos:277.6,Bstd:182.3,StrandBias:-0.1,Multiplicity:1.67
0.858	0.080	0.061	0.001
0.001	0.997	0.001	0.001
0.956	0.001	0.042	0.001
0.997	0.001	0.001	0.001
0.997	0.001	0.001	0.001
0.001	0.997	0.001	0.001
0.997	0.001	0.001	0.001
0.997	0.001	0.001	0.001
