>ATTTACAT	1-ATTTACAT	7.887948	-304.458622	0	T:2703.0(19.90%),B:4449.3(12.45%),P:1e-132	Tpos:515.4,Tstd:439.0,Bpos:329.6,Bstd:206.8,StrandBias:0.0,Multiplicity:1.23
0.967	0.031	0.001	0.001
0.054	0.001	0.001	0.944
0.001	0.001	0.001	0.997
0.325	0.102	0.066	0.507
0.568	0.001	0.341	0.090
0.196	0.696	0.001	0.107
0.918	0.001	0.080	0.001
0.288	0.001	0.080	0.631
>TGACCTTG	2-TGACCTTG	10.839248	-304.412804	0	T:1214.0(8.94%),B:1477.1(4.13%),P:1e-132	Tpos:520.1,Tstd:481.6,Bpos:330.0,Bstd:205.1,StrandBias:-0.1,Multiplicity:1.10
0.001	0.001	0.001	0.997
0.105	0.001	0.893	0.001
0.997	0.001	0.001	0.001
0.001	0.997	0.001	0.001
0.001	0.997	0.001	0.001
0.001	0.001	0.001	0.997
0.001	0.001	0.001	0.997
0.001	0.111	0.887	0.001
>TGGKGGAG	3-TGGKGGAG	8.091667	-207.219640	0	T:3977.0(29.28%),B:7817.1(21.87%),P:1e-89	Tpos:501.2,Tstd:479.1,Bpos:334.7,Bstd:203.8,StrandBias:-0.0,Multiplicity:1.31
0.126	0.108	0.225	0.541
0.001	0.141	0.857	0.001
0.077	0.001	0.921	0.001
0.001	0.001	0.516	0.482
0.001	0.099	0.822	0.078
0.004	0.001	0.994	0.001
0.779	0.001	0.126	0.094
0.047	0.001	0.915	0.037
>GGCACTTA	4-GGCACTTA	8.786540	-192.192287	0	T:919.0(6.77%),B:1202.2(3.36%),P:1e-83	Tpos:503.2,Tstd:471.9,Bpos:339.1,Bstd:210.0,StrandBias:0.1,Multiplicity:1.05
0.001	0.001	0.997	0.001
0.001	0.001	0.997	0.001
0.001	0.997	0.001	0.001
0.997	0.001	0.001	0.001
0.102	0.688	0.209	0.001
0.001	0.001	0.001	0.997
0.001	0.001	0.001	0.997
0.997	0.001	0.001	0.001
>CCCCCCCC	5-CCCCCCCC	9.090624	-191.246420	0	T:3628.0(26.71%),B:7088.1(19.83%),P:1e-83	Tpos:508.0,Tstd:496.8,Bpos:326.9,Bstd:215.5,StrandBias:0.0,Multiplicity:1.63
0.001	0.954	0.017	0.028
0.050	0.938	0.011	0.001
0.242	0.641	0.001	0.116
0.334	0.664	0.001	0.001
0.058	0.940	0.001	0.001
0.185	0.797	0.001	0.017
0.052	0.946	0.001	0.001
0.001	0.997	0.001	0.001
>RACTGAAT	6-RACTGAAT	6.682979	-184.806389	0	T:2822.0(20.78%),B:5255.1(14.70%),P:1e-80	Tpos:498.5,Tstd:459.9,Bpos:330.3,Bstd:208.7,StrandBias:-0.0,Multiplicity:1.26
0.499	0.001	0.459	0.041
0.577	0.001	0.001	0.421
0.001	0.576	0.001	0.422
0.001	0.072	0.077	0.850
0.001	0.001	0.997	0.001
0.963	0.001	0.035	0.001
0.997	0.001	0.001	0.001
0.001	0.001	0.001	0.997
>TCAAAGCG	7-TCAAAGCG	6.388116	-172.194142	0	T:3497.0(25.75%),B:6897.6(19.30%),P:1e-74	Tpos:494.0,Tstd:465.7,Bpos:329.2,Bstd:212.7,StrandBias:0.0,Multiplicity:1.24
0.156	0.034	0.093	0.717
0.214	0.508	0.156	0.122
0.841	0.043	0.029	0.087
0.918	0.036	0.029	0.017
0.807	0.045	0.091	0.057
0.045	0.080	0.809	0.066
0.228	0.695	0.042	0.035
0.050	0.104	0.706	0.140
>CYWTTGWW	8-CYWTTGWW	7.326097	-164.929502	0	T:4666.0(34.35%),B:9767.7(27.32%),P:1e-71	Tpos:526.0,Tstd:463.4,Bpos:331.2,Bstd:211.9,StrandBias:0.0,Multiplicity:1.49
0.001	0.783	0.129	0.087
0.018	0.404	0.104	0.474
0.406	0.099	0.001	0.493
0.001	0.001	0.031	0.967
0.001	0.001	0.001	0.997
0.066	0.046	0.752	0.136
0.509	0.001	0.001	0.489
0.454	0.111	0.001	0.434
>GCTAATTA	9-GCTAATTA	6.728197	-163.822479	0	T:2216.0(16.32%),B:3999.4(11.19%),P:1e-71	Tpos:529.4,Tstd:471.2,Bpos:330.1,Bstd:212.1,StrandBias:0.0,Multiplicity:1.22
0.056	0.139	0.752	0.053
0.033	0.632	0.159	0.176
0.171	0.108	0.069	0.652
0.777	0.104	0.030	0.089
0.857	0.018	0.045	0.080
0.048	0.016	0.070	0.866
0.058	0.038	0.120	0.784
0.680	0.048	0.112	0.160
>ATTTACCG	10-ATTTACCG	6.003308	-130.958838	0	T:3158.0(23.25%),B:6371.0(17.82%),P:1e-56	Tpos:498.3,Tstd:474.7,Bpos:334.7,Bstd:211.9,StrandBias:-0.1,Multiplicity:1.21
0.924	0.001	0.033	0.042
0.089	0.001	0.001	0.909
0.001	0.051	0.001	0.947
0.001	0.065	0.001	0.933
0.909	0.047	0.001	0.043
0.001	0.935	0.063	0.001
0.126	0.753	0.071	0.050
0.193	0.030	0.749	0.028
>GGGTGTGG	11-GGGTGTGG	8.049860	-130.653966	0	T:2713.0(19.97%),B:5325.1(14.90%),P:1e-56	Tpos:501.1,Tstd:466.0,Bpos:333.8,Bstd:198.5,StrandBias:-0.1,Multiplicity:1.20
0.001	0.001	0.997	0.001
0.001	0.001	0.997	0.001
0.001	0.001	0.997	0.001
0.001	0.001	0.001	0.997
0.001	0.001	0.997	0.001
0.001	0.001	0.001	0.997
0.094	0.081	0.824	0.001
0.202	0.057	0.601	0.140
>TTCAMGCA	12-TTCAMGCA	7.107477	-127.357625	0	T:2086.0(15.36%),B:3904.5(10.92%),P:1e-55	Tpos:502.2,Tstd:481.4,Bpos:337.4,Bstd:211.4,StrandBias:0.0,Multiplicity:1.19
0.010	0.001	0.001	0.988
0.001	0.001	0.051	0.947
0.057	0.581	0.245	0.117
0.663	0.001	0.238	0.098
0.540	0.458	0.001	0.001
0.001	0.078	0.871	0.050
0.001	0.668	0.233	0.098
0.707	0.001	0.098	0.194
>ATAGCTAA	13-ATAGCTAA	8.236954	-111.605646	0	T:404.0(2.97%),B:466.7(1.31%),P:1e-48	Tpos:493.3,Tstd:431.3,Bpos:322.2,Bstd:201.9,StrandBias:0.1,Multiplicity:1.02
0.700	0.100	0.100	0.100
0.100	0.100	0.100	0.700
0.700	0.100	0.100	0.100
0.100	0.100	0.700	0.100
0.100	0.700	0.100	0.100
0.100	0.100	0.100	0.700
0.700	0.100	0.100	0.100
0.700	0.100	0.100	0.100
>GWCAAWCG	14-GWCAAWCG	5.357295	-107.203448	0	T:3745.0(27.57%),B:7970.8(22.30%),P:1e-46	Tpos:495.0,Tstd:470.1,Bpos:334.0,Bstd:208.0,StrandBias:0.0,Multiplicity:1.27
0.256	0.005	0.738	0.001
0.479	0.001	0.126	0.394
0.235	0.413	0.097	0.256
0.679	0.007	0.001	0.313
0.976	0.022	0.001	0.001
0.394	0.060	0.173	0.373
0.138	0.580	0.135	0.147
0.070	0.168	0.654	0.108
>GCATTGTT	15-GCATTGTT	7.734419	-100.024828	0	T:1485.0(10.93%),B:2711.7(7.59%),P:1e-43	Tpos:504.0,Tstd:463.9,Bpos:334.7,Bstd:211.7,StrandBias:-0.0,Multiplicity:1.08
0.059	0.060	0.819	0.062
0.001	0.792	0.027	0.180
0.795	0.001	0.052	0.152
0.001	0.001	0.001	0.997
0.068	0.001	0.001	0.930
0.079	0.056	0.864	0.001
0.023	0.001	0.001	0.975
0.023	0.029	0.001	0.947
>TTGGAACA	16-TTGGAACA	8.236954	-93.720261	0	T:555.0(4.09%),B:785.2(2.20%),P:1e-40	Tpos:478.3,Tstd:425.1,Bpos:339.3,Bstd:206.2,StrandBias:0.1,Multiplicity:1.05
0.100	0.100	0.100	0.700
0.100	0.100	0.100	0.700
0.100	0.100	0.700	0.100
0.100	0.100	0.700	0.100
0.700	0.100	0.100	0.100
0.700	0.100	0.100	0.100
0.100	0.700	0.100	0.100
0.700	0.100	0.100	0.100
>RGCGWTTW	17-RGCGWTTW	6.090779	-92.871502	0	T:3416.0(25.15%),B:7293.3(20.40%),P:1e-40	Tpos:500.8,Tstd:477.8,Bpos:336.3,Bstd:214.0,StrandBias:-0.1,Multiplicity:1.23
0.432	0.091	0.444	0.033
0.001	0.100	0.887	0.012
0.079	0.820	0.001	0.100
0.052	0.175	0.681	0.092
0.427	0.001	0.020	0.552
0.001	0.001	0.001	0.997
0.044	0.258	0.001	0.697
0.504	0.083	0.025	0.388
>GATCCATA	18-GATCCATA	7.745086	-79.188066	0	T:325.0(2.39%),B:398.0(1.11%),P:1e-34	Tpos:452.3,Tstd:432.9,Bpos:344.9,Bstd:199.6,StrandBias:0.1,Multiplicity:1.02
0.001	0.001	0.997	0.001
0.997	0.001	0.001	0.001
0.001	0.001	0.001	0.997
0.001	0.997	0.001	0.001
0.001	0.962	0.036	0.001
0.997	0.001	0.001	0.001
0.001	0.001	0.001	0.997
0.997	0.001	0.001	0.001
>TTAAMNCG	19-TTAAMNCG	6.196821	-72.467638	0	T:1521.0(11.20%),B:2960.2(8.28%),P:1e-31	Tpos:515.7,Tstd:479.2,Bpos:336.4,Bstd:221.5,StrandBias:0.0,Multiplicity:1.10
0.049	0.091	0.019	0.841
0.333	0.091	0.015	0.561
0.892	0.029	0.001	0.078
0.926	0.005	0.048	0.021
0.478	0.372	0.081	0.069
0.178	0.310	0.326	0.186
0.040	0.748	0.186	0.026
0.026	0.165	0.660	0.149
>CRCATTCC	20-CRCATTCC	7.056714	-67.585162	0	T:2144.0(15.79%),B:4454.0(12.46%),P:1e-29	Tpos:477.1,Tstd:452.0,Bpos:332.1,Bstd:203.1,StrandBias:0.0,Multiplicity:1.14
0.001	0.756	0.058	0.185
0.443	0.054	0.309	0.194
0.228	0.621	0.131	0.020
0.775	0.073	0.001	0.151
0.100	0.001	0.001	0.898
0.067	0.001	0.001	0.931
0.141	0.712	0.065	0.082
0.001	0.875	0.123	0.001
>CTCCTGGA	21-CTCCTGGA	10.646202	-62.141340	0	T:979.0(7.21%),B:1803.8(5.05%),P:1e-26	Tpos:453.8,Tstd:431.0,Bpos:331.1,Bstd:201.8,StrandBias:-0.0,Multiplicity:1.03
0.001	0.997	0.001	0.001
0.001	0.001	0.001	0.997
0.001	0.997	0.001	0.001
0.001	0.997	0.001	0.001
0.267	0.077	0.001	0.655
0.001	0.001	0.997	0.001
0.001	0.001	0.997	0.001
0.997	0.001	0.001	0.001
>CGGAATTC	22-CGGAATTC	9.028851	-60.295346	0	T:1037.0(7.64%),B:1943.3(5.44%),P:1e-26	Tpos:478.2,Tstd:447.7,Bpos:329.3,Bstd:215.0,StrandBias:-0.1,Multiplicity:1.10
0.053	0.638	0.044	0.265
0.001	0.001	0.613	0.385
0.001	0.041	0.957	0.001
0.968	0.019	0.012	0.001
0.973	0.025	0.001	0.001
0.010	0.037	0.025	0.928
0.001	0.009	0.001	0.989
0.028	0.947	0.008	0.017
>CCCGTATA	23-CCCGTATA	8.236954	-58.946811	0	T:77.0(0.57%),B:45.7(0.13%),P:1e-25	Tpos:426.9,Tstd:359.7,Bpos:357.4,Bstd:183.3,StrandBias:-0.5,Multiplicity:1.00
0.100	0.700	0.100	0.100
0.100	0.700	0.100	0.100
0.100	0.700	0.100	0.100
0.100	0.100	0.700	0.100
0.100	0.100	0.100	0.700
0.700	0.100	0.100	0.100
0.100	0.100	0.100	0.700
0.700	0.100	0.100	0.100
>TCGAGCAT	24-TCGAGCAT	8.236954	-53.812985	0	T:116.0(0.85%),B:101.8(0.28%),P:1e-23	Tpos:385.2,Tstd:503.7,Bpos:377.4,Bstd:206.9,StrandBias:0.0,Multiplicity:1.00
0.100	0.100	0.100	0.700
0.100	0.700	0.100	0.100
0.100	0.100	0.700	0.100
0.700	0.100	0.100	0.100
0.100	0.100	0.700	0.100
0.100	0.700	0.100	0.100
0.700	0.100	0.100	0.100
0.100	0.100	0.100	0.700
>GAGAATGC	25-GAGAATGC	8.236954	-53.331545	0	T:405.0(2.98%),B:623.4(1.74%),P:1e-23	Tpos:457.3,Tstd:406.7,Bpos:324.9,Bstd:204.2,StrandBias:-0.0,Multiplicity:1.04
0.100	0.100	0.700	0.100
0.700	0.100	0.100	0.100
0.100	0.100	0.700	0.100
0.700	0.100	0.100	0.100
0.700	0.100	0.100	0.100
0.100	0.100	0.100	0.700
0.100	0.100	0.700	0.100
0.100	0.700	0.100	0.100
