>GCCCCGCC	1-GCCCCGCC	6.532955	-48.573208	0	T:367.0(50.00%),B:15566.4(32.89%),P:1e-21	Tpos:200.9,Tstd:242.2,Bpos:166.3,Bstd:117.6,StrandBias:0.2,Multiplicity:2.23
0.307	0.001	0.691	0.001
0.001	0.696	0.001	0.302
0.001	0.686	0.001	0.312
0.367	0.631	0.001	0.001
0.001	0.997	0.001	0.001
0.001	0.001	0.997	0.001
0.001	0.997	0.001	0.001
0.001	0.997	0.001	0.001
>TTTCCGGC	2-TTTCCGGC	6.463727	-31.228190	0	T:198.0(26.98%),B:7560.6(15.97%),P:1e-13	Tpos:216.1,Tstd:314.6,Bpos:177.0,Bstd:120.3,StrandBias:-0.0,Multiplicity:1.24
0.103	0.311	0.001	0.585
0.001	0.001	0.001	0.997
0.105	0.001	0.001	0.893
0.001	0.997	0.001	0.001
0.001	0.997	0.001	0.001
0.001	0.049	0.949	0.001
0.001	0.022	0.761	0.216
0.001	0.507	0.140	0.352
>AACCAATC	3-AACCAATC	7.618844	-26.372771	0	T:115.0(15.67%),B:3765.8(7.96%),P:1e-11	Tpos:385.0,Tstd:690.2,Bpos:165.1,Bstd:113.1,StrandBias:0.6,Multiplicity:1.50
0.735	0.029	0.205	0.031
0.600	0.100	0.299	0.001
0.001	0.997	0.001	0.001
0.001	0.981	0.001	0.017
0.997	0.001	0.001	0.001
0.973	0.025	0.001	0.001
0.132	0.078	0.001	0.789
0.001	0.952	0.023	0.024
>TCGCGATA	4-TCGCGATA	5.232592	-25.204610	0	T:123.0(16.76%),B:4219.8(8.92%),P:1e-10	Tpos:298.1,Tstd:468.6,Bpos:178.0,Bstd:127.9,StrandBias:-0.1,Multiplicity:1.36
0.066	0.066	0.050	0.818
0.076	0.760	0.036	0.128
0.134	0.068	0.751	0.047
0.087	0.778	0.053	0.082
0.074	0.186	0.659	0.081
0.690	0.120	0.055	0.135
0.101	0.063	0.119	0.717
0.836	0.055	0.077	0.032
>TATGGCGA	5-TATGGCGA	10.915005	-24.810947	0	T:16.0(2.18%),B:103.1(0.22%),P:1e-10	Tpos:421.5,Tstd:489.1,Bpos:182.6,Bstd:132.3,StrandBias:1.2,Multiplicity:2.31
0.001	0.001	0.001	0.997
0.997	0.001	0.001	0.001
0.001	0.001	0.001	0.997
0.001	0.001	0.997	0.001
0.001	0.001	0.997	0.001
0.001	0.997	0.001	0.001
0.141	0.001	0.857	0.001
0.997	0.001	0.001	0.001
>AGCGTTTG	6-AGCGTTTG	6.293522	-22.930923	0	T:197.0(26.84%),B:8221.3(17.37%),P:1e-9	Tpos:214.3,Tstd:257.5,Bpos:186.3,Bstd:122.7,StrandBias:-0.1,Multiplicity:1.18
0.740	0.001	0.001	0.258
0.001	0.001	0.979	0.019
0.001	0.956	0.001	0.042
0.001	0.001	0.997	0.001
0.001	0.069	0.193	0.737
0.001	0.267	0.063	0.669
0.293	0.037	0.001	0.669
0.001	0.001	0.884	0.114
>AAAGGGCG	7-AAAGGGCG	5.315013	-21.096474	0	T:313.0(42.64%),B:15100.2(31.90%),P:1e-9	Tpos:222.8,Tstd:292.7,Bpos:180.0,Bstd:124.5,StrandBias:0.0,Multiplicity:1.35
0.841	0.020	0.066	0.073
0.828	0.044	0.076	0.052
0.643	0.130	0.084	0.143
0.119	0.041	0.697	0.143
0.043	0.088	0.749	0.120
0.206	0.083	0.608	0.103
0.046	0.782	0.107	0.065
0.065	0.016	0.862	0.057
>CGTCCAAT	8-CGTCCAAT	5.376070	-20.996909	0	T:147.0(20.03%),B:5737.6(12.12%),P:1e-9	Tpos:285.0,Tstd:569.0,Bpos:175.9,Bstd:121.9,StrandBias:0.0,Multiplicity:1.11
0.066	0.733	0.148	0.053
0.056	0.041	0.777	0.126
0.068	0.115	0.096	0.721
0.079	0.770	0.084	0.067
0.134	0.696	0.046	0.124
0.773	0.063	0.061	0.103
0.807	0.058	0.088	0.047
0.066	0.081	0.119	0.734
>AACGCCTC	9-AACGCCTC	7.029302	-19.935611	0	T:128.0(17.44%),B:4850.3(10.25%),P:1e-8	Tpos:228.9,Tstd:270.7,Bpos:185.2,Bstd:125.9,StrandBias:0.3,Multiplicity:1.16
0.798	0.144	0.001	0.057
0.791	0.123	0.085	0.001
0.001	0.821	0.001	0.177
0.037	0.001	0.923	0.039
0.047	0.951	0.001	0.001
0.001	0.906	0.049	0.044
0.001	0.053	0.001	0.945
0.066	0.911	0.022	0.001
>CTACGGAT	10-CTACGGAT	5.364309	-17.827270	0	T:145.0(19.75%),B:5918.0(12.50%),P:1e-7	Tpos:324.0,Tstd:709.4,Bpos:183.4,Bstd:126.5,StrandBias:0.2,Multiplicity:1.21
0.045	0.714	0.087	0.154
0.100	0.061	0.087	0.752
0.815	0.063	0.008	0.114
0.039	0.835	0.084	0.042
0.074	0.080	0.831	0.015
0.100	0.115	0.732	0.053
0.645	0.081	0.098	0.176
0.171	0.053	0.092	0.684
>TGTCGACT	11-TGTCGACT	7.707706	-16.062740	0	T:39.0(5.31%),B:963.0(2.03%),P:1e-6	Tpos:215.9,Tstd:179.5,Bpos:181.4,Bstd:131.5,StrandBias:0.7,Multiplicity:1.08
0.195	0.122	0.001	0.682
0.190	0.025	0.494	0.291
0.338	0.014	0.001	0.647
0.001	0.997	0.001	0.001
0.001	0.001	0.997	0.001
0.642	0.008	0.349	0.001
0.053	0.923	0.015	0.009
0.002	0.001	0.072	0.925
>CAGAACGA	12-CAGAACGA	7.290557	-12.723978	0	T:61.0(8.31%),B:2097.3(4.43%),P:1e-5	Tpos:191.3,Tstd:251.8,Bpos:186.2,Bstd:124.5,StrandBias:-0.3,Multiplicity:1.05
0.325	0.551	0.001	0.123
0.656	0.111	0.001	0.232
0.093	0.001	0.905	0.001
0.671	0.327	0.001	0.001
0.988	0.010	0.001	0.001
0.216	0.782	0.001	0.001
0.001	0.013	0.985	0.001
0.466	0.136	0.217	0.181
>TGTAGGAC	13-TGTAGGAC	8.094768	-9.735765	0	T:33.0(4.50%),B:999.2(2.11%),P:1e-4	Tpos:285.8,Tstd:246.8,Bpos:188.8,Bstd:116.9,StrandBias:1.0,Multiplicity:2.18
0.001	0.001	0.001	0.997
0.059	0.001	0.804	0.136
0.001	0.001	0.001	0.997
0.997	0.001	0.001	0.001
0.001	0.001	0.997	0.001
0.135	0.001	0.863	0.001
0.997	0.001	0.001	0.001
0.001	0.997	0.001	0.001
>TTYTCATT	14-TTYTCATT	8.152456	-8.768661	0	T:83.0(11.31%),B:3556.9(7.52%),P:1e-3	Tpos:335.3,Tstd:372.7,Bpos:180.0,Bstd:121.8,StrandBias:-0.3,Multiplicity:1.84
0.001	0.001	0.001	0.997
0.001	0.001	0.001	0.997
0.001	0.501	0.001	0.497
0.001	0.061	0.001	0.937
0.001	0.953	0.001	0.045
0.755	0.144	0.100	0.001
0.001	0.241	0.219	0.539
0.001	0.001	0.338	0.660
>ACTGAAAA	15-ACTGAAAA	9.201344	-8.037602	0	T:35.0(4.77%),B:1191.7(2.52%),P:1e-3	Tpos:404.5,Tstd:484.4,Bpos:179.9,Bstd:126.3,StrandBias:0.4,Multiplicity:2.69
0.997	0.001	0.001	0.001
0.001	0.997	0.001	0.001
0.001	0.001	0.354	0.644
0.001	0.008	0.597	0.394
0.605	0.001	0.393	0.001
0.997	0.001	0.001	0.001
0.997	0.001	0.001	0.001
0.997	0.001	0.001	0.001
