>ACGGGCCC	1-ACGGGCCC	7.700570	-14.524392	0	T:17.0(21.25%),B:2499.3(5.10%),P:1e-6	Tpos:612.7,Tstd:1243.6,Bpos:300.5,Bstd:183.0,StrandBias:0.0,Multiplicity:1.18
0.928	0.017	0.001	0.054
0.001	0.853	0.027	0.119
0.130	0.001	0.868	0.001
0.001	0.001	0.910	0.088
0.086	0.001	0.912	0.001
0.057	0.776	0.066	0.101
0.080	0.918	0.001	0.001
0.083	0.915	0.001	0.001
>WACGACGT	2-WACGACGT	7.611121	-12.511410	0	T:10.0(12.50%),B:953.6(1.95%),P:1e-5	Tpos:509.8,Tstd:771.4,Bpos:304.0,Bstd:197.6,StrandBias:1.0,Multiplicity:1.60
0.402	0.185	0.001	0.413
0.997	0.001	0.001	0.001
0.001	0.763	0.235	0.001
0.001	0.001	0.997	0.001
0.601	0.001	0.001	0.397
0.001	0.997	0.001	0.001
0.001	0.001	0.832	0.166
0.001	0.001	0.001	0.997
>TGATTTCG	3-TGATTTCG	8.679182	-10.986607	0	T:8.0(10.00%),B:683.9(1.40%),P:1e-4	Tpos:380.6,Tstd:453.3,Bpos:290.2,Bstd:200.6,StrandBias:-0.6,Multiplicity:1.25
0.001	0.001	0.120	0.878
0.001	0.118	0.880	0.001
0.997	0.001	0.001	0.001
0.001	0.001	0.001	0.997
0.001	0.001	0.119	0.879
0.001	0.001	0.001	0.997
0.001	0.997	0.001	0.001
0.001	0.001	0.997	0.001
>CATTCATA	4-CATTCATA	8.407509	-10.724068	0	T:16.0(20.00%),B:2976.8(6.08%),P:1e-4	Tpos:834.0,Tstd:1373.6,Bpos:303.1,Bstd:177.3,StrandBias:1.0,Multiplicity:1.50
0.001	0.964	0.034	0.001
0.997	0.001	0.001	0.001
0.001	0.077	0.266	0.656
0.001	0.001	0.001	0.997
0.001	0.997	0.001	0.001
0.935	0.063	0.001	0.001
0.001	0.001	0.001	0.997
0.997	0.001	0.001	0.001
>RCATDWCT	5-RCATDWCT	7.656256	-9.560101	0	T:28.0(35.00%),B:8274.5(16.89%),P:1e-4	Tpos:698.7,Tstd:1174.6,Bpos:296.3,Bstd:177.7,StrandBias:-0.3,Multiplicity:1.67
0.509	0.001	0.489	0.001
0.001	0.960	0.038	0.001
0.969	0.001	0.001	0.029
0.001	0.096	0.238	0.665
0.279	0.105	0.256	0.360
0.490	0.084	0.001	0.425
0.077	0.921	0.001	0.001
0.001	0.060	0.001	0.938
>AACCCTAC	6-AACCCTAC	6.092812	-7.468484	0	T:35.0(43.75%),B:12908.8(26.35%),P:1e-3	Tpos:909.1,Tstd:1163.1,Bpos:298.5,Bstd:180.6,StrandBias:0.3,Multiplicity:2.11
0.997	0.001	0.001	0.001
0.661	0.315	0.023	0.001
0.169	0.661	0.072	0.098
0.097	0.901	0.001	0.001
0.060	0.938	0.001	0.001
0.047	0.001	0.203	0.749
0.997	0.001	0.001	0.001
0.112	0.806	0.081	0.001
>AAAATGAG	7-AAAATGAG	9.376944	-6.180626	0	T:15.0(18.75%),B:4032.6(8.23%),P:1e-2	Tpos:267.3,Tstd:247.0,Bpos:296.4,Bstd:180.3,StrandBias:1.8,Multiplicity:1.47
0.997	0.001	0.001	0.001
0.997	0.001	0.001	0.001
0.997	0.001	0.001	0.001
0.997	0.001	0.001	0.001
0.001	0.001	0.001	0.997
0.001	0.001	0.997	0.001
0.775	0.001	0.223	0.001
0.001	0.175	0.823	0.001
>TTTTCASK	8-TTTTCASK	9.595145	-5.568059	0	T:15.0(18.75%),B:4299.5(8.77%),P:1e-2	Tpos:239.8,Tstd:188.2,Bpos:295.5,Bstd:185.2,StrandBias:-0.7,Multiplicity:2.67
0.001	0.001	0.001	0.997
0.001	0.001	0.001	0.997
0.001	0.001	0.001	0.997
0.001	0.001	0.001	0.997
0.001	0.997	0.001	0.001
0.997	0.001	0.001	0.001
0.001	0.439	0.559	0.001
0.001	0.001	0.520	0.478
>GCGAGAAA	9-GCGAGAAA	10.731016	-5.146319	0	T:3.0(3.75%),B:221.1(0.45%),P:1e-2	Tpos:227.5,Tstd:202.4,Bpos:286.7,Bstd:195.1,StrandBias:1.0,Multiplicity:2.00
0.081	0.009	0.782	0.128
0.001	0.997	0.001	0.001
0.001	0.001	0.997	0.001
0.909	0.001	0.001	0.089
0.001	0.001	0.997	0.001
0.997	0.001	0.001	0.001
0.997	0.001	0.001	0.001
0.997	0.001	0.001	0.001
>TGGAAWAT	10-TGGAAWAT	10.195895	-3.060492	0	T:5.0(6.25%),B:1200.7(2.45%),P:1e-1	Tpos:384.5,Tstd:550.3,Bpos:304.2,Bstd:177.4,StrandBias:1.7,Multiplicity:2.60
0.001	0.211	0.001	0.787
0.001	0.063	0.935	0.001
0.001	0.001	0.997	0.001
0.997	0.001	0.001	0.001
0.997	0.001	0.001	0.001
0.434	0.001	0.001	0.564
0.997	0.001	0.001	0.001
0.001	0.001	0.001	0.997
>TATTATTA	11-TATTATTA	7.860849	-2.319527	0	T:13.0(16.25%),B:5398.5(11.02%),P:1e-1	Tpos:897.4,Tstd:1199.5,Bpos:303.7,Bstd:175.6,StrandBias:0.8,Multiplicity:2.67
0.001	0.001	0.001	0.997
0.997	0.001	0.001	0.001
0.001	0.001	0.001	0.997
0.001	0.001	0.315	0.683
0.610	0.059	0.330	0.001
0.001	0.001	0.001	0.997
0.001	0.001	0.001	0.997
0.997	0.001	0.001	0.001
>ACGDGAAA	12-ACGDGAAA	6.368662	-2.306752	0	T:11.0(13.75%),B:4381.3(8.94%),P:1e-1	Tpos:705.6,Tstd:1129.3,Bpos:297.2,Bstd:194.4,StrandBias:0.5,Multiplicity:1.73
0.511	0.072	0.218	0.199
0.001	0.800	0.020	0.179
0.001	0.102	0.839	0.058
0.412	0.001	0.300	0.287
0.200	0.001	0.798	0.001
0.513	0.172	0.314	0.001
0.784	0.001	0.119	0.096
0.783	0.165	0.001	0.051
