>AGAGGGCG	1-AGAGGGCG	8.456947	-1433.521784	0	T:11970.0(28.73%),B:7322.6(18.02%),P:1e-622	Tpos:417.9,Tstd:299.9,Bpos:346.8,Bstd:209.5,StrandBias:-0.0,Multiplicity:1.21
0.997	0.001	0.001	0.001
0.001	0.001	0.997	0.001
0.786	0.001	0.212	0.001
0.001	0.001	0.997	0.001
0.001	0.001	0.997	0.001
0.001	0.001	0.997	0.001
0.001	0.997	0.001	0.001
0.345	0.001	0.653	0.001
>CCACTAGA	2-CCACTAGA	7.766421	-602.736594	0	T:3492.0(8.38%),B:1818.1(4.47%),P:1e-261	Tpos:392.5,Tstd:282.5,Bpos:355.1,Bstd:213.8,StrandBias:0.1,Multiplicity:1.03
0.001	0.997	0.001	0.001
0.001	0.865	0.063	0.071
0.997	0.001	0.001	0.001
0.001	0.997	0.001	0.001
0.001	0.001	0.001	0.997
0.997	0.001	0.001	0.001
0.001	0.001	0.997	0.001
0.582	0.001	0.416	0.001
>TCTATTGT	3-TCTATTGT	10.902086	-569.444828	0	T:1595.0(3.83%),B:592.9(1.46%),P:1e-247	Tpos:437.4,Tstd:266.7,Bpos:346.7,Bstd:210.6,StrandBias:-0.1,Multiplicity:1.04
0.001	0.001	0.152	0.846
0.001	0.997	0.001	0.001
0.001	0.001	0.001	0.997
0.997	0.001	0.001	0.001
0.001	0.001	0.001	0.997
0.001	0.001	0.001	0.997
0.001	0.001	0.997	0.001
0.001	0.001	0.001	0.997
>AATCSCGC	4-AATCSCGC	4.889217	-436.656357	0	T:17653.0(42.38%),B:14387.2(35.40%),P:1e-189	Tpos:455.1,Tstd:331.1,Bpos:349.3,Bstd:226.0,StrandBias:-0.0,Multiplicity:1.56
0.869	0.001	0.091	0.039
0.818	0.047	0.001	0.134
0.175	0.074	0.117	0.634
0.199	0.709	0.053	0.039
0.227	0.272	0.420	0.082
0.028	0.821	0.129	0.022
0.040	0.008	0.857	0.095
0.051	0.690	0.072	0.187
>GCATTCCG	5-GCATTCCG	2.776599	-431.024863	0	T:15971.0(38.34%),B:12832.1(31.57%),P:1e-187	Tpos:436.0,Tstd:319.4,Bpos:350.4,Bstd:220.2,StrandBias:-0.0,Multiplicity:1.38
0.026	0.001	0.972	0.001
0.032	0.959	0.008	0.001
0.997	0.001	0.001	0.001
0.001	0.001	0.001	0.997
0.001	0.001	0.001	0.997
0.001	0.997	0.001	0.001
0.001	0.997	0.001	0.001
0.027	0.008	0.948	0.017
>WANTTCCG	6-WANTTCCG	5.517652	-385.660603	0	T:12984.0(31.17%),B:10224.2(25.15%),P:1e-167	Tpos:460.6,Tstd:331.2,Bpos:348.4,Bstd:220.3,StrandBias:-0.0,Multiplicity:1.40
0.399	0.138	0.001	0.462
0.576	0.061	0.109	0.254
0.325	0.198	0.289	0.188
0.093	0.310	0.001	0.596
0.114	0.120	0.001	0.765
0.001	0.744	0.254	0.001
0.001	0.863	0.135	0.001
0.001	0.001	0.997	0.001
>GYCACGTG	7-GYCACGTG	8.020051	-385.028309	0	T:5504.0(13.21%),B:3694.7(9.09%),P:1e-167	Tpos:435.1,Tstd:304.5,Bpos:349.7,Bstd:208.6,StrandBias:-0.0,Multiplicity:1.12
0.328	0.102	0.554	0.016
0.001	0.450	0.174	0.375
0.114	0.884	0.001	0.001
0.950	0.001	0.048	0.001
0.033	0.945	0.001	0.021
0.113	0.314	0.503	0.070
0.154	0.055	0.001	0.790
0.001	0.001	0.997	0.001
>CYMCACCC	8-CYMCACCC	8.149718	-375.204089	0	T:13832.0(33.20%),B:11032.7(27.14%),P:1e-162	Tpos:443.4,Tstd:327.6,Bpos:349.9,Bstd:210.5,StrandBias:-0.0,Multiplicity:1.53
0.018	0.881	0.001	0.100
0.096	0.353	0.128	0.422
0.421	0.502	0.036	0.041
0.070	0.793	0.121	0.016
0.875	0.001	0.123	0.001
0.001	0.997	0.001	0.001
0.028	0.784	0.187	0.001
0.017	0.744	0.037	0.202
>CAAGGTCA	9-CAAGGTCA	8.144137	-337.365345	0	T:5338.0(12.81%),B:3653.2(8.99%),P:1e-146	Tpos:417.7,Tstd:317.4,Bpos:355.1,Bstd:215.0,StrandBias:-0.0,Multiplicity:1.13
0.001	0.888	0.110	0.001
0.997	0.001	0.001	0.001
0.997	0.001	0.001	0.001
0.001	0.001	0.997	0.001
0.001	0.001	0.997	0.001
0.001	0.001	0.001	0.997
0.001	0.924	0.001	0.074
0.933	0.001	0.065	0.001
>TGTAATGC	10-TGTAATGC	8.236954	-329.341786	0	T:1084.0(2.60%),B:438.5(1.08%),P:1e-143	Tpos:438.9,Tstd:278.0,Bpos:352.1,Bstd:224.8,StrandBias:0.1,Multiplicity:1.09
0.100	0.100	0.100	0.700
0.100	0.100	0.700	0.100
0.100	0.100	0.100	0.700
0.700	0.100	0.100	0.100
0.700	0.100	0.100	0.100
0.100	0.100	0.100	0.700
0.100	0.100	0.700	0.100
0.100	0.700	0.100	0.100
>BAAACCGB	11-BAAACCGB	5.331176	-321.704209	0	T:14424.0(34.62%),B:11757.4(28.93%),P:1e-139	Tpos:459.8,Tstd:337.0,Bpos:354.9,Bstd:232.0,StrandBias:-0.0,Multiplicity:1.41
0.161	0.340	0.293	0.205
0.823	0.029	0.071	0.077
0.834	0.059	0.089	0.018
0.751	0.052	0.114	0.083
0.108	0.706	0.139	0.047
0.028	0.869	0.102	0.001
0.001	0.005	0.933	0.061
0.136	0.308	0.336	0.220
>ACCAGGGG	12-ACCAGGGG	8.236954	-318.694619	0	T:1982.0(4.76%),B:1050.5(2.58%),P:1e-138	Tpos:421.9,Tstd:293.3,Bpos:351.1,Bstd:214.0,StrandBias:-0.1,Multiplicity:1.04
0.700	0.100	0.100	0.100
0.100	0.700	0.100	0.100
0.100	0.700	0.100	0.100
0.700	0.100	0.100	0.100
0.100	0.100	0.700	0.100
0.100	0.100	0.700	0.100
0.100	0.100	0.700	0.100
0.100	0.100	0.700	0.100
>NACAACGC	13-NACAACGC	5.532879	-257.148975	0	T:17712.0(42.52%),B:15098.0(37.15%),P:1e-111	Tpos:440.3,Tstd:323.1,Bpos:353.7,Bstd:223.0,StrandBias:0.0,Multiplicity:1.37
0.300	0.267	0.275	0.159
0.759	0.014	0.182	0.045
0.077	0.777	0.112	0.034
0.837	0.113	0.011	0.039
0.803	0.073	0.117	0.007
0.151	0.765	0.023	0.061
0.001	0.084	0.878	0.037
0.059	0.491	0.267	0.183
>GCGTGAAA	14-GCGTGAAA	6.279099	-232.341961	0	T:10204.0(24.49%),B:8205.2(20.19%),P:1e-100	Tpos:436.8,Tstd:334.0,Bpos:350.1,Bstd:223.8,StrandBias:0.0,Multiplicity:1.19
0.014	0.240	0.718	0.028
0.001	0.891	0.001	0.107
0.001	0.055	0.809	0.135
0.032	0.001	0.071	0.896
0.022	0.013	0.964	0.001
0.840	0.027	0.114	0.019
0.982	0.001	0.001	0.016
0.967	0.031	0.001	0.001
>CCATACAC	15-CCATACAC	8.236954	-231.347675	0	T:1330.0(3.19%),B:684.9(1.69%),P:1e-100	Tpos:430.9,Tstd:305.7,Bpos:357.5,Bstd:207.4,StrandBias:-0.1,Multiplicity:1.09
0.100	0.700	0.100	0.100
0.100	0.700	0.100	0.100
0.700	0.100	0.100	0.100
0.100	0.100	0.100	0.700
0.700	0.100	0.100	0.100
0.100	0.700	0.100	0.100
0.700	0.100	0.100	0.100
0.100	0.700	0.100	0.100
>GCACTTAT	16-GCACTTAT	8.236954	-229.665108	0	T:877.0(2.11%),B:381.3(0.94%),P:1e-99	Tpos:469.4,Tstd:353.4,Bpos:348.7,Bstd:209.9,StrandBias:0.1,Multiplicity:1.01
0.100	0.100	0.700	0.100
0.100	0.700	0.100	0.100
0.700	0.100	0.100	0.100
0.100	0.700	0.100	0.100
0.100	0.100	0.100	0.700
0.100	0.100	0.100	0.700
0.700	0.100	0.100	0.100
0.100	0.100	0.100	0.700
>TCTGAATG	17-TCTGAATG	9.888415	-228.506566	0	T:3310.0(7.95%),B:2210.0(5.44%),P:1e-99	Tpos:422.6,Tstd:306.8,Bpos:360.0,Bstd:216.8,StrandBias:-0.1,Multiplicity:1.12
0.001	0.001	0.001	0.997
0.001	0.691	0.001	0.307
0.001	0.001	0.001	0.997
0.001	0.001	0.997	0.001
0.997	0.001	0.001	0.001
0.997	0.001	0.001	0.001
0.001	0.001	0.001	0.997
0.001	0.001	0.997	0.001
>ACGCTAAT	18-ACGCTAAT	5.427498	-221.656299	0	T:4329.0(10.39%),B:3068.6(7.55%),P:1e-96	Tpos:422.9,Tstd:320.8,Bpos:342.9,Bstd:218.9,StrandBias:-0.1,Multiplicity:1.15
0.997	0.001	0.001	0.001
0.001	0.861	0.001	0.137
0.001	0.001	0.997	0.001
0.001	0.971	0.001	0.027
0.045	0.001	0.001	0.953
0.997	0.001	0.001	0.001
0.997	0.001	0.001	0.001
0.001	0.001	0.001	0.997
>GTAAATAC	19-GTAAATAC	7.296007	-204.275705	0	T:3812.0(9.15%),B:2676.0(6.58%),P:1e-88	Tpos:419.7,Tstd:296.0,Bpos:351.0,Bstd:223.1,StrandBias:0.0,Multiplicity:1.18
0.001	0.001	0.997	0.001
0.001	0.001	0.001	0.997
0.997	0.001	0.001	0.001
0.997	0.001	0.001	0.001
0.792	0.001	0.001	0.206
0.001	0.324	0.001	0.674
0.909	0.001	0.001	0.089
0.001	0.997	0.001	0.001
>TGAATAGG	20-TGAATAGG	8.197785	-187.946044	0	T:2001.0(4.80%),B:1241.4(3.05%),P:1e-81	Tpos:428.5,Tstd:323.3,Bpos:352.5,Bstd:219.8,StrandBias:0.0,Multiplicity:1.07
0.001	0.069	0.001	0.929
0.001	0.001	0.997	0.001
0.997	0.001	0.001	0.001
0.997	0.001	0.001	0.001
0.001	0.001	0.001	0.997
0.818	0.001	0.001	0.180
0.001	0.001	0.997	0.001
0.001	0.001	0.997	0.001
>ATAGCTAA	21-ATAGCTAA	10.788285	-183.756167	0	T:1029.0(2.47%),B:524.1(1.29%),P:1e-79	Tpos:441.5,Tstd:298.4,Bpos:355.9,Bstd:209.9,StrandBias:0.1,Multiplicity:1.05
0.997	0.001	0.001	0.001
0.001	0.001	0.001	0.997
0.997	0.001	0.001	0.001
0.001	0.001	0.997	0.001
0.001	0.755	0.243	0.001
0.001	0.001	0.001	0.997
0.997	0.001	0.001	0.001
0.997	0.001	0.001	0.001
>GTACTGCA	22-GTACTGCA	10.096461	-181.166554	0	T:1498.0(3.60%),B:867.0(2.13%),P:1e-78	Tpos:374.4,Tstd:270.8,Bpos:354.5,Bstd:215.7,StrandBias:0.0,Multiplicity:1.02
0.001	0.001	0.997	0.001
0.001	0.001	0.001	0.997
0.997	0.001	0.001	0.001
0.001	0.620	0.001	0.378
0.001	0.001	0.001	0.997
0.001	0.001	0.997	0.001
0.001	0.997	0.001	0.001
0.997	0.001	0.001	0.001
>TGTTCCAA	23-TGTTCCAA	8.236954	-148.949702	0	T:1493.0(3.58%),B:911.8(2.24%),P:1e-64	Tpos:429.3,Tstd:319.7,Bpos:354.2,Bstd:217.5,StrandBias:0.0,Multiplicity:1.02
0.100	0.100	0.100	0.700
0.100	0.100	0.700	0.100
0.100	0.100	0.100	0.700
0.100	0.100	0.100	0.700
0.100	0.700	0.100	0.100
0.100	0.700	0.100	0.100
0.700	0.100	0.100	0.100
0.700	0.100	0.100	0.100
>CTTAAAAG	24-CTTAAAAG	9.299687	-140.880122	0	T:2617.0(6.28%),B:1830.3(4.50%),P:1e-61	Tpos:421.8,Tstd:321.6,Bpos:349.3,Bstd:222.7,StrandBias:0.0,Multiplicity:1.07
0.001	0.997	0.001	0.001
0.001	0.001	0.001	0.997
0.001	0.001	0.001	0.997
0.800	0.001	0.001	0.198
0.858	0.001	0.140	0.001
0.997	0.001	0.001	0.001
0.997	0.001	0.001	0.001
0.001	0.001	0.997	0.001
>TGAATTCT	25-TGAATTCT	8.236954	-112.309463	0	T:1813.0(4.35%),B:1233.8(3.04%),P:1e-48	Tpos:417.9,Tstd:313.3,Bpos:349.1,Bstd:216.5,StrandBias:-0.0,Multiplicity:1.14
0.100	0.100	0.100	0.700
0.100	0.100	0.700	0.100
0.700	0.100	0.100	0.100
0.700	0.100	0.100	0.100
0.100	0.100	0.100	0.700
0.100	0.100	0.100	0.700
0.100	0.700	0.100	0.100
0.100	0.100	0.100	0.700
