>TGGAATKY	1-TGGAATKY	8.556237	-810.745488	0	T:4184.0(22.15%),B:3585.9(11.76%),P:1e-352	Tpos:373.1,Tstd:276.4,Bpos:255.0,Bstd:154.4,StrandBias:0.0,Multiplicity:1.26
0.302	0.047	0.001	0.650
0.001	0.001	0.997	0.001
0.001	0.001	0.997	0.001
0.997	0.001	0.001	0.001
0.997	0.001	0.001	0.001
0.001	0.001	0.001	0.997
0.001	0.001	0.542	0.456
0.001	0.492	0.001	0.506
>AGGCGTGG	2-AGGCGTGG	7.505301	-559.277542	0	T:5045.0(26.70%),B:5187.0(17.01%),P:1e-242	Tpos:349.0,Tstd:263.0,Bpos:251.7,Bstd:160.0,StrandBias:0.0,Multiplicity:1.38
0.710	0.001	0.288	0.001
0.006	0.008	0.960	0.026
0.010	0.001	0.988	0.001
0.001	0.785	0.001	0.213
0.070	0.001	0.928	0.001
0.001	0.001	0.001	0.997
0.036	0.001	0.951	0.012
0.011	0.090	0.752	0.147
>CCTTGAAC	3-CCTTGAAC	8.146510	-358.785340	0	T:4037.0(21.37%),B:4326.4(14.19%),P:1e-155	Tpos:336.9,Tstd:263.3,Bpos:256.7,Bstd:162.4,StrandBias:0.0,Multiplicity:1.29
0.001	0.997	0.001	0.001
0.001	0.997	0.001	0.001
0.001	0.001	0.026	0.972
0.001	0.001	0.373	0.625
0.001	0.001	0.997	0.001
0.997	0.001	0.001	0.001
0.910	0.001	0.088	0.001
0.001	0.997	0.001	0.001
>CGGAATTC	4-CGGAATTC	3.958576	-296.768708	0	T:4963.0(26.27%),B:5810.6(19.06%),P:1e-128	Tpos:343.8,Tstd:269.0,Bpos:256.1,Bstd:159.5,StrandBias:0.0,Multiplicity:1.17
0.098	0.855	0.046	0.001
0.001	0.001	0.997	0.001
0.001	0.001	0.997	0.001
0.997	0.001	0.001	0.001
0.997	0.001	0.001	0.001
0.001	0.001	0.001	0.997
0.001	0.001	0.001	0.997
0.001	0.949	0.001	0.049
>AMGAATGT	5-AMGAATGT	8.051186	-244.269103	0	T:1550.0(8.20%),B:1380.3(4.53%),P:1e-106	Tpos:338.8,Tstd:252.6,Bpos:257.7,Bstd:155.9,StrandBias:-0.0,Multiplicity:1.12
0.780	0.212	0.007	0.001
0.455	0.399	0.010	0.136
0.001	0.001	0.863	0.135
0.997	0.001	0.001	0.001
0.756	0.001	0.242	0.001
0.001	0.214	0.001	0.784
0.001	0.001	0.756	0.242
0.001	0.399	0.001	0.599
>ACCGGTTT	6-ACCGGTTT	4.149458	-207.803633	0	T:2788.0(14.76%),B:3068.8(10.07%),P:1e-90	Tpos:320.1,Tstd:276.5,Bpos:262.5,Bstd:167.2,StrandBias:-0.0,Multiplicity:1.10
0.997	0.001	0.001	0.001
0.001	0.997	0.001	0.001
0.013	0.985	0.001	0.001
0.001	0.001	0.997	0.001
0.001	0.001	0.997	0.001
0.001	0.001	0.081	0.917
0.001	0.001	0.001	0.997
0.001	0.001	0.001	0.997
>CRGATTTM	7-CRGATTTM	6.375161	-165.300172	0	T:6302.0(33.36%),B:8354.3(27.41%),P:1e-71	Tpos:344.7,Tstd:271.6,Bpos:255.8,Bstd:159.3,StrandBias:-0.0,Multiplicity:1.41
0.013	0.580	0.406	0.001
0.426	0.108	0.465	0.001
0.228	0.001	0.770	0.001
0.813	0.001	0.049	0.137
0.156	0.018	0.001	0.825
0.001	0.001	0.023	0.975
0.275	0.234	0.050	0.442
0.392	0.504	0.090	0.014
>GATAAGAA	8-GATAAGAA	3.288015	-161.597716	0	T:3655.0(19.35%),B:4449.4(14.60%),P:1e-70	Tpos:355.1,Tstd:303.4,Bpos:254.6,Bstd:151.9,StrandBias:0.0,Multiplicity:1.20
0.001	0.001	0.997	0.001
0.997	0.001	0.001	0.001
0.001	0.001	0.001	0.997
0.997	0.001	0.001	0.001
0.997	0.001	0.001	0.001
0.001	0.001	0.745	0.253
0.557	0.245	0.197	0.001
0.535	0.155	0.309	0.001
>TAAGCYWG	9-TAAGCYWG	8.121139	-151.801042	0	T:1500.0(7.94%),B:1521.1(4.99%),P:1e-65	Tpos:324.8,Tstd:283.9,Bpos:251.1,Bstd:155.1,StrandBias:0.1,Multiplicity:1.07
0.001	0.001	0.001	0.997
0.997	0.001	0.001	0.001
0.818	0.007	0.174	0.001
0.240	0.001	0.697	0.062
0.001	0.613	0.001	0.385
0.001	0.428	0.001	0.570
0.571	0.004	0.001	0.424
0.180	0.001	0.723	0.096
>CDAGKCTA	10-CDAGKCTA	5.470861	-149.748999	0	T:5886.0(31.16%),B:7807.3(25.61%),P:1e-65	Tpos:336.3,Tstd:281.0,Bpos:254.1,Bstd:160.7,StrandBias:-0.0,Multiplicity:1.44
0.131	0.698	0.026	0.145
0.344	0.121	0.315	0.220
0.543	0.071	0.385	0.001
0.206	0.124	0.635	0.035
0.108	0.189	0.393	0.309
0.044	0.649	0.085	0.222
0.231	0.001	0.182	0.586
0.822	0.001	0.001	0.176
>TTTGTTTT	11-TTTGTTTT	9.056658	-144.848300	0	T:4360.0(23.08%),B:5551.0(18.21%),P:1e-62	Tpos:321.8,Tstd:278.0,Bpos:259.8,Bstd:177.7,StrandBias:-0.0,Multiplicity:2.73
0.001	0.001	0.001	0.997
0.019	0.001	0.040	0.940
0.001	0.001	0.052	0.946
0.001	0.001	0.631	0.367
0.001	0.001	0.308	0.690
0.001	0.010	0.042	0.947
0.001	0.005	0.052	0.942
0.022	0.001	0.380	0.597
>CGGRAGTK	12-CGGRAGTK	6.148178	-142.837651	0	T:5051.0(26.74%),B:6587.1(21.61%),P:1e-62	Tpos:331.7,Tstd:259.2,Bpos:258.1,Bstd:157.2,StrandBias:0.0,Multiplicity:1.23
0.390	0.608	0.001	0.001
0.112	0.287	0.600	0.001
0.001	0.232	0.766	0.001
0.387	0.001	0.465	0.147
0.831	0.167	0.001	0.001
0.166	0.001	0.670	0.163
0.001	0.001	0.001	0.997
0.055	0.001	0.464	0.480
>TGCCTGGA	13-TGCCTGGA	8.499886	-119.264406	0	T:1725.0(9.13%),B:1913.1(6.28%),P:1e-51	Tpos:332.1,Tstd:286.9,Bpos:254.7,Bstd:153.0,StrandBias:0.0,Multiplicity:1.15
0.001	0.001	0.001	0.997
0.001	0.001	0.997	0.001
0.001	0.997	0.001	0.001
0.001	0.839	0.159	0.001
0.001	0.001	0.001	0.997
0.001	0.001	0.907	0.091
0.001	0.001	0.997	0.001
0.997	0.001	0.001	0.001
>GCTGTGAA	14-GCTGTGAA	8.252957	-119.234689	0	T:1804.0(9.55%),B:2020.3(6.63%),P:1e-51	Tpos:312.7,Tstd:298.1,Bpos:262.5,Bstd:157.5,StrandBias:-0.1,Multiplicity:1.04
0.001	0.001	0.604	0.394
0.051	0.915	0.001	0.033
0.001	0.329	0.065	0.605
0.001	0.233	0.765	0.001
0.001	0.149	0.001	0.849
0.001	0.001	0.765	0.233
0.997	0.001	0.001	0.001
0.997	0.001	0.001	0.001
>GCCCCACC	15-GCCCCACC	9.096735	-111.428439	0	T:1866.0(9.88%),B:2132.5(7.00%),P:1e-48	Tpos:343.0,Tstd:260.0,Bpos:256.5,Bstd:153.2,StrandBias:-0.0,Multiplicity:1.11
0.001	0.001	0.997	0.001
0.001	0.997	0.001	0.001
0.001	0.814	0.001	0.184
0.001	0.997	0.001	0.001
0.076	0.922	0.001	0.001
0.815	0.001	0.183	0.001
0.001	0.997	0.001	0.001
0.001	0.997	0.001	0.001
>ACACACCT	16-ACACACCT	7.916473	-108.216574	0	T:2820.0(14.93%),B:3487.5(11.44%),P:1e-46	Tpos:348.5,Tstd:273.4,Bpos:258.4,Bstd:149.6,StrandBias:-0.1,Multiplicity:1.18
0.819	0.001	0.001	0.179
0.001	0.997	0.001	0.001
0.997	0.001	0.001	0.001
0.001	0.997	0.001	0.001
0.997	0.001	0.001	0.001
0.001	0.997	0.001	0.001
0.001	0.997	0.001	0.001
0.001	0.238	0.001	0.760
>CCGAACMW	17-CCGAACMW	7.000615	-107.365457	0	T:1161.0(6.15%),B:1202.2(3.94%),P:1e-46	Tpos:328.8,Tstd:269.0,Bpos:262.8,Bstd:156.6,StrandBias:-0.1,Multiplicity:1.19
0.001	0.997	0.001	0.001
0.001	0.938	0.001	0.060
0.001	0.001	0.997	0.001
0.997	0.001	0.001	0.001
0.997	0.001	0.001	0.001
0.001	0.997	0.001	0.001
0.482	0.516	0.001	0.001
0.449	0.001	0.001	0.549
>TTTACGCG	18-TTTACGCG	6.655020	-101.583084	0	T:1127.0(5.97%),B:1175.0(3.85%),P:1e-44	Tpos:323.6,Tstd:265.5,Bpos:253.2,Bstd:164.5,StrandBias:0.0,Multiplicity:1.05
0.001	0.024	0.179	0.796
0.024	0.001	0.079	0.896
0.153	0.163	0.096	0.588
0.649	0.057	0.001	0.293
0.253	0.567	0.179	0.001
0.028	0.001	0.754	0.217
0.078	0.849	0.072	0.001
0.036	0.380	0.583	0.001
>GAGAGTTC	19-GAGAGTTC	8.236954	-98.503278	0	T:726.0(3.84%),B:675.1(2.21%),P:1e-42	Tpos:312.0,Tstd:259.9,Bpos:268.6,Bstd:153.6,StrandBias:0.0,Multiplicity:1.02
0.100	0.100	0.700	0.100
0.700	0.100	0.100	0.100
0.100	0.100	0.700	0.100
0.700	0.100	0.100	0.100
0.100	0.100	0.700	0.100
0.100	0.100	0.100	0.700
0.100	0.100	0.100	0.700
0.100	0.700	0.100	0.100
>CCTGCCTC	20-CCTGCCTC	8.880066	-97.842813	0	T:3686.0(19.51%),B:4804.6(15.76%),P:1e-42	Tpos:333.5,Tstd:275.0,Bpos:260.5,Bstd:158.8,StrandBias:-0.0,Multiplicity:1.15
0.001	0.997	0.001	0.001
0.001	0.886	0.001	0.112
0.001	0.001	0.001	0.997
0.001	0.001	0.997	0.001
0.001	0.997	0.001	0.001
0.001	0.997	0.001	0.001
0.001	0.001	0.001	0.997
0.001	0.997	0.001	0.001
>ATGTCAAA	21-ATGTCAAA	8.236954	-88.211311	0	T:559.0(2.96%),B:495.4(1.63%),P:1e-38	Tpos:305.3,Tstd:261.0,Bpos:257.4,Bstd:155.3,StrandBias:0.2,Multiplicity:1.02
0.700	0.100	0.100	0.100
0.100	0.100	0.100	0.700
0.100	0.100	0.700	0.100
0.100	0.100	0.100	0.700
0.100	0.700	0.100	0.100
0.700	0.100	0.100	0.100
0.700	0.100	0.100	0.100
0.700	0.100	0.100	0.100
>ATAAGTGC	22-ATAAGTGC	8.236954	-87.903077	0	T:324.0(1.72%),B:231.6(0.76%),P:1e-38	Tpos:295.2,Tstd:330.6,Bpos:265.1,Bstd:161.4,StrandBias:0.0,Multiplicity:1.01
0.700	0.100	0.100	0.100
0.100	0.100	0.100	0.700
0.700	0.100	0.100	0.100
0.700	0.100	0.100	0.100
0.100	0.100	0.700	0.100
0.100	0.100	0.100	0.700
0.100	0.100	0.700	0.100
0.100	0.700	0.100	0.100
>CCCAATTA	23-CCCAATTA	8.236954	-85.326404	0	T:410.0(2.17%),B:328.4(1.08%),P:1e-37	Tpos:318.2,Tstd:271.8,Bpos:259.6,Bstd:159.5,StrandBias:0.1,Multiplicity:1.01
0.100	0.700	0.100	0.100
0.100	0.700	0.100	0.100
0.100	0.700	0.100	0.100
0.700	0.100	0.100	0.100
0.700	0.100	0.100	0.100
0.100	0.100	0.100	0.700
0.100	0.100	0.100	0.700
0.700	0.100	0.100	0.100
>TTATAAGA	24-TTATAAGA	10.919662	-85.174391	0	T:516.0(2.73%),B:450.5(1.48%),P:1e-36	Tpos:329.1,Tstd:269.0,Bpos:273.8,Bstd:158.0,StrandBias:-0.0,Multiplicity:1.03
0.001	0.001	0.001	0.997
0.001	0.001	0.001	0.997
0.997	0.001	0.001	0.001
0.001	0.001	0.001	0.997
0.997	0.001	0.001	0.001
0.997	0.001	0.001	0.001
0.001	0.001	0.997	0.001
0.861	0.001	0.137	0.001
>AACTWAGT	25-AACTWAGT	8.613419	-59.138310	0	T:558.0(2.95%),B:558.5(1.83%),P:1e-25	Tpos:308.8,Tstd:253.7,Bpos:265.9,Bstd:159.3,StrandBias:-0.1,Multiplicity:1.02
0.598	0.001	0.400	0.001
0.831	0.001	0.167	0.001
0.001	0.997	0.001	0.001
0.127	0.001	0.001	0.871
0.567	0.001	0.001	0.431
0.887	0.111	0.001	0.001
0.112	0.156	0.604	0.128
0.001	0.001	0.155	0.843
