>GCCCCACC	1-GCCCCACC	8.329527	-247.501038	0	T:4349.0(30.54%),B:7895.6(22.52%),P:1e-107	Tpos:334.3,Tstd:244.2,Bpos:237.3,Bstd:147.8,StrandBias:0.0,Multiplicity:1.50
0.077	0.001	0.921	0.001
0.001	0.955	0.001	0.043
0.001	0.801	0.001	0.197
0.248	0.750	0.001	0.001
0.027	0.971	0.001	0.001
0.874	0.001	0.124	0.001
0.001	0.997	0.001	0.001
0.001	0.997	0.001	0.001
>DGGGCGKD	2-DGGGCGKD	7.303493	-242.138118	0	T:4015.0(28.19%),B:7187.8(20.51%),P:1e-105	Tpos:347.2,Tstd:239.8,Bpos:237.5,Bstd:153.3,StrandBias:-0.0,Multiplicity:1.60
0.287	0.001	0.343	0.369
0.160	0.001	0.741	0.098
0.117	0.001	0.784	0.098
0.001	0.068	0.862	0.069
0.001	0.997	0.001	0.001
0.001	0.043	0.955	0.001
0.031	0.048	0.416	0.505
0.404	0.001	0.328	0.267
>CCTYAGGC	3-CCTYAGGC	6.719302	-201.382957	0	T:3904.0(27.41%),B:7165.4(20.44%),P:1e-87	Tpos:347.0,Tstd:252.4,Bpos:255.8,Bstd:155.5,StrandBias:0.0,Multiplicity:1.27
0.001	0.997	0.001	0.001
0.010	0.968	0.001	0.021
0.001	0.061	0.037	0.901
0.098	0.266	0.233	0.403
0.997	0.001	0.001	0.001
0.039	0.001	0.959	0.001
0.021	0.021	0.957	0.001
0.031	0.882	0.064	0.023
>AGGGCGTT	4-AGGGCGTT	6.464812	-158.515928	0	T:3640.0(25.56%),B:6838.7(19.51%),P:1e-68	Tpos:317.4,Tstd:253.3,Bpos:253.3,Bstd:155.9,StrandBias:0.0,Multiplicity:1.14
0.861	0.001	0.016	0.122
0.064	0.021	0.914	0.001
0.088	0.001	0.824	0.087
0.179	0.022	0.754	0.045
0.206	0.580	0.030	0.184
0.075	0.001	0.727	0.197
0.001	0.145	0.116	0.738
0.035	0.158	0.203	0.604
>CGGAATBY	5-CGGAATBY	5.716501	-151.030846	0	T:3852.0(27.05%),B:7361.7(21.00%),P:1e-65	Tpos:314.9,Tstd:251.0,Bpos:249.0,Bstd:160.4,StrandBias:0.1,Multiplicity:1.25
0.286	0.543	0.087	0.084
0.031	0.105	0.776	0.088
0.044	0.077	0.860	0.019
0.871	0.036	0.039	0.054
0.856	0.038	0.037	0.069
0.144	0.046	0.124	0.686
0.036	0.256	0.323	0.385
0.106	0.420	0.081	0.393
>AATCCCGC	6-AATCCCGC	5.022733	-150.842853	0	T:5330.0(37.42%),B:10752.4(30.67%),P:1e-65	Tpos:330.7,Tstd:251.0,Bpos:253.5,Bstd:162.7,StrandBias:0.0,Multiplicity:1.37
0.742	0.058	0.089	0.111
0.765	0.020	0.090	0.125
0.041	0.131	0.103	0.725
0.093	0.789	0.088	0.030
0.136	0.590	0.175	0.099
0.075	0.803	0.068	0.054
0.078	0.014	0.812	0.096
0.063	0.778	0.072	0.087
>YCGGTTTV	7-YCGGTTTV	5.024423	-138.130801	0	T:5952.0(41.79%),B:12320.6(35.15%),P:1e-59	Tpos:327.7,Tstd:262.8,Bpos:256.5,Bstd:166.7,StrandBias:0.0,Multiplicity:1.44
0.132	0.437	0.134	0.296
0.094	0.904	0.001	0.001
0.049	0.168	0.782	0.001
0.064	0.208	0.727	0.001
0.339	0.001	0.001	0.659
0.001	0.140	0.001	0.858
0.153	0.107	0.048	0.692
0.332	0.296	0.371	0.001
>ACAATAGA	8-ACAATAGA	8.925591	-105.131496	0	T:971.0(6.82%),B:1476.9(4.21%),P:1e-45	Tpos:319.6,Tstd:245.2,Bpos:247.5,Bstd:161.0,StrandBias:-0.1,Multiplicity:1.09
0.997	0.001	0.001	0.001
0.001	0.997	0.001	0.001
0.997	0.001	0.001	0.001
0.997	0.001	0.001	0.001
0.263	0.001	0.001	0.735
0.997	0.001	0.001	0.001
0.001	0.001	0.997	0.001
0.839	0.159	0.001	0.001
>AAAGGTCG	9-AAAGGTCG	3.923421	-102.825432	0	T:1582.0(11.11%),B:2721.0(7.76%),P:1e-44	Tpos:322.0,Tstd:255.0,Bpos:257.0,Bstd:158.2,StrandBias:-0.0,Multiplicity:1.09
0.814	0.184	0.001	0.001
0.997	0.001	0.001	0.001
0.997	0.001	0.001	0.001
0.001	0.176	0.822	0.001
0.001	0.001	0.997	0.001
0.001	0.001	0.001	0.997
0.001	0.997	0.001	0.001
0.045	0.001	0.953	0.001
>TTAAGCCT	10-TTAAGCCT	5.462653	-98.875500	0	T:5158.0(36.22%),B:10794.3(30.79%),P:1e-42	Tpos:318.7,Tstd:261.1,Bpos:251.7,Bstd:159.5,StrandBias:0.0,Multiplicity:1.34
0.158	0.192	0.047	0.603
0.327	0.034	0.087	0.552
0.672	0.086	0.066	0.176
0.764	0.135	0.061	0.040
0.191	0.069	0.739	0.001
0.025	0.648	0.283	0.044
0.066	0.680	0.194	0.060
0.001	0.070	0.148	0.781
>ATGCGAAT	11-ATGCGAAT	5.988941	-95.673465	0	T:1524.0(10.70%),B:2637.0(7.52%),P:1e-41	Tpos:316.7,Tstd:252.2,Bpos:248.2,Bstd:160.3,StrandBias:-0.1,Multiplicity:1.11
0.747	0.038	0.092	0.123
0.133	0.141	0.152	0.574
0.061	0.162	0.698	0.079
0.028	0.809	0.051	0.112
0.134	0.019	0.670	0.177
0.892	0.023	0.048	0.037
0.842	0.029	0.065	0.064
0.114	0.049	0.067	0.770
>AAAMGCGY	12-AAAMGCGY	4.881467	-91.143608	0	T:3394.0(23.83%),B:6775.1(19.33%),P:1e-39	Tpos:322.1,Tstd:252.9,Bpos:252.5,Bstd:167.9,StrandBias:-0.0,Multiplicity:1.23
0.462	0.140	0.123	0.276
0.665	0.030	0.105	0.200
0.664	0.082	0.103	0.151
0.382	0.361	0.161	0.096
0.022	0.369	0.559	0.050
0.027	0.697	0.217	0.059
0.039	0.220	0.623	0.118
0.178	0.383	0.196	0.243
>YTAGCGNH	13-YTAGCGNH	6.368074	-88.335972	0	T:2469.0(17.34%),B:4721.2(13.47%),P:1e-38	Tpos:324.3,Tstd:246.3,Bpos:254.2,Bstd:168.4,StrandBias:-0.0,Multiplicity:1.17
0.001	0.454	0.056	0.490
0.350	0.001	0.001	0.648
0.997	0.001	0.001	0.001
0.001	0.001	0.997	0.001
0.039	0.742	0.059	0.160
0.001	0.001	0.997	0.001
0.253	0.199	0.308	0.241
0.229	0.269	0.134	0.368
>CTTTGTTA	14-CTTTGTTA	8.846683	-79.907211	0	T:1424.0(10.00%),B:2516.0(7.18%),P:1e-34	Tpos:312.9,Tstd:241.7,Bpos:252.1,Bstd:159.3,StrandBias:-0.0,Multiplicity:1.09
0.001	0.952	0.046	0.001
0.369	0.001	0.001	0.629
0.046	0.001	0.001	0.952
0.001	0.001	0.001	0.997
0.001	0.001	0.997	0.001
0.001	0.001	0.001	0.997
0.001	0.001	0.001	0.997
0.677	0.001	0.001	0.321
>CCTATTCA	15-CCTATTCA	5.952323	-74.805200	0	T:336.0(2.36%),B:400.0(1.14%),P:1e-32	Tpos:312.2,Tstd:224.2,Bpos:247.9,Bstd:159.4,StrandBias:0.1,Multiplicity:1.04
0.001	0.997	0.001	0.001
0.001	0.915	0.083	0.001
0.001	0.001	0.001	0.997
0.997	0.001	0.001	0.001
0.001	0.001	0.001	0.997
0.001	0.001	0.001	0.997
0.001	0.997	0.001	0.001
0.926	0.001	0.072	0.001
>GMATTACA	16-GMATTACA	8.622449	-73.820564	0	T:232.0(1.63%),B:234.8(0.67%),P:1e-32	Tpos:331.9,Tstd:261.7,Bpos:245.1,Bstd:151.8,StrandBias:-0.0,Multiplicity:1.09
0.336	0.001	0.662	0.001
0.468	0.481	0.001	0.050
0.768	0.001	0.041	0.190
0.001	0.276	0.001	0.722
0.001	0.001	0.001	0.997
0.581	0.336	0.082	0.001
0.001	0.957	0.001	0.041
0.866	0.001	0.132	0.001
>GTAAACTC	17-GTAAACTC	7.350219	-73.727949	0	T:1652.0(11.60%),B:3040.0(8.67%),P:1e-32	Tpos:316.2,Tstd:268.2,Bpos:249.8,Bstd:159.6,StrandBias:-0.0,Multiplicity:1.12
0.001	0.001	0.997	0.001
0.001	0.001	0.233	0.765
0.751	0.001	0.247	0.001
0.997	0.001	0.001	0.001
0.739	0.259	0.001	0.001
0.058	0.608	0.001	0.333
0.196	0.117	0.001	0.686
0.001	0.613	0.001	0.385
>AGGCGTTT	18-AGGCGTTT	6.020997	-60.788193	0	T:3162.0(22.20%),B:6527.6(18.62%),P:1e-26	Tpos:320.1,Tstd:249.7,Bpos:251.0,Bstd:161.5,StrandBias:0.0,Multiplicity:1.16
0.902	0.019	0.001	0.078
0.062	0.001	0.936	0.001
0.138	0.106	0.605	0.151
0.148	0.600	0.192	0.060
0.001	0.385	0.569	0.045
0.153	0.068	0.271	0.508
0.092	0.190	0.142	0.576
0.027	0.162	0.259	0.552
>ATAAGTGC	19-ATAAGTGC	8.236954	-59.869274	0	T:180.0(1.26%),B:178.5(0.51%),P:1e-26	Tpos:315.3,Tstd:259.4,Bpos:260.2,Bstd:156.2,StrandBias:-0.4,Multiplicity:1.01
0.700	0.100	0.100	0.100
0.100	0.100	0.100	0.700
0.700	0.100	0.100	0.100
0.700	0.100	0.100	0.100
0.100	0.100	0.700	0.100
0.100	0.100	0.100	0.700
0.100	0.100	0.700	0.100
0.100	0.700	0.100	0.100
>CTGATTGG	20-CTGATTGG	6.652972	-49.335642	0	T:955.0(6.71%),B:1709.9(4.88%),P:1e-21	Tpos:333.6,Tstd:225.2,Bpos:231.6,Bstd:138.5,StrandBias:0.1,Multiplicity:1.12
0.001	0.775	0.223	0.001
0.001	0.001	0.001	0.997
0.001	0.001	0.997	0.001
0.997	0.001	0.001	0.001
0.001	0.001	0.001	0.997
0.001	0.001	0.001	0.997
0.001	0.054	0.944	0.001
0.001	0.001	0.997	0.001
>CGTTAGTC	21-CGTTAGTC	9.303231	-44.411713	0	T:107.0(0.75%),B:94.9(0.27%),P:1e-19	Tpos:304.8,Tstd:260.3,Bpos:251.4,Bstd:148.6,StrandBias:-0.6,Multiplicity:1.00
0.001	0.997	0.001	0.001
0.001	0.001	0.997	0.001
0.001	0.001	0.001	0.997
0.001	0.001	0.001	0.997
0.997	0.001	0.001	0.001
0.171	0.001	0.827	0.001
0.001	0.001	0.001	0.997
0.001	0.997	0.001	0.001
>TAAAAGAG	22-TAAAAGAG	7.668641	-43.125734	0	T:1402.0(9.84%),B:2720.1(7.76%),P:1e-18	Tpos:312.1,Tstd:261.1,Bpos:248.5,Bstd:160.2,StrandBias:-0.0,Multiplicity:1.10
0.001	0.001	0.001	0.997
0.769	0.001	0.229	0.001
0.997	0.001	0.001	0.001
0.943	0.001	0.001	0.055
0.997	0.001	0.001	0.001
0.001	0.117	0.881	0.001
0.997	0.001	0.001	0.001
0.001	0.111	0.887	0.001
>GTATACGG	23-GTATACGG	5.450493	-35.182496	0	T:409.0(2.87%),B:661.1(1.89%),P:1e-15	Tpos:315.9,Tstd:245.4,Bpos:251.4,Bstd:145.0,StrandBias:0.1,Multiplicity:1.13
0.001	0.001	0.997	0.001
0.001	0.001	0.001	0.997
0.944	0.001	0.054	0.001
0.001	0.001	0.001	0.997
0.997	0.001	0.001	0.001
0.001	0.931	0.001	0.067
0.001	0.001	0.997	0.001
0.001	0.001	0.997	0.001
>ATCTGAAT	24-ATCTGAAT	8.236954	-30.889244	0	T:260.0(1.83%),B:388.6(1.11%),P:1e-13	Tpos:310.3,Tstd:252.0,Bpos:249.3,Bstd:149.5,StrandBias:-0.2,Multiplicity:1.00
0.700	0.100	0.100	0.100
0.100	0.100	0.100	0.700
0.100	0.700	0.100	0.100
0.100	0.100	0.100	0.700
0.100	0.100	0.700	0.100
0.700	0.100	0.100	0.100
0.700	0.100	0.100	0.100
0.100	0.100	0.100	0.700
>TGAATTCT	25-TGAATTCT	9.513425	-30.516806	0	T:630.0(4.42%),B:1142.8(3.26%),P:1e-13	Tpos:305.0,Tstd:242.0,Bpos:253.3,Bstd:161.3,StrandBias:-0.1,Multiplicity:1.05
0.001	0.001	0.001	0.997
0.001	0.001	0.997	0.001
0.997	0.001	0.001	0.001
0.997	0.001	0.001	0.001
0.211	0.001	0.001	0.787
0.001	0.001	0.001	0.997
0.001	0.997	0.001	0.001
0.001	0.001	0.001	0.997
