>ATGCAAAT	1-ATGCAAAT	8.576874	-153.172498	0	T:2167.0(13.66%),B:3154.7(9.41%),P:1e-66	Tpos:1426.0,Tstd:2829.2,Bpos:410.4,Bstd:267.9,StrandBias:0.0,Multiplicity:1.27
0.997	0.001	0.001	0.001
0.001	0.001	0.001	0.997
0.001	0.001	0.861	0.137
0.001	0.997	0.001	0.001
0.889	0.001	0.001	0.109
0.997	0.001	0.001	0.001
0.997	0.001	0.001	0.001
0.001	0.001	0.122	0.876
>CTAATCCG	2-CTAATCCG	6.632998	-143.499664	0	T:1756.0(11.07%),B:2468.5(7.36%),P:1e-62	Tpos:1403.9,Tstd:2757.7,Bpos:395.0,Bstd:254.8,StrandBias:0.0,Multiplicity:1.17
0.039	0.678	0.043	0.240
0.216	0.201	0.065	0.518
0.972	0.001	0.001	0.026
0.912	0.001	0.001	0.086
0.058	0.112	0.096	0.734
0.040	0.738	0.205	0.017
0.107	0.626	0.266	0.001
0.027	0.054	0.666	0.253
>TAATTAGC	3-TAATTAGC	6.958038	-131.310310	0	T:1849.0(11.65%),B:2681.8(8.00%),P:1e-57	Tpos:1535.5,Tstd:3172.4,Bpos:403.3,Bstd:271.7,StrandBias:-0.0,Multiplicity:1.26
0.075	0.186	0.070	0.669
0.602	0.108	0.208	0.082
0.887	0.036	0.038	0.039
0.022	0.043	0.022	0.913
0.049	0.084	0.042	0.825
0.556	0.130	0.167	0.147
0.153	0.059	0.752	0.036
0.067	0.795	0.112	0.026
>GCGTGAAA	4-GCGTGAAA	7.770579	-110.916141	0	T:1395.0(8.79%),B:1967.7(5.87%),P:1e-48	Tpos:1465.4,Tstd:2657.1,Bpos:411.2,Bstd:265.7,StrandBias:0.1,Multiplicity:1.17
0.031	0.021	0.934	0.014
0.001	0.567	0.050	0.382
0.001	0.031	0.864	0.104
0.094	0.001	0.019	0.886
0.001	0.010	0.988	0.001
0.950	0.034	0.001	0.015
0.957	0.013	0.022	0.008
0.936	0.016	0.001	0.047
>GGCGATTA	5-GGCGATTA	6.934340	-100.866342	0	T:1094.0(6.89%),B:1487.4(4.44%),P:1e-43	Tpos:1407.7,Tstd:2848.6,Bpos:411.7,Bstd:273.0,StrandBias:-0.0,Multiplicity:1.11
0.200	0.105	0.643	0.052
0.079	0.062	0.782	0.077
0.132	0.653	0.124	0.091
0.116	0.021	0.817	0.046
0.695	0.115	0.104	0.086
0.042	0.071	0.025	0.862
0.099	0.057	0.017	0.827
0.722	0.111	0.093	0.074
>GATTCGCT	6-GATTCGCT	6.747043	-90.834217	0	T:2458.0(15.49%),B:4007.6(11.95%),P:1e-39	Tpos:1177.5,Tstd:2580.9,Bpos:397.7,Bstd:248.3,StrandBias:0.0,Multiplicity:1.21
0.001	0.049	0.914	0.036
0.945	0.001	0.025	0.029
0.021	0.001	0.029	0.949
0.001	0.026	0.023	0.950
0.001	0.606	0.375	0.018
0.001	0.179	0.819	0.001
0.001	0.958	0.001	0.040
0.008	0.076	0.025	0.891
>TTWWCRSC	7-TTWWCRSC	6.831501	-80.537051	0	T:960.0(6.05%),B:1334.8(3.98%),P:1e-34	Tpos:1311.3,Tstd:2321.0,Bpos:418.7,Bstd:273.3,StrandBias:0.0,Multiplicity:1.11
0.001	0.010	0.001	0.988
0.063	0.001	0.001	0.935
0.434	0.182	0.011	0.373
0.472	0.001	0.203	0.324
0.182	0.816	0.001	0.001
0.482	0.001	0.342	0.175
0.158	0.452	0.389	0.001
0.001	0.489	0.193	0.316
>YGCGWAWW	8-YGCGWAWW	5.295424	-66.201995	0	T:2388.0(15.05%),B:4041.7(12.06%),P:1e-28	Tpos:1635.9,Tstd:3080.0,Bpos:404.9,Bstd:276.5,StrandBias:0.1,Multiplicity:1.34
0.202	0.320	0.091	0.387
0.001	0.111	0.886	0.002
0.001	0.988	0.010	0.001
0.131	0.099	0.587	0.183
0.276	0.174	0.133	0.418
0.601	0.001	0.078	0.320
0.481	0.005	0.070	0.444
0.308	0.105	0.189	0.398
>CGTTGTTT	9-CGTTGTTT	5.943405	-60.127874	0	T:878.0(5.53%),B:1276.9(3.81%),P:1e-26	Tpos:1553.7,Tstd:2993.0,Bpos:416.4,Bstd:280.3,StrandBias:-0.1,Multiplicity:1.10
0.093	0.758	0.139	0.010
0.108	0.084	0.740	0.068
0.146	0.210	0.141	0.503
0.135	0.166	0.125	0.574
0.087	0.157	0.613	0.143
0.154	0.158	0.152	0.536
0.115	0.164	0.118	0.603
0.167	0.106	0.096	0.631
>CGGCKTTT	10-CGGCKTTT	6.147296	-59.335440	0	T:1813.0(11.43%),B:2995.9(8.94%),P:1e-25	Tpos:1494.4,Tstd:2559.9,Bpos:405.2,Bstd:282.1,StrandBias:0.1,Multiplicity:1.25
0.140	0.703	0.106	0.051
0.086	0.100	0.802	0.012
0.109	0.217	0.628	0.046
0.206	0.483	0.150	0.161
0.126	0.064	0.371	0.438
0.036	0.181	0.081	0.702
0.100	0.060	0.077	0.763
0.162	0.097	0.123	0.618
>CGCGTTAA	11-CGCGTTAA	7.103794	-59.113655	0	T:729.0(4.59%),B:1021.4(3.05%),P:1e-25	Tpos:1579.9,Tstd:2489.0,Bpos:414.3,Bstd:294.4,StrandBias:0.1,Multiplicity:1.11
0.227	0.579	0.175	0.019
0.008	0.055	0.915	0.022
0.148	0.618	0.137	0.097
0.016	0.055	0.704	0.225
0.069	0.065	0.058	0.808
0.070	0.014	0.096	0.820
0.757	0.001	0.091	0.151
0.805	0.019	0.118	0.058
>CCTGCTGT	12-CCTGCTGT	9.479837	-53.076081	0	T:2184.0(13.76%),B:3750.4(11.19%),P:1e-23	Tpos:1054.5,Tstd:2466.6,Bpos:420.9,Bstd:246.3,StrandBias:-0.0,Multiplicity:1.16
0.001	0.997	0.001	0.001
0.001	0.997	0.001	0.001
0.001	0.085	0.001	0.913
0.001	0.001	0.997	0.001
0.001	0.997	0.001	0.001
0.070	0.001	0.051	0.878
0.001	0.001	0.997	0.001
0.253	0.001	0.229	0.517
>AGGCTTAA	13-AGGCTTAA	7.284926	-51.821198	0	T:827.0(5.21%),B:1224.3(3.65%),P:1e-22	Tpos:1496.8,Tstd:2814.0,Bpos:410.8,Bstd:278.8,StrandBias:0.1,Multiplicity:1.10
0.636	0.180	0.113	0.071
0.145	0.144	0.625	0.086
0.097	0.069	0.810	0.024
0.099	0.752	0.044	0.105
0.012	0.024	0.141	0.823
0.096	0.084	0.039	0.781
0.731	0.099	0.033	0.137
0.843	0.025	0.106	0.026
>TTCAAAGG	14-TTCAAAGG	10.464355	-50.910119	0	T:789.0(4.97%),B:1161.1(3.46%),P:1e-22	Tpos:1358.9,Tstd:2566.0,Bpos:396.2,Bstd:279.0,StrandBias:-0.1,Multiplicity:1.09
0.206	0.001	0.001	0.792
0.001	0.001	0.001	0.997
0.001	0.910	0.088	0.001
0.997	0.001	0.001	0.001
0.997	0.001	0.001	0.001
0.997	0.001	0.001	0.001
0.159	0.001	0.839	0.001
0.001	0.001	0.895	0.103
>GGCGCTTT	15-GGCGCTTT	7.259736	-49.303352	0	T:1400.0(8.82%),B:2286.6(6.82%),P:1e-21	Tpos:1481.4,Tstd:2908.6,Bpos:411.2,Bstd:275.9,StrandBias:-0.2,Multiplicity:1.15
0.187	0.124	0.666	0.023
0.153	0.085	0.641	0.121
0.156	0.688	0.142	0.014
0.015	0.001	0.921	0.063
0.121	0.674	0.150	0.055
0.055	0.001	0.062	0.882
0.114	0.017	0.084	0.785
0.113	0.001	0.128	0.758
>GGGCGGGR	16-GGGCGGGR	8.798904	-45.828796	0	T:6120.0(38.57%),B:11750.0(35.05%),P:1e-19	Tpos:932.2,Tstd:1876.7,Bpos:396.8,Bstd:242.1,StrandBias:-0.0,Multiplicity:2.26
0.407	0.001	0.591	0.001
0.001	0.001	0.997	0.001
0.001	0.001	0.873	0.125
0.001	0.733	0.001	0.265
0.001	0.001	0.997	0.001
0.001	0.001	0.997	0.001
0.150	0.001	0.848	0.001
0.462	0.001	0.536	0.001
>AGGGCGTT	17-AGGGCGTT	8.875307	-44.668851	0	T:844.0(5.32%),B:1290.2(3.85%),P:1e-19	Tpos:1362.4,Tstd:2435.1,Bpos:412.5,Bstd:267.9,StrandBias:-0.3,Multiplicity:1.08
0.921	0.020	0.030	0.029
0.001	0.001	0.980	0.018
0.075	0.024	0.887	0.014
0.012	0.001	0.940	0.047
0.001	0.758	0.240	0.001
0.022	0.001	0.886	0.091
0.035	0.027	0.098	0.840
0.001	0.001	0.186	0.812
>AAACAAAG	18-AAACAAAG	10.579103	-42.774494	0	T:1226.0(7.73%),B:2005.0(5.98%),P:1e-18	Tpos:1374.7,Tstd:3161.8,Bpos:411.8,Bstd:280.2,StrandBias:0.1,Multiplicity:1.15
0.908	0.001	0.090	0.001
0.852	0.001	0.146	0.001
0.997	0.001	0.001	0.001
0.001	0.997	0.001	0.001
0.922	0.001	0.076	0.001
0.997	0.001	0.001	0.001
0.851	0.001	0.147	0.001
0.001	0.001	0.997	0.001
>HTTSCGCM	19-HTTSCGCM	5.256565	-42.228311	0	T:5182.0(32.66%),B:9865.6(29.43%),P:1e-18	Tpos:1207.2,Tstd:2427.1,Bpos:411.5,Bstd:262.5,StrandBias:-0.0,Multiplicity:1.57
0.363	0.226	0.141	0.270
0.001	0.247	0.046	0.706
0.326	0.001	0.104	0.569
0.223	0.460	0.316	0.001
0.044	0.921	0.001	0.034
0.001	0.001	0.997	0.001
0.164	0.396	0.232	0.208
0.277	0.343	0.192	0.188
>GGGGKKGG	20-GGGGKKGG	9.740856	-30.352632	0	T:2076.0(13.08%),B:3750.7(11.19%),P:1e-13	Tpos:1732.9,Tstd:2941.6,Bpos:405.6,Bstd:267.4,StrandBias:0.0,Multiplicity:1.35
0.036	0.001	0.961	0.002
0.001	0.001	0.963	0.035
0.001	0.001	0.997	0.001
0.001	0.001	0.997	0.001
0.001	0.001	0.544	0.454
0.001	0.001	0.556	0.442
0.001	0.001	0.997	0.001
0.063	0.001	0.935	0.001
>KRGGCGTG	21-KRGGCGTG	9.702280	-23.458133	0	T:1889.0(11.91%),B:3459.5(10.32%),P:1e-10	Tpos:838.7,Tstd:1917.5,Bpos:396.2,Bstd:246.6,StrandBias:-0.2,Multiplicity:1.26
0.006	0.001	0.445	0.548
0.427	0.001	0.571	0.001
0.001	0.001	0.997	0.001
0.001	0.001	0.997	0.001
0.001	0.997	0.001	0.001
0.001	0.001	0.997	0.001
0.001	0.001	0.001	0.997
0.001	0.001	0.997	0.001
>GCTCCGCC	22-GCTCCGCC	10.702743	-22.236280	0	T:1972.0(12.43%),B:3639.8(10.86%),P:1e-9	Tpos:743.8,Tstd:1988.2,Bpos:409.2,Bstd:236.7,StrandBias:-0.0,Multiplicity:1.22
0.001	0.001	0.881	0.117
0.001	0.997	0.001	0.001
0.001	0.001	0.001	0.997
0.042	0.956	0.001	0.001
0.001	0.997	0.001	0.001
0.180	0.001	0.818	0.001
0.001	0.997	0.001	0.001
0.001	0.997	0.001	0.001
>TAGCGRVV	23-TAGCGRVV	7.171110	-21.179570	0	T:2728.0(17.19%),B:5171.1(15.42%),P:1e-9	Tpos:1377.7,Tstd:2848.8,Bpos:425.0,Bstd:268.4,StrandBias:0.0,Multiplicity:1.29
0.001	0.001	0.001	0.997
0.997	0.001	0.001	0.001
0.001	0.001	0.928	0.070
0.001	0.997	0.001	0.001
0.001	0.001	0.997	0.001
0.307	0.236	0.388	0.069
0.296	0.280	0.284	0.141
0.310	0.366	0.299	0.025
>WGGGGGAA	24-WGGGGGAA	9.773478	-17.760074	0	T:1203.0(7.58%),B:2172.3(6.48%),P:1e-7	Tpos:1613.3,Tstd:3018.2,Bpos:418.1,Bstd:270.2,StrandBias:0.0,Multiplicity:1.14
0.435	0.001	0.001	0.563
0.001	0.001	0.997	0.001
0.001	0.400	0.598	0.001
0.001	0.001	0.997	0.001
0.024	0.135	0.840	0.001
0.001	0.001	0.997	0.001
0.997	0.001	0.001	0.001
0.959	0.001	0.039	0.001
>GGGGGGGG	25-GGGGGGGG	8.349972	-16.513608	0	T:5057.0(31.87%),B:10038.9(29.94%),P:1e-7	Tpos:1370.6,Tstd:2548.0,Bpos:406.3,Bstd:260.0,StrandBias:-0.0,Multiplicity:1.78
0.023	0.001	0.959	0.017
0.017	0.025	0.908	0.050
0.027	0.033	0.776	0.164
0.001	0.058	0.669	0.272
0.001	0.001	0.743	0.255
0.115	0.026	0.638	0.221
0.029	0.001	0.883	0.087
0.061	0.001	0.839	0.099
