>CCTNAGGC	1-CCTNAGGC	7.398545	-434.057558	0	T:5999.0(26.12%),B:4885.0(18.28%),P:1e-188	Tpos:416.9,Tstd:344.5,Bpos:266.8,Bstd:161.2,StrandBias:0.0,Multiplicity:1.31
0.053	0.895	0.048	0.004
0.024	0.854	0.046	0.076
0.003	0.235	0.095	0.667
0.169	0.288	0.307	0.237
0.742	0.056	0.201	0.001
0.049	0.013	0.930	0.008
0.010	0.010	0.914	0.066
0.005	0.764	0.217	0.014
>CGTTTAAT	2-CGTTTAAT	5.805508	-176.272529	0	T:2738.0(11.92%),B:2227.9(8.34%),P:1e-76	Tpos:426.4,Tstd:366.7,Bpos:258.3,Bstd:165.4,StrandBias:0.0,Multiplicity:1.20
0.001	0.997	0.001	0.001
0.019	0.129	0.851	0.001
0.001	0.040	0.001	0.958
0.001	0.001	0.001	0.997
0.001	0.001	0.001	0.997
0.997	0.001	0.001	0.001
0.997	0.001	0.001	0.001
0.001	0.001	0.001	0.997
>ACCCTGTC	3-ACCCTGTC	8.288701	-151.283500	0	T:2421.0(10.54%),B:1977.3(7.40%),P:1e-65	Tpos:380.4,Tstd:370.7,Bpos:267.4,Bstd:172.2,StrandBias:-0.0,Multiplicity:1.09
0.997	0.001	0.001	0.001
0.001	0.997	0.001	0.001
0.001	0.997	0.001	0.001
0.001	0.997	0.001	0.001
0.001	0.001	0.062	0.936
0.001	0.001	0.997	0.001
0.001	0.001	0.001	0.997
0.001	0.997	0.001	0.001
>GGCGTGGT	4-GGCGTGGT	8.315748	-147.229879	0	T:2784.0(12.12%),B:2349.2(8.79%),P:1e-63	Tpos:435.7,Tstd:367.5,Bpos:252.1,Bstd:159.4,StrandBias:0.0,Multiplicity:1.20
0.001	0.001	0.984	0.014
0.026	0.001	0.952	0.021
0.022	0.859	0.001	0.118
0.093	0.001	0.857	0.049
0.019	0.001	0.039	0.941
0.017	0.012	0.951	0.020
0.032	0.038	0.905	0.025
0.017	0.123	0.047	0.813
>ACAAACAA	5-ACAAACAA	10.684603	-144.410262	0	T:2082.0(9.07%),B:1662.3(6.22%),P:1e-62	Tpos:366.6,Tstd:370.5,Bpos:266.3,Bstd:179.4,StrandBias:0.1,Multiplicity:2.17
0.997	0.001	0.001	0.001
0.244	0.754	0.001	0.001
0.997	0.001	0.001	0.001
0.997	0.001	0.001	0.001
0.997	0.001	0.001	0.001
0.098	0.900	0.001	0.001
0.997	0.001	0.001	0.001
0.997	0.001	0.001	0.001
>TCGAAAAA	6-TCGAAAAA	8.276019	-143.896194	0	T:866.0(3.77%),B:542.0(2.03%),P:1e-62	Tpos:398.5,Tstd:382.4,Bpos:264.4,Bstd:186.3,StrandBias:-0.1,Multiplicity:1.03
0.001	0.065	0.001	0.933
0.001	0.997	0.001	0.001
0.001	0.001	0.997	0.001
0.997	0.001	0.001	0.001
0.997	0.001	0.001	0.001
0.997	0.001	0.001	0.001
0.939	0.059	0.001	0.001
0.997	0.001	0.001	0.001
>AGATCCGC	7-AGATCCGC	7.807968	-129.796891	0	T:2472.0(10.76%),B:2085.8(7.81%),P:1e-56	Tpos:397.4,Tstd:367.4,Bpos:267.0,Bstd:165.8,StrandBias:-0.1,Multiplicity:1.09
0.997	0.001	0.001	0.001
0.205	0.200	0.594	0.001
0.870	0.128	0.001	0.001
0.001	0.089	0.001	0.909
0.001	0.997	0.001	0.001
0.001	0.685	0.001	0.313
0.291	0.001	0.707	0.001
0.001	0.565	0.268	0.166
>ATTCCAGG	8-ATTCCAGG	7.392801	-125.811507	0	T:5860.0(25.51%),B:5665.8(21.20%),P:1e-54	Tpos:397.0,Tstd:374.3,Bpos:263.9,Bstd:162.4,StrandBias:0.1,Multiplicity:1.35
0.529	0.156	0.314	0.001
0.001	0.401	0.001	0.597
0.001	0.001	0.001	0.997
0.279	0.645	0.001	0.075
0.421	0.577	0.001	0.001
0.813	0.001	0.101	0.085
0.001	0.092	0.906	0.001
0.001	0.289	0.663	0.047
>RCATTCST	9-RCATTCST	4.846032	-118.960718	0	T:5421.0(23.60%),B:5219.9(19.53%),P:1e-51	Tpos:404.0,Tstd:378.4,Bpos:262.7,Bstd:161.9,StrandBias:0.0,Multiplicity:1.28
0.514	0.001	0.484	0.001
0.276	0.722	0.001	0.001
0.983	0.001	0.015	0.001
0.001	0.001	0.001	0.997
0.001	0.001	0.001	0.997
0.001	0.997	0.001	0.001
0.001	0.502	0.481	0.016
0.221	0.001	0.001	0.777
>GCCTTCGG	10-GCCTTCGG	6.901793	-113.123598	0	T:4281.0(18.64%),B:4020.0(15.04%),P:1e-49	Tpos:418.5,Tstd:357.2,Bpos:271.7,Bstd:164.9,StrandBias:0.0,Multiplicity:1.27
0.023	0.062	0.830	0.085
0.069	0.837	0.067	0.027
0.147	0.728	0.080	0.045
0.007	0.200	0.022	0.771
0.110	0.105	0.120	0.665
0.139	0.602	0.226	0.033
0.102	0.091	0.791	0.016
0.067	0.041	0.778	0.114
>WTTCCCGC	11-WTTCCCGC	6.530772	-104.098203	0	T:3995.0(17.39%),B:3752.3(14.04%),P:1e-45	Tpos:410.1,Tstd:359.8,Bpos:263.0,Bstd:165.8,StrandBias:0.0,Multiplicity:1.28
0.409	0.082	0.136	0.373
0.161	0.001	0.015	0.823
0.036	0.111	0.119	0.734
0.013	0.810	0.023	0.154
0.073	0.888	0.001	0.038
0.001	0.735	0.233	0.031
0.001	0.001	0.997	0.001
0.165	0.520	0.278	0.037
>TTCACGCA	12-TTCACGCA	6.979252	-103.984967	0	T:2533.0(11.03%),B:2225.5(8.33%),P:1e-45	Tpos:399.7,Tstd:392.2,Bpos:264.3,Bstd:156.8,StrandBias:-0.0,Multiplicity:1.12
0.027	0.051	0.109	0.813
0.031	0.339	0.073	0.557
0.001	0.566	0.312	0.121
0.836	0.001	0.130	0.033
0.001	0.785	0.213	0.001
0.002	0.001	0.944	0.053
0.001	0.780	0.194	0.025
0.851	0.001	0.051	0.097
>CAAATTAC	13-CAAATTAC	8.030257	-81.530563	0	T:715.0(3.11%),B:505.0(1.89%),P:1e-35	Tpos:380.9,Tstd:378.2,Bpos:263.0,Bstd:161.8,StrandBias:0.0,Multiplicity:1.02
0.001	0.997	0.001	0.001
0.926	0.001	0.072	0.001
0.997	0.001	0.001	0.001
0.997	0.001	0.001	0.001
0.001	0.001	0.001	0.997
0.001	0.335	0.001	0.663
0.997	0.001	0.001	0.001
0.001	0.997	0.001	0.001
>RGCTACAC	14-RGCTACAC	7.307312	-80.382770	0	T:4450.0(19.38%),B:4350.7(16.28%),P:1e-34	Tpos:396.5,Tstd:370.3,Bpos:262.4,Bstd:165.4,StrandBias:0.0,Multiplicity:1.19
0.566	0.001	0.432	0.001
0.079	0.001	0.911	0.009
0.001	0.765	0.070	0.164
0.001	0.178	0.128	0.693
0.891	0.107	0.001	0.001
0.053	0.835	0.001	0.111
0.796	0.001	0.087	0.116
0.001	0.997	0.001	0.001
>CCCTRGGC	15-CCCTRGGC	7.729514	-73.093319	0	T:5291.0(23.04%),B:5309.5(19.87%),P:1e-31	Tpos:422.8,Tstd:369.1,Bpos:262.6,Bstd:155.9,StrandBias:0.1,Multiplicity:1.24
0.187	0.785	0.001	0.027
0.048	0.785	0.060	0.107
0.016	0.912	0.071	0.001
0.350	0.001	0.059	0.590
0.489	0.001	0.509	0.001
0.058	0.027	0.914	0.001
0.036	0.001	0.922	0.041
0.077	0.613	0.254	0.056
>AAAACAAA	16-AAAACAAA	10.537315	-68.564189	0	T:3268.0(14.23%),B:3135.8(11.73%),P:1e-29	Tpos:398.5,Tstd:388.1,Bpos:270.0,Bstd:186.4,StrandBias:0.0,Multiplicity:1.88
0.997	0.001	0.001	0.001
0.879	0.119	0.001	0.001
0.997	0.001	0.001	0.001
0.871	0.127	0.001	0.001
0.001	0.997	0.001	0.001
0.870	0.128	0.001	0.001
0.997	0.001	0.001	0.001
0.874	0.083	0.001	0.042
>TWAGCTWG	17-TWAGCTWG	6.999299	-60.507078	0	T:1854.0(8.07%),B:1680.4(6.29%),P:1e-26	Tpos:396.5,Tstd:394.5,Bpos:260.7,Bstd:159.3,StrandBias:0.1,Multiplicity:1.13
0.001	0.001	0.251	0.747
0.451	0.001	0.088	0.461
0.623	0.375	0.001	0.001
0.001	0.001	0.907	0.091
0.001	0.725	0.001	0.273
0.001	0.001	0.163	0.835
0.537	0.036	0.001	0.426
0.031	0.001	0.702	0.266
>GYTCGATT	18-GYTCGATT	8.170586	-59.836821	0	T:626.0(2.73%),B:463.5(1.73%),P:1e-25	Tpos:415.3,Tstd:406.8,Bpos:269.9,Bstd:164.0,StrandBias:0.0,Multiplicity:1.06
0.001	0.001	0.997	0.001
0.001	0.473	0.056	0.470
0.001	0.001	0.001	0.997
0.291	0.511	0.197	0.001
0.001	0.001	0.997	0.001
0.997	0.001	0.001	0.001
0.058	0.127	0.198	0.617
0.001	0.278	0.074	0.647
>TGGTCTAC	19-TGGTCTAC	7.936239	-59.749167	0	T:2649.0(11.53%),B:2517.9(9.42%),P:1e-25	Tpos:403.9,Tstd:386.5,Bpos:258.9,Bstd:169.4,StrandBias:0.1,Multiplicity:1.13
0.001	0.202	0.001	0.796
0.185	0.001	0.813	0.001
0.180	0.187	0.632	0.001
0.110	0.325	0.001	0.564
0.001	0.626	0.003	0.370
0.001	0.109	0.001	0.889
0.997	0.001	0.001	0.001
0.019	0.979	0.001	0.001
>ATAAGTGC	20-ATAAGTGC	8.446557	-56.115396	0	T:459.0(2.00%),B:318.3(1.19%),P:1e-24	Tpos:367.8,Tstd:405.0,Bpos:257.3,Bstd:161.8,StrandBias:0.1,Multiplicity:1.02
0.997	0.001	0.001	0.001
0.001	0.001	0.001	0.997
0.832	0.001	0.001	0.166
0.997	0.001	0.001	0.001
0.001	0.001	0.997	0.001
0.001	0.087	0.001	0.911
0.001	0.001	0.997	0.001
0.001	0.997	0.001	0.001
>AACCCGCG	21-AACCCGCG	7.020841	-54.062661	0	T:1622.0(7.06%),B:1466.0(5.49%),P:1e-23	Tpos:417.5,Tstd:363.2,Bpos:269.6,Bstd:166.9,StrandBias:0.1,Multiplicity:1.12
0.785	0.151	0.036	0.028
0.859	0.107	0.001	0.033
0.183	0.533	0.184	0.100
0.047	0.730	0.001	0.222
0.054	0.919	0.026	0.001
0.009	0.055	0.822	0.114
0.136	0.789	0.029	0.046
0.031	0.209	0.568	0.192
>TTGAACCD	22-TTGAACCD	7.152087	-49.920494	0	T:3190.0(13.89%),B:3148.2(11.78%),P:1e-21	Tpos:408.7,Tstd:407.1,Bpos:265.8,Bstd:161.5,StrandBias:0.0,Multiplicity:1.10
0.001	0.175	0.001	0.823
0.001	0.001	0.003	0.995
0.134	0.001	0.778	0.087
0.820	0.001	0.001	0.178
0.629	0.001	0.233	0.137
0.216	0.779	0.004	0.001
0.001	0.997	0.001	0.001
0.305	0.001	0.359	0.334
>GAYAWTGG	23-GAYAWTGG	8.434505	-46.643220	0	T:945.0(4.11%),B:803.9(3.01%),P:1e-20	Tpos:395.6,Tstd:371.8,Bpos:269.8,Bstd:156.6,StrandBias:-0.0,Multiplicity:1.07
0.001	0.052	0.946	0.001
0.752	0.001	0.246	0.001
0.001	0.462	0.001	0.536
0.689	0.246	0.064	0.001
0.460	0.001	0.076	0.463
0.001	0.001	0.075	0.923
0.001	0.270	0.728	0.001
0.001	0.001	0.997	0.001
>CTGTGAAC	24-CTGTGAAC	9.158779	-41.811976	0	T:909.0(3.96%),B:782.7(2.93%),P:1e-18	Tpos:385.3,Tstd:392.7,Bpos:252.0,Bstd:158.1,StrandBias:0.1,Multiplicity:1.02
0.001	0.997	0.001	0.001
0.001	0.001	0.001	0.997
0.001	0.001	0.997	0.001
0.001	0.148	0.001	0.850
0.001	0.001	0.997	0.001
0.997	0.001	0.001	0.001
0.997	0.001	0.001	0.001
0.001	0.997	0.001	0.001
>TTGCTTTA	25-TTGCTTTA	8.424247	-31.329729	0	T:662.0(2.88%),B:569.0(2.13%),P:1e-13	Tpos:385.1,Tstd:379.6,Bpos:267.1,Bstd:165.6,StrandBias:-0.1,Multiplicity:1.15
0.001	0.001	0.001	0.997
0.001	0.001	0.001	0.997
0.001	0.001	0.997	0.001
0.001	0.997	0.001	0.001
0.001	0.001	0.071	0.927
0.001	0.001	0.001	0.997
0.001	0.001	0.001	0.997
0.997	0.001	0.001	0.001
