>CCTSAGGC	1-CCTSAGGC	7.844751	-1000.401159	0	T:11222.0(32.62%),B:7447.2(22.15%),P:1e-434	Tpos:500.6,Tstd:352.0,Bpos:367.4,Bstd:216.0,StrandBias:-0.0,Multiplicity:1.32
0.013	0.974	0.001	0.012
0.002	0.897	0.038	0.063
0.026	0.295	0.034	0.645
0.121	0.341	0.350	0.188
0.718	0.032	0.232	0.018
0.023	0.010	0.966	0.001
0.012	0.025	0.914	0.049
0.001	0.699	0.276	0.024
>TGAGTCAC	2-TGAGTCAC	9.257082	-889.310144	0	T:4140.0(12.03%),B:2007.0(5.97%),P:1e-386	Tpos:438.2,Tstd:329.8,Bpos:357.6,Bstd:207.2,StrandBias:0.1,Multiplicity:1.14
0.001	0.001	0.001	0.997
0.001	0.001	0.997	0.001
0.997	0.001	0.001	0.001
0.001	0.258	0.740	0.001
0.001	0.001	0.001	0.997
0.001	0.997	0.001	0.001
0.997	0.001	0.001	0.001
0.001	0.631	0.122	0.246
>CCCTAGGG	3-CCCTAGGG	7.564569	-769.516602	0	T:11035.0(32.07%),B:7685.1(22.86%),P:1e-334	Tpos:511.4,Tstd:376.6,Bpos:360.6,Bstd:217.0,StrandBias:0.0,Multiplicity:1.24
0.019	0.979	0.001	0.001
0.001	0.946	0.052	0.001
0.001	0.997	0.001	0.001
0.001	0.324	0.001	0.674
0.887	0.072	0.001	0.040
0.122	0.001	0.876	0.001
0.055	0.001	0.881	0.063
0.001	0.147	0.851	0.001
>TGAGTCAY	4-TGAGTCAY	7.670568	-585.115576	0	T:7493.0(21.78%),B:5001.1(14.87%),P:1e-254	Tpos:446.8,Tstd:358.3,Bpos:352.6,Bstd:212.1,StrandBias:0.0,Multiplicity:1.12
0.001	0.217	0.001	0.781
0.001	0.001	0.663	0.335
0.952	0.046	0.001	0.001
0.158	0.001	0.669	0.172
0.001	0.001	0.001	0.997
0.001	0.997	0.001	0.001
0.931	0.042	0.026	0.001
0.001	0.417	0.111	0.471
>CGGAATKY	5-CGGAATKY	7.491386	-457.550188	0	T:8142.0(23.67%),B:5805.0(17.26%),P:1e-198	Tpos:450.2,Tstd:366.1,Bpos:348.0,Bstd:216.3,StrandBias:0.0,Multiplicity:1.23
0.189	0.505	0.001	0.305
0.106	0.019	0.874	0.001
0.001	0.052	0.928	0.019
0.954	0.001	0.044	0.001
0.967	0.001	0.001	0.031
0.045	0.001	0.047	0.907
0.001	0.001	0.544	0.454
0.027	0.535	0.046	0.392
>GCCCCGCC	6-GCCCCGCC	9.087627	-280.323570	0	T:9229.0(26.83%),B:7221.8(21.48%),P:1e-121	Tpos:558.0,Tstd:351.8,Bpos:334.9,Bstd:202.3,StrandBias:-0.0,Multiplicity:1.75
0.001	0.001	0.856	0.142
0.001	0.770	0.001	0.228
0.001	0.997	0.001	0.001
0.046	0.952	0.001	0.001
0.001	0.997	0.001	0.001
0.240	0.001	0.758	0.001
0.001	0.997	0.001	0.001
0.001	0.967	0.001	0.031
>GCGCGATT	7-GCGCGATT	5.602919	-241.671182	0	T:9438.0(27.43%),B:7535.7(22.41%),P:1e-104	Tpos:535.8,Tstd:387.9,Bpos:358.9,Bstd:227.2,StrandBias:-0.0,Multiplicity:1.46
0.128	0.024	0.739	0.109
0.065	0.796	0.089	0.050
0.001	0.121	0.877	0.001
0.117	0.613	0.146	0.124
0.072	0.024	0.795	0.109
0.483	0.173	0.187	0.156
0.102	0.050	0.013	0.835
0.032	0.046	0.059	0.863
>MTCCGCCC	8-MTCCGCCC	9.225915	-231.360193	0	T:4461.0(12.97%),B:3172.7(9.44%),P:1e-100	Tpos:561.8,Tstd:355.3,Bpos:339.3,Bstd:208.0,StrandBias:-0.1,Multiplicity:1.26
0.452	0.546	0.001	0.001
0.001	0.337	0.001	0.661
0.001	0.997	0.001	0.001
0.001	0.997	0.001	0.001
0.374	0.001	0.624	0.001
0.067	0.931	0.001	0.001
0.001	0.997	0.001	0.001
0.097	0.901	0.001	0.001
>TCGGAAAC	9-TCGGAAAC	5.413164	-200.148163	0	T:10781.0(31.34%),B:8922.1(26.54%),P:1e-86	Tpos:507.7,Tstd:397.6,Bpos:347.8,Bstd:227.6,StrandBias:-0.0,Multiplicity:1.36
0.115	0.152	0.001	0.732
0.085	0.853	0.061	0.001
0.001	0.142	0.856	0.001
0.073	0.084	0.716	0.127
0.817	0.067	0.001	0.115
0.762	0.058	0.096	0.084
0.704	0.062	0.107	0.127
0.130	0.558	0.162	0.150
>WCGRTTTD	10-WCGRTTTD	5.808277	-187.832161	0	T:8014.0(23.29%),B:6429.0(19.12%),P:1e-81	Tpos:504.5,Tstd:403.0,Bpos:347.7,Bstd:233.3,StrandBias:-0.0,Multiplicity:1.22
0.340	0.245	0.001	0.415
0.001	0.997	0.001	0.001
0.001	0.008	0.990	0.001
0.308	0.177	0.391	0.125
0.262	0.208	0.088	0.441
0.001	0.001	0.027	0.971
0.128	0.127	0.019	0.726
0.360	0.124	0.291	0.225
>RAANBCGG	11-RAANBCGG	4.584290	-186.693580	0	T:4169.0(12.12%),B:3034.8(9.03%),P:1e-81	Tpos:520.4,Tstd:401.2,Bpos:353.2,Bstd:236.0,StrandBias:0.0,Multiplicity:1.14
0.367	0.191	0.253	0.190
0.477	0.199	0.220	0.104
0.449	0.236	0.179	0.135
0.312	0.183	0.208	0.297
0.051	0.409	0.263	0.277
0.012	0.824	0.150	0.014
0.006	0.348	0.619	0.027
0.097	0.304	0.498	0.100
>SCCTSCRG	12-SCCTSCRG	7.390139	-184.453407	0	T:10298.0(29.93%),B:8537.5(25.39%),P:1e-80	Tpos:535.1,Tstd:370.4,Bpos:362.5,Bstd:219.9,StrandBias:0.0,Multiplicity:1.44
0.058	0.373	0.507	0.062
0.034	0.890	0.028	0.048
0.049	0.890	0.001	0.060
0.048	0.032	0.077	0.843
0.001	0.430	0.563	0.006
0.102	0.469	0.228	0.200
0.411	0.049	0.539	0.001
0.074	0.001	0.913	0.012
>AGGRCGTT	13-AGGRCGTT	7.429585	-174.524758	0	T:5779.0(16.80%),B:4471.1(13.30%),P:1e-75	Tpos:493.4,Tstd:374.4,Bpos:344.4,Bstd:221.1,StrandBias:-0.1,Multiplicity:1.14
0.739	0.001	0.094	0.166
0.001	0.001	0.997	0.001
0.001	0.001	0.997	0.001
0.518	0.032	0.449	0.001
0.391	0.607	0.001	0.001
0.001	0.001	0.997	0.001
0.001	0.155	0.274	0.570
0.157	0.001	0.226	0.616
>ACCTAGCG	14-ACCTAGCG	5.562392	-166.465040	0	T:9495.0(27.60%),B:7869.0(23.40%),P:1e-72	Tpos:516.9,Tstd:383.3,Bpos:354.3,Bstd:222.9,StrandBias:0.0,Multiplicity:1.33
0.577	0.178	0.118	0.127
0.090	0.651	0.110	0.149
0.113	0.752	0.038	0.097
0.080	0.109	0.096	0.715
0.811	0.030	0.074	0.085
0.071	0.082	0.807	0.040
0.111	0.810	0.033	0.046
0.026	0.029	0.878	0.067
>AACGCGRA	15-AACGCGRA	5.536300	-152.135664	0	T:7408.0(21.53%),B:6013.2(17.88%),P:1e-66	Tpos:532.3,Tstd:389.7,Bpos:362.8,Bstd:236.0,StrandBias:0.0,Multiplicity:1.28
0.668	0.166	0.159	0.007
0.526	0.285	0.001	0.188
0.171	0.668	0.112	0.049
0.001	0.001	0.997	0.001
0.059	0.616	0.221	0.104
0.241	0.297	0.461	0.001
0.372	0.106	0.422	0.100
0.658	0.001	0.035	0.306
>TTCCCGCG	16-TTCCCGCG	3.724515	-147.201607	0	T:11364.0(33.03%),B:9696.8(28.84%),P:1e-63	Tpos:552.4,Tstd:383.3,Bpos:368.6,Bstd:229.5,StrandBias:0.0,Multiplicity:1.80
0.001	0.001	0.001	0.997
0.001	0.001	0.001	0.997
0.001	0.644	0.001	0.354
0.001	0.997	0.001	0.001
0.001	0.997	0.001	0.001
0.001	0.001	0.997	0.001
0.001	0.997	0.001	0.001
0.001	0.001	0.997	0.001
>AGGAAGTA	17-AGGAAGTA	5.343041	-124.496057	0	T:7680.0(22.32%),B:6377.7(18.97%),P:1e-54	Tpos:472.0,Tstd:364.9,Bpos:350.0,Bstd:205.4,StrandBias:-0.0,Multiplicity:1.21
0.935	0.063	0.001	0.001
0.001	0.001	0.997	0.001
0.001	0.001	0.997	0.001
0.997	0.001	0.001	0.001
0.997	0.001	0.001	0.001
0.001	0.183	0.815	0.001
0.001	0.001	0.001	0.997
0.717	0.001	0.281	0.001
>GCCTTAAG	18-GCCTTAAG	7.768171	-92.652372	0	T:4420.0(12.85%),B:3554.0(10.57%),P:1e-40	Tpos:465.6,Tstd:358.9,Bpos:353.6,Bstd:218.8,StrandBias:-0.0,Multiplicity:1.10
0.001	0.105	0.859	0.035
0.001	0.960	0.038	0.001
0.001	0.960	0.001	0.038
0.001	0.001	0.001	0.997
0.126	0.181	0.207	0.486
0.774	0.083	0.085	0.058
0.997	0.001	0.001	0.001
0.001	0.001	0.997	0.001
>GTGACGTC	19-GTGACGTC	5.756011	-73.395571	0	T:9347.0(27.17%),B:8202.9(24.40%),P:1e-31	Tpos:495.4,Tstd:375.2,Bpos:353.0,Bstd:210.9,StrandBias:-0.0,Multiplicity:1.26
0.065	0.082	0.795	0.058
0.064	0.085	0.079	0.772
0.108	0.083	0.719	0.090
0.792	0.040	0.117	0.051
0.070	0.854	0.041	0.035
0.095	0.093	0.662	0.150
0.046	0.108	0.036	0.810
0.112	0.597	0.081	0.210
>CAGATTCC	20-CAGATTCC	8.236954	-71.536832	0	T:1323.0(3.85%),B:926.9(2.76%),P:1e-31	Tpos:453.9,Tstd:390.2,Bpos:351.7,Bstd:220.9,StrandBias:0.0,Multiplicity:1.04
0.100	0.700	0.100	0.100
0.700	0.100	0.100	0.100
0.100	0.100	0.700	0.100
0.700	0.100	0.100	0.100
0.100	0.100	0.100	0.700
0.100	0.100	0.100	0.700
0.100	0.700	0.100	0.100
0.100	0.700	0.100	0.100
>TTAGAAGC	21-TTAGAAGC	8.379362	-61.048314	0	T:1689.0(4.91%),B:1263.9(3.76%),P:1e-26	Tpos:441.4,Tstd:359.6,Bpos:358.9,Bstd:219.9,StrandBias:-0.0,Multiplicity:1.09
0.001	0.001	0.001	0.997
0.001	0.001	0.001	0.997
0.904	0.094	0.001	0.001
0.001	0.001	0.997	0.001
0.997	0.001	0.001	0.001
0.997	0.001	0.001	0.001
0.001	0.278	0.720	0.001
0.001	0.997	0.001	0.001
>TAAGTGCC	22-TAAGTGCC	8.236954	-60.171171	0	T:647.0(1.88%),B:404.7(1.20%),P:1e-26	Tpos:408.2,Tstd:322.9,Bpos:358.3,Bstd:225.5,StrandBias:-0.0,Multiplicity:1.01
0.100	0.100	0.100	0.700
0.700	0.100	0.100	0.100
0.700	0.100	0.100	0.100
0.100	0.100	0.700	0.100
0.100	0.100	0.100	0.700
0.100	0.100	0.700	0.100
0.100	0.700	0.100	0.100
0.100	0.700	0.100	0.100
>GAATTGAC	23-GAATTGAC	8.210179	-57.132427	0	T:1433.0(4.17%),B:1056.2(3.14%),P:1e-24	Tpos:447.3,Tstd:356.3,Bpos:351.0,Bstd:218.9,StrandBias:-0.1,Multiplicity:1.14
0.001	0.171	0.827	0.001
0.925	0.001	0.001	0.073
0.997	0.001	0.001	0.001
0.246	0.001	0.120	0.633
0.001	0.001	0.001	0.997
0.121	0.202	0.423	0.254
0.576	0.422	0.001	0.001
0.201	0.797	0.001	0.001
>AAGAATGT	24-AAGAATGT	6.368992	-55.314221	0	T:2306.0(6.70%),B:1820.9(5.42%),P:1e-24	Tpos:429.2,Tstd:359.8,Bpos:354.6,Bstd:216.4,StrandBias:-0.0,Multiplicity:1.06
0.997	0.001	0.001	0.001
0.949	0.049	0.001	0.001
0.001	0.001	0.997	0.001
0.997	0.001	0.001	0.001
0.997	0.001	0.001	0.001
0.001	0.001	0.001	0.997
0.001	0.001	0.997	0.001
0.001	0.185	0.001	0.813
>TGGATCCA	25-TGGATCCA	8.236954	-44.886257	0	T:522.0(1.52%),B:333.7(0.99%),P:1e-19	Tpos:399.8,Tstd:341.5,Bpos:342.8,Bstd:202.2,StrandBias:0.0,Multiplicity:1.00
0.100	0.100	0.100	0.700
0.100	0.100	0.700	0.100
0.100	0.100	0.700	0.100
0.700	0.100	0.100	0.100
0.100	0.100	0.100	0.700
0.100	0.700	0.100	0.100
0.100	0.700	0.100	0.100
0.700	0.100	0.100	0.100
