>GYCATAAA	1-GYCATAAA	7.180192	-1682.084186	0	T:4598.0(24.42%),B:3004.1(9.81%),P:1e-730	Tpos:429.7,Tstd:362.7,Bpos:267.0,Bstd:160.7,StrandBias:0.0,Multiplicity:1.27
0.179	0.174	0.571	0.076
0.003	0.507	0.093	0.397
0.250	0.601	0.036	0.113
0.713	0.029	0.224	0.034
0.029	0.001	0.012	0.958
0.868	0.005	0.001	0.126
0.826	0.082	0.020	0.072
0.958	0.005	0.007	0.030
>TGACTCAT	2-TGACTCAT	7.904013	-1402.242597	0	T:3615.0(19.20%),B:2242.0(7.32%),P:1e-608	Tpos:392.8,Tstd:332.6,Bpos:262.0,Bstd:157.0,StrandBias:0.0,Multiplicity:1.21
0.001	0.001	0.001	0.997
0.001	0.016	0.968	0.015
0.997	0.001	0.001	0.001
0.011	0.720	0.248	0.021
0.029	0.001	0.005	0.965
0.019	0.979	0.001	0.001
0.975	0.001	0.006	0.018
0.034	0.188	0.178	0.600
>TTTAYWGC	3-TTTAYWGC	7.937101	-917.042315	0	T:3486.0(18.51%),B:2631.0(8.59%),P:1e-398	Tpos:415.9,Tstd:362.4,Bpos:264.9,Bstd:162.2,StrandBias:0.0,Multiplicity:1.14
0.001	0.001	0.001	0.997
0.001	0.001	0.001	0.997
0.001	0.004	0.001	0.994
0.997	0.001	0.001	0.001
0.001	0.432	0.001	0.566
0.572	0.001	0.001	0.426
0.176	0.006	0.817	0.001
0.001	0.997	0.001	0.001
>WGGAATGT	4-WGGAATGT	7.434254	-707.578307	0	T:5946.0(31.58%),B:6119.9(19.99%),P:1e-307	Tpos:421.3,Tstd:364.6,Bpos:268.9,Bstd:159.0,StrandBias:0.0,Multiplicity:1.47
0.428	0.067	0.001	0.504
0.001	0.001	0.997	0.001
0.001	0.001	0.997	0.001
0.997	0.001	0.001	0.001
0.997	0.001	0.001	0.001
0.001	0.001	0.001	0.997
0.001	0.199	0.507	0.293
0.001	0.226	0.001	0.772
>ACATTCWG	5-ACATTCWG	8.520005	-377.077170	0	T:1012.0(5.37%),B:615.9(2.01%),P:1e-163	Tpos:471.9,Tstd:379.8,Bpos:266.9,Bstd:153.8,StrandBias:0.1,Multiplicity:1.18
0.531	0.271	0.001	0.197
0.048	0.649	0.032	0.271
0.997	0.001	0.001	0.001
0.047	0.001	0.001	0.951
0.001	0.001	0.001	0.997
0.197	0.754	0.001	0.048
0.520	0.079	0.001	0.400
0.001	0.001	0.599	0.399
>AACTTCCT	6-AACTTCCT	8.407450	-315.722130	0	T:2900.0(15.40%),B:2945.1(9.62%),P:1e-137	Tpos:427.8,Tstd:372.8,Bpos:262.8,Bstd:158.2,StrandBias:-0.0,Multiplicity:1.17
0.638	0.114	0.001	0.247
0.896	0.001	0.102	0.001
0.001	0.997	0.001	0.001
0.001	0.001	0.071	0.927
0.041	0.126	0.001	0.832
0.031	0.951	0.001	0.017
0.001	0.997	0.001	0.001
0.001	0.067	0.014	0.918
>CCTTAGGC	7-CCTTAGGC	7.365611	-307.563642	0	T:3794.0(20.15%),B:4171.1(13.62%),P:1e-133	Tpos:404.2,Tstd:374.1,Bpos:266.7,Bstd:158.2,StrandBias:0.0,Multiplicity:1.18
0.001	0.997	0.001	0.001
0.011	0.861	0.006	0.122
0.001	0.074	0.001	0.924
0.066	0.237	0.233	0.464
0.965	0.001	0.033	0.001
0.001	0.001	0.997	0.001
0.001	0.001	0.997	0.001
0.001	0.944	0.054	0.001
>CATTATTC	8-CATTATTC	8.236954	-298.660731	0	T:625.0(3.32%),B:323.7(1.06%),P:1e-129	Tpos:492.4,Tstd:362.3,Bpos:266.7,Bstd:162.7,StrandBias:0.0,Multiplicity:1.01
0.100	0.700	0.100	0.100
0.700	0.100	0.100	0.100
0.100	0.100	0.100	0.700
0.100	0.100	0.100	0.700
0.700	0.100	0.100	0.100
0.100	0.100	0.100	0.700
0.100	0.100	0.100	0.700
0.100	0.700	0.100	0.100
>GGTGTGAA	9-GGTGTGAA	10.676776	-263.912311	0	T:736.0(3.91%),B:456.1(1.49%),P:1e-114	Tpos:439.9,Tstd:360.7,Bpos:260.2,Bstd:157.4,StrandBias:0.0,Multiplicity:1.03
0.001	0.001	0.997	0.001
0.001	0.001	0.997	0.001
0.001	0.050	0.001	0.948
0.001	0.001	0.997	0.001
0.001	0.001	0.001	0.997
0.001	0.001	0.909	0.089
0.997	0.001	0.001	0.001
0.779	0.001	0.219	0.001
>ACAATAGH	10-ACAATAGH	8.006049	-249.520225	0	T:1888.0(10.03%),B:1797.8(5.87%),P:1e-108	Tpos:450.6,Tstd:366.5,Bpos:260.5,Bstd:158.9,StrandBias:0.1,Multiplicity:1.24
0.997	0.001	0.001	0.001
0.001	0.997	0.001	0.001
0.880	0.001	0.018	0.101
0.997	0.001	0.001	0.001
0.149	0.001	0.001	0.849
0.725	0.018	0.256	0.001
0.001	0.349	0.649	0.001
0.237	0.241	0.150	0.372
>TAATTACG	11-TAATTACG	6.162125	-242.812170	0	T:3021.0(16.04%),B:3303.9(10.79%),P:1e-105	Tpos:440.4,Tstd:385.5,Bpos:256.1,Bstd:161.7,StrandBias:0.0,Multiplicity:1.22
0.106	0.180	0.094	0.620
0.777	0.116	0.092	0.015
0.810	0.001	0.103	0.086
0.001	0.044	0.056	0.899
0.001	0.093	0.310	0.596
0.621	0.269	0.109	0.001
0.001	0.589	0.409	0.001
0.142	0.182	0.495	0.182
>TTTGTCAC	12-TTTGTCAC	8.459985	-240.804144	0	T:2096.0(11.13%),B:2081.7(6.80%),P:1e-104	Tpos:434.3,Tstd:389.8,Bpos:261.1,Bstd:156.3,StrandBias:-0.0,Multiplicity:1.13
0.017	0.018	0.010	0.955
0.168	0.065	0.128	0.639
0.227	0.005	0.001	0.767
0.001	0.053	0.945	0.001
0.001	0.001	0.001	0.997
0.001	0.968	0.030	0.001
0.963	0.001	0.008	0.028
0.045	0.875	0.063	0.017
>GCTTCTAA	13-GCTTCTAA	8.236954	-225.569981	0	T:781.0(4.15%),B:543.2(1.77%),P:1e-97	Tpos:471.9,Tstd:368.4,Bpos:270.5,Bstd:160.0,StrandBias:-0.0,Multiplicity:1.08
0.100	0.100	0.700	0.100
0.100	0.700	0.100	0.100
0.100	0.100	0.100	0.700
0.100	0.100	0.100	0.700
0.100	0.700	0.100	0.100
0.100	0.100	0.100	0.700
0.700	0.100	0.100	0.100
0.700	0.100	0.100	0.100
>AAGAATGT	14-AAGAATGT	10.767962	-221.993010	0	T:974.0(5.17%),B:756.1(2.47%),P:1e-96	Tpos:424.7,Tstd:339.8,Bpos:261.0,Bstd:161.2,StrandBias:0.1,Multiplicity:1.04
0.997	0.001	0.001	0.001
0.997	0.001	0.001	0.001
0.001	0.001	0.997	0.001
0.997	0.001	0.001	0.001
0.997	0.001	0.001	0.001
0.001	0.001	0.001	0.997
0.001	0.001	0.842	0.156
0.001	0.122	0.001	0.876
>BTTAGCTA	15-BTTAGCTA	8.312917	-211.972204	0	T:1064.0(5.65%),B:873.6(2.85%),P:1e-92	Tpos:463.3,Tstd:378.7,Bpos:275.6,Bstd:164.9,StrandBias:-0.1,Multiplicity:1.18
0.021	0.389	0.295	0.295
0.106	0.294	0.001	0.599
0.001	0.001	0.001	0.997
0.953	0.045	0.001	0.001
0.166	0.017	0.733	0.084
0.181	0.717	0.101	0.001
0.291	0.001	0.001	0.707
0.997	0.001	0.001	0.001
>ACGCTTTG	16-ACGCTTTG	8.236954	-209.729983	0	T:314.0(1.67%),B:125.1(0.41%),P:1e-91	Tpos:378.5,Tstd:338.2,Bpos:277.6,Bstd:182.7,StrandBias:-0.4,Multiplicity:1.00
0.700	0.100	0.100	0.100
0.100	0.700	0.100	0.100
0.100	0.100	0.700	0.100
0.100	0.700	0.100	0.100
0.100	0.100	0.100	0.700
0.100	0.100	0.100	0.700
0.100	0.100	0.100	0.700
0.100	0.100	0.700	0.100
>CGATTTGA	17-CGATTTGA	8.236954	-193.242023	0	T:260.0(1.38%),B:94.8(0.31%),P:1e-83	Tpos:462.6,Tstd:396.4,Bpos:289.0,Bstd:171.8,StrandBias:0.1,Multiplicity:1.00
0.100	0.700	0.100	0.100
0.100	0.100	0.700	0.100
0.700	0.100	0.100	0.100
0.100	0.100	0.100	0.700
0.100	0.100	0.100	0.700
0.100	0.100	0.100	0.700
0.100	0.100	0.700	0.100
0.700	0.100	0.100	0.100
>TGACAGAC	18-TGACAGAC	8.897026	-191.334146	0	T:1817.0(9.65%),B:1842.4(6.02%),P:1e-83	Tpos:415.4,Tstd:398.0,Bpos:263.6,Bstd:155.3,StrandBias:0.0,Multiplicity:1.11
0.001	0.001	0.001	0.997
0.001	0.001	0.997	0.001
0.860	0.001	0.138	0.001
0.001	0.997	0.001	0.001
0.997	0.001	0.001	0.001
0.001	0.001	0.997	0.001
0.823	0.001	0.175	0.001
0.001	0.997	0.001	0.001
>ATAAGTGC	19-ATAAGTGC	8.236954	-191.134424	0	T:444.0(2.36%),B:246.2(0.80%),P:1e-83	Tpos:473.4,Tstd:444.4,Bpos:245.6,Bstd:161.1,StrandBias:-0.1,Multiplicity:1.01
0.700	0.100	0.100	0.100
0.100	0.100	0.100	0.700
0.700	0.100	0.100	0.100
0.700	0.100	0.100	0.100
0.100	0.100	0.700	0.100
0.100	0.100	0.100	0.700
0.100	0.100	0.700	0.100
0.100	0.700	0.100	0.100
>TGAATAGG	20-TGAATAGG	8.236954	-190.415194	0	T:497.0(2.64%),B:296.0(0.97%),P:1e-82	Tpos:456.8,Tstd:395.7,Bpos:273.4,Bstd:161.0,StrandBias:0.0,Multiplicity:1.01
0.100	0.100	0.100	0.700
0.100	0.100	0.700	0.100
0.700	0.100	0.100	0.100
0.700	0.100	0.100	0.100
0.100	0.100	0.100	0.700
0.700	0.100	0.100	0.100
0.100	0.100	0.700	0.100
0.100	0.100	0.700	0.100
>CGTTCCAC	21-CGTTCCAC	9.211423	-176.120996	0	T:429.0(2.28%),B:245.7(0.80%),P:1e-76	Tpos:386.8,Tstd:382.9,Bpos:254.7,Bstd:158.4,StrandBias:-0.2,Multiplicity:1.04
0.001	0.997	0.001	0.001
0.001	0.001	0.997	0.001
0.001	0.001	0.001	0.997
0.001	0.001	0.001	0.997
0.001	0.997	0.001	0.001
0.001	0.997	0.001	0.001
0.997	0.001	0.001	0.001
0.001	0.842	0.001	0.156
>GTTCCGGT	22-GTTCCGGT	3.669949	-174.146639	0	T:1900.0(10.09%),B:1996.4(6.52%),P:1e-75	Tpos:421.3,Tstd:388.3,Bpos:268.5,Bstd:165.1,StrandBias:0.1,Multiplicity:1.13
0.001	0.261	0.737	0.001
0.077	0.001	0.001	0.921
0.001	0.001	0.001	0.997
0.105	0.893	0.001	0.001
0.001	0.997	0.001	0.001
0.001	0.001	0.997	0.001
0.140	0.001	0.858	0.001
0.001	0.001	0.001	0.997
>ATTAGACT	23-ATTAGACT	8.235611	-161.952362	0	T:1305.0(6.93%),B:1259.4(4.11%),P:1e-70	Tpos:432.7,Tstd:380.9,Bpos:265.8,Bstd:159.6,StrandBias:-0.0,Multiplicity:1.24
0.956	0.001	0.042	0.001
0.242	0.252	0.001	0.505
0.001	0.336	0.001	0.662
0.997	0.001	0.001	0.001
0.001	0.289	0.588	0.122
0.715	0.001	0.042	0.242
0.001	0.877	0.121	0.001
0.001	0.001	0.001	0.997
>TTGTAACT	24-TTGTAACT	8.236962	-153.773075	0	T:1637.0(8.69%),B:1706.4(5.57%),P:1e-66	Tpos:442.3,Tstd:345.1,Bpos:272.4,Bstd:160.7,StrandBias:0.1,Multiplicity:1.26
0.001	0.001	0.403	0.595
0.258	0.001	0.001	0.740
0.001	0.330	0.668	0.001
0.001	0.001	0.001	0.997
0.774	0.001	0.001	0.224
0.734	0.264	0.001	0.001
0.001	0.965	0.033	0.001
0.001	0.001	0.001	0.997
>AGTCCTTG	25-AGTCCTTG	8.202303	-129.004669	0	T:1496.0(7.95%),B:1591.0(5.20%),P:1e-56	Tpos:457.8,Tstd:368.8,Bpos:261.5,Bstd:164.3,StrandBias:-0.0,Multiplicity:1.22
0.658	0.338	0.001	0.003
0.036	0.175	0.788	0.001
0.058	0.361	0.001	0.580
0.001	0.851	0.001	0.147
0.085	0.520	0.123	0.272
0.001	0.001	0.001	0.997
0.002	0.001	0.001	0.996
0.123	0.051	0.677	0.149
