>CCTBAGGC	1-CCTBAGGC	7.126087	-394.010008	0	T:6589.0(29.43%),B:5860.5(21.46%),P:1e-171	Tpos:489.4,Tstd:472.4,Bpos:291.4,Bstd:175.4,StrandBias:0.0,Multiplicity:1.38
0.001	0.997	0.001	0.001
0.001	0.987	0.001	0.011
0.001	0.075	0.013	0.911
0.057	0.315	0.339	0.289
0.939	0.014	0.046	0.001
0.001	0.001	0.997	0.001
0.001	0.022	0.976	0.001
0.001	0.974	0.024	0.001
>GTCTCGAA	2-GTCTCGAA	10.757670	-213.844436	0	T:954.0(4.26%),B:558.6(2.05%),P:1e-92	Tpos:476.6,Tstd:507.6,Bpos:286.0,Bstd:198.5,StrandBias:0.0,Multiplicity:1.04
0.001	0.001	0.997	0.001
0.001	0.001	0.001	0.997
0.001	0.997	0.001	0.001
0.001	0.001	0.001	0.997
0.001	0.997	0.001	0.001
0.218	0.001	0.780	0.001
0.970	0.001	0.001	0.028
0.962	0.036	0.001	0.001
>GTTCAAGG	3-GTTCAAGG	10.466016	-188.161531	0	T:1582.0(7.07%),B:1158.4(4.24%),P:1e-81	Tpos:512.3,Tstd:527.6,Bpos:291.2,Bstd:188.0,StrandBias:0.0,Multiplicity:1.11
0.001	0.001	0.997	0.001
0.001	0.001	0.001	0.997
0.001	0.001	0.001	0.997
0.001	0.997	0.001	0.001
0.547	0.393	0.001	0.059
0.997	0.001	0.001	0.001
0.001	0.001	0.997	0.001
0.001	0.001	0.997	0.001
>CCACGCCT	4-CCACGCCT	8.430908	-183.594391	0	T:3361.0(15.01%),B:2967.0(10.87%),P:1e-79	Tpos:514.0,Tstd:477.6,Bpos:273.6,Bstd:176.4,StrandBias:0.0,Multiplicity:1.32
0.127	0.586	0.267	0.020
0.023	0.945	0.001	0.031
0.983	0.001	0.001	0.015
0.001	0.997	0.001	0.001
0.093	0.001	0.905	0.001
0.011	0.944	0.020	0.025
0.001	0.966	0.010	0.023
0.001	0.261	0.017	0.721
>TGGAATGC	5-TGGAATGC	7.736570	-172.277744	0	T:2520.0(11.26%),B:2121.9(7.77%),P:1e-74	Tpos:477.6,Tstd:488.6,Bpos:288.0,Bstd:173.8,StrandBias:-0.1,Multiplicity:1.11
0.072	0.178	0.001	0.749
0.001	0.001	0.997	0.001
0.001	0.001	0.997	0.001
0.997	0.001	0.001	0.001
0.932	0.066	0.001	0.001
0.039	0.035	0.001	0.925
0.001	0.001	0.663	0.335
0.001	0.857	0.001	0.141
>ACAAACAA	6-ACAAACAA	10.846179	-167.343382	0	T:2194.0(9.80%),B:1801.8(6.60%),P:1e-72	Tpos:450.3,Tstd:498.0,Bpos:292.1,Bstd:196.0,StrandBias:0.1,Multiplicity:2.20
0.997	0.001	0.001	0.001
0.198	0.800	0.001	0.001
0.997	0.001	0.001	0.001
0.997	0.001	0.001	0.001
0.997	0.001	0.001	0.001
0.001	0.997	0.001	0.001
0.997	0.001	0.001	0.001
0.997	0.001	0.001	0.001
>SAGAAAYC	7-SAGAAAYC	8.442144	-165.648481	0	T:2702.0(12.07%),B:2326.4(8.52%),P:1e-71	Tpos:507.7,Tstd:552.1,Bpos:290.1,Bstd:184.7,StrandBias:0.1,Multiplicity:1.12
0.001	0.362	0.487	0.150
0.988	0.008	0.003	0.001
0.001	0.337	0.522	0.140
0.926	0.002	0.071	0.001
0.732	0.266	0.001	0.001
0.858	0.001	0.139	0.002
0.001	0.486	0.001	0.512
0.001	0.997	0.001	0.001
>SCCTSSGG	8-SCCTSSGG	8.488780	-151.962249	0	T:6214.0(27.75%),B:6228.2(22.81%),P:1e-65	Tpos:477.3,Tstd:453.7,Bpos:293.4,Bstd:179.0,StrandBias:0.1,Multiplicity:1.37
0.001	0.545	0.453	0.001
0.001	0.997	0.001	0.001
0.001	0.997	0.001	0.001
0.001	0.001	0.001	0.997
0.015	0.319	0.453	0.213
0.001	0.565	0.433	0.001
0.001	0.001	0.997	0.001
0.001	0.001	0.997	0.001
>GGCTAYWC	9-GGCTAYWC	8.353426	-114.303685	0	T:2143.0(9.57%),B:1887.6(6.91%),P:1e-49	Tpos:498.6,Tstd:557.8,Bpos:280.9,Bstd:182.3,StrandBias:-0.1,Multiplicity:1.12
0.229	0.001	0.769	0.001
0.282	0.001	0.716	0.001
0.001	0.770	0.001	0.228
0.001	0.001	0.073	0.925
0.997	0.001	0.001	0.001
0.001	0.496	0.001	0.502
0.520	0.001	0.066	0.413
0.001	0.799	0.001	0.199
>TTAATCCG	10-TTAATCCG	6.896911	-113.390481	0	T:2524.0(11.27%),B:2292.2(8.40%),P:1e-49	Tpos:566.6,Tstd:578.6,Bpos:283.5,Bstd:183.6,StrandBias:-0.0,Multiplicity:1.19
0.077	0.078	0.112	0.733
0.153	0.078	0.113	0.656
0.794	0.062	0.069	0.075
0.757	0.068	0.089	0.086
0.088	0.118	0.098	0.696
0.038	0.785	0.047	0.130
0.043	0.817	0.104	0.036
0.001	0.118	0.764	0.117
>GTTCCAGG	11-GTTCCAGG	8.715299	-104.034763	0	T:3202.0(14.30%),B:3058.5(11.20%),P:1e-45	Tpos:487.8,Tstd:510.7,Bpos:289.5,Bstd:182.5,StrandBias:0.1,Multiplicity:1.16
0.001	0.100	0.898	0.001
0.130	0.001	0.001	0.868
0.102	0.001	0.001	0.896
0.001	0.997	0.001	0.001
0.001	0.925	0.001	0.073
0.997	0.001	0.001	0.001
0.001	0.028	0.970	0.001
0.001	0.001	0.997	0.001
>AGATCCGC	12-AGATCCGC	7.642734	-87.288605	0	T:1225.0(5.47%),B:1016.6(3.72%),P:1e-37	Tpos:519.2,Tstd:535.8,Bpos:296.4,Bstd:183.2,StrandBias:-0.0,Multiplicity:1.05
0.751	0.174	0.001	0.074
0.330	0.049	0.620	0.001
0.684	0.230	0.085	0.001
0.001	0.155	0.001	0.843
0.001	0.890	0.001	0.108
0.001	0.815	0.001	0.183
0.245	0.001	0.753	0.001
0.059	0.487	0.237	0.217
>ATTCCSGC	13-ATTCCSGC	6.103363	-86.568537	0	T:3598.0(16.07%),B:3570.2(13.08%),P:1e-37	Tpos:470.3,Tstd:459.8,Bpos:284.2,Bstd:175.0,StrandBias:-0.0,Multiplicity:1.28
0.430	0.256	0.069	0.244
0.346	0.112	0.021	0.521
0.079	0.181	0.031	0.709
0.108	0.656	0.018	0.218
0.233	0.675	0.035	0.057
0.012	0.549	0.415	0.024
0.001	0.001	0.997	0.001
0.001	0.656	0.267	0.076
>CTGGTCTA	14-CTGGTCTA	8.860851	-79.322752	0	T:2593.0(11.58%),B:2490.2(9.12%),P:1e-34	Tpos:518.5,Tstd:527.9,Bpos:288.3,Bstd:183.9,StrandBias:0.1,Multiplicity:1.16
0.001	0.997	0.001	0.001
0.001	0.022	0.001	0.976
0.238	0.001	0.760	0.001
0.056	0.001	0.942	0.001
0.001	0.001	0.001	0.997
0.001	0.838	0.001	0.160
0.001	0.001	0.027	0.971
0.997	0.001	0.001	0.001
>ACATTCYT	15-ACATTCYT	10.120007	-78.983217	0	T:1337.0(5.97%),B:1152.3(4.22%),P:1e-34	Tpos:494.4,Tstd:514.1,Bpos:287.0,Bstd:172.6,StrandBias:-0.0,Multiplicity:1.11
0.997	0.001	0.001	0.001
0.001	0.887	0.111	0.001
0.997	0.001	0.001	0.001
0.001	0.001	0.001	0.997
0.001	0.001	0.001	0.997
0.001	0.997	0.001	0.001
0.001	0.563	0.001	0.435
0.001	0.001	0.001	0.997
>TTGAGACA	16-TTGAGACA	7.295796	-76.744143	0	T:2719.0(12.14%),B:2639.1(9.67%),P:1e-33	Tpos:495.6,Tstd:557.0,Bpos:291.9,Bstd:179.9,StrandBias:0.0,Multiplicity:1.13
0.001	0.001	0.001	0.997
0.001	0.001	0.001	0.997
0.001	0.001	0.997	0.001
0.997	0.001	0.001	0.001
0.001	0.001	0.997	0.001
0.694	0.178	0.127	0.001
0.001	0.997	0.001	0.001
0.965	0.001	0.033	0.001
>CCACACCY	17-CCACACCY	9.851310	-71.490839	0	T:2842.0(12.69%),B:2798.2(10.25%),P:1e-31	Tpos:489.8,Tstd:498.5,Bpos:289.9,Bstd:170.6,StrandBias:0.0,Multiplicity:1.17
0.173	0.678	0.148	0.001
0.001	0.997	0.001	0.001
0.997	0.001	0.001	0.001
0.001	0.997	0.001	0.001
0.997	0.001	0.001	0.001
0.001	0.997	0.001	0.001
0.001	0.997	0.001	0.001
0.001	0.435	0.001	0.563
>GTAAATTC	18-GTAAATTC	9.279561	-68.577067	0	T:543.0(2.43%),B:390.1(1.43%),P:1e-29	Tpos:513.9,Tstd:499.1,Bpos:297.7,Bstd:182.2,StrandBias:0.1,Multiplicity:1.07
0.001	0.001	0.997	0.001
0.001	0.001	0.001	0.997
0.831	0.167	0.001	0.001
0.997	0.001	0.001	0.001
0.997	0.001	0.001	0.001
0.001	0.001	0.001	0.997
0.001	0.001	0.001	0.997
0.001	0.997	0.001	0.001
>AAAACAAA	19-AAAACAAA	10.309007	-68.268771	0	T:3441.0(15.37%),B:3483.5(12.76%),P:1e-29	Tpos:511.0,Tstd:566.5,Bpos:288.2,Bstd:197.3,StrandBias:0.0,Multiplicity:1.95
0.997	0.001	0.001	0.001
0.893	0.105	0.001	0.001
0.997	0.001	0.001	0.001
0.647	0.299	0.053	0.001
0.001	0.997	0.001	0.001
0.926	0.072	0.001	0.001
0.997	0.001	0.001	0.001
0.866	0.132	0.001	0.001
>YTGAACCG	20-YTGAACCG	6.905376	-61.460858	0	T:3110.0(13.89%),B:3146.9(11.53%),P:1e-26	Tpos:482.6,Tstd:523.5,Bpos:292.0,Bstd:181.6,StrandBias:-0.0,Multiplicity:1.17
0.047	0.410	0.001	0.542
0.001	0.001	0.001	0.997
0.229	0.205	0.565	0.001
0.937	0.001	0.001	0.061
0.782	0.001	0.001	0.216
0.250	0.496	0.117	0.137
0.001	0.997	0.001	0.001
0.001	0.001	0.725	0.273
>CTAAGTTA	21-CTAAGTTA	10.334948	-54.699578	0	T:329.0(1.47%),B:217.0(0.79%),P:1e-23	Tpos:467.1,Tstd:472.2,Bpos:269.3,Bstd:171.9,StrandBias:0.3,Multiplicity:1.02
0.001	0.997	0.001	0.001
0.001	0.001	0.001	0.997
0.997	0.001	0.001	0.001
0.997	0.001	0.001	0.001
0.001	0.271	0.727	0.001
0.001	0.001	0.001	0.997
0.001	0.001	0.001	0.997
0.658	0.001	0.001	0.340
>GAACTCGC	22-GAACTCGC	6.228057	-50.984831	0	T:4090.0(18.27%),B:4323.4(15.83%),P:1e-22	Tpos:476.9,Tstd:497.3,Bpos:291.8,Bstd:183.2,StrandBias:-0.0,Multiplicity:1.19
0.167	0.063	0.709	0.061
0.762	0.090	0.144	0.004
0.653	0.126	0.040	0.181
0.116	0.662	0.095	0.127
0.047	0.102	0.067	0.784
0.080	0.812	0.019	0.089
0.041	0.071	0.818	0.070
0.047	0.743	0.166	0.044
>TAATTGGG	23-TAATTGGG	8.236954	-46.999268	0	T:389.0(1.74%),B:284.8(1.04%),P:1e-20	Tpos:456.2,Tstd:494.0,Bpos:295.1,Bstd:168.6,StrandBias:0.1,Multiplicity:1.03
0.100	0.100	0.100	0.700
0.700	0.100	0.100	0.100
0.700	0.100	0.100	0.100
0.100	0.100	0.100	0.700
0.100	0.100	0.100	0.700
0.100	0.100	0.700	0.100
0.100	0.100	0.700	0.100
0.100	0.100	0.700	0.100
>TTATAAGT	24-TTATAAGT	10.599319	-41.215414	0	T:317.0(1.42%),B:227.7(0.83%),P:1e-17	Tpos:452.6,Tstd:514.6,Bpos:279.3,Bstd:162.9,StrandBias:0.2,Multiplicity:1.03
0.001	0.001	0.001	0.997
0.001	0.001	0.001	0.997
0.997	0.001	0.001	0.001
0.001	0.001	0.001	0.997
0.997	0.001	0.001	0.001
0.997	0.001	0.001	0.001
0.001	0.001	0.997	0.001
0.234	0.001	0.140	0.625
>GCGGTGAA	25-GCGGTGAA	5.869330	-37.379867	0	T:2990.0(13.35%),B:3153.0(11.55%),P:1e-16	Tpos:472.1,Tstd:466.1,Bpos:293.4,Bstd:183.0,StrandBias:0.0,Multiplicity:1.19
0.065	0.164	0.596	0.175
0.018	0.908	0.006	0.068
0.063	0.148	0.717	0.072
0.033	0.174	0.616	0.177
0.230	0.115	0.139	0.516
0.174	0.214	0.533	0.079
0.489	0.199	0.182	0.129
0.637	0.003	0.180	0.180
