>TATGGCGA	1-TATGGCGA	8.236954	-31.532743	0	T:13.0(5.63%),B:109.8(0.23%),P:1e-13	Tpos:445.0,Tstd:474.9,Bpos:229.3,Bstd:188.4,StrandBias:1.0,Multiplicity:3.00
0.100	0.100	0.100	0.700
0.700	0.100	0.100	0.100
0.100	0.100	0.100	0.700
0.100	0.100	0.700	0.100
0.100	0.100	0.700	0.100
0.100	0.700	0.100	0.100
0.100	0.100	0.700	0.100
0.700	0.100	0.100	0.100
>AATAATTG	2-AATAATTG	8.464392	-21.844483	0	T:25.0(10.82%),B:1104.1(2.34%),P:1e-9	Tpos:442.2,Tstd:758.9,Bpos:228.9,Bstd:143.4,StrandBias:-0.4,Multiplicity:1.12
0.994	0.004	0.001	0.001
0.743	0.118	0.032	0.107
0.092	0.001	0.001	0.906
0.625	0.037	0.001	0.337
0.997	0.001	0.001	0.001
0.001	0.190	0.001	0.808
0.334	0.001	0.001	0.664
0.291	0.108	0.600	0.001
>AAACGAGA	3-AAACGAGA	8.374414	-17.190850	0	T:19.0(8.23%),B:821.0(1.74%),P:1e-7	Tpos:220.8,Tstd:173.7,Bpos:233.5,Bstd:160.6,StrandBias:-0.8,Multiplicity:1.12
0.997	0.001	0.001	0.001
0.738	0.001	0.001	0.260
0.828	0.001	0.001	0.170
0.001	0.835	0.001	0.163
0.001	0.001	0.997	0.001
0.776	0.001	0.001	0.222
0.001	0.001	0.821	0.177
0.997	0.001	0.001	0.001
>TGTAGGAC	4-TGTAGGAC	8.236954	-16.701475	0	T:13.0(5.63%),B:372.9(0.79%),P:1e-7	Tpos:359.9,Tstd:272.8,Bpos:222.6,Bstd:157.8,StrandBias:0.3,Multiplicity:3.38
0.100	0.100	0.100	0.700
0.100	0.100	0.700	0.100
0.100	0.100	0.100	0.700
0.700	0.100	0.100	0.100
0.100	0.100	0.700	0.100
0.100	0.100	0.700	0.100
0.700	0.100	0.100	0.100
0.100	0.700	0.100	0.100
>GGAATATG	5-GGAATATG	4.161567	-16.066294	0	T:24.0(10.39%),B:1378.5(2.92%),P:1e-6	Tpos:403.1,Tstd:534.1,Bpos:235.4,Bstd:151.2,StrandBias:-0.1,Multiplicity:2.00
0.001	0.001	0.997	0.001
0.001	0.001	0.997	0.001
0.997	0.001	0.001	0.001
0.997	0.001	0.001	0.001
0.001	0.001	0.001	0.997
0.997	0.001	0.001	0.001
0.001	0.038	0.200	0.761
0.001	0.001	0.997	0.001
>CTTTCGTT	6-CTTTCGTT	8.534836	-15.941185	0	T:17.0(7.36%),B:712.1(1.51%),P:1e-6	Tpos:350.1,Tstd:476.7,Bpos:235.3,Bstd:165.8,StrandBias:-1.0,Multiplicity:1.06
0.001	0.740	0.054	0.205
0.001	0.001	0.001	0.997
0.001	0.069	0.065	0.865
0.071	0.092	0.163	0.674
0.001	0.811	0.187	0.001
0.001	0.001	0.926	0.072
0.001	0.001	0.001	0.997
0.001	0.001	0.001	0.997
>ACGCCYAT	7-ACGCCYAT	6.532404	-15.245355	0	T:40.0(17.32%),B:3404.8(7.21%),P:1e-6	Tpos:326.3,Tstd:703.3,Bpos:220.3,Bstd:157.0,StrandBias:1.1,Multiplicity:1.16
0.472	0.246	0.068	0.213
0.072	0.926	0.001	0.001
0.001	0.001	0.997	0.001
0.229	0.510	0.122	0.139
0.030	0.907	0.034	0.029
0.094	0.393	0.172	0.340
0.653	0.183	0.102	0.062
0.078	0.001	0.055	0.866
>AAAATGCG	8-AAAATGCG	7.946012	-14.962306	0	T:30.0(12.99%),B:2157.6(4.57%),P:1e-6	Tpos:456.3,Tstd:641.4,Bpos:229.5,Bstd:152.9,StrandBias:0.3,Multiplicity:2.93
0.793	0.205	0.001	0.001
0.997	0.001	0.001	0.001
0.839	0.001	0.159	0.001
0.879	0.119	0.001	0.001
0.308	0.001	0.001	0.690
0.001	0.001	0.997	0.001
0.202	0.796	0.001	0.001
0.001	0.001	0.997	0.001
>CTACBAHT	9-CTACBAHT	6.022310	-14.746482	0	T:48.0(20.78%),B:4595.1(9.74%),P:1e-6	Tpos:559.3,Tstd:853.9,Bpos:229.3,Bstd:146.0,StrandBias:0.5,Multiplicity:1.44
0.001	0.684	0.001	0.314
0.095	0.307	0.001	0.597
0.883	0.115	0.001	0.001
0.101	0.513	0.177	0.209
0.001	0.315	0.339	0.345
0.900	0.098	0.001	0.001
0.377	0.357	0.001	0.264
0.066	0.307	0.001	0.626
>AWTTCGTC	10-AWTTCGTC	5.253598	-14.493370	0	T:82.0(35.50%),B:10054.6(21.30%),P:1e-6	Tpos:547.8,Tstd:929.1,Bpos:234.2,Bstd:161.7,StrandBias:0.1,Multiplicity:1.59
0.446	0.172	0.229	0.152
0.370	0.056	0.087	0.486
0.234	0.139	0.087	0.540
0.001	0.253	0.207	0.539
0.001	0.997	0.001	0.001
0.001	0.001	0.997	0.001
0.086	0.221	0.001	0.692
0.211	0.787	0.001	0.001
>CACCAACA	11-CACCAACA	7.434357	-14.344687	0	T:58.0(25.11%),B:6164.8(13.06%),P:1e-6	Tpos:529.3,Tstd:955.1,Bpos:232.7,Bstd:142.1,StrandBias:0.4,Multiplicity:1.32
0.119	0.812	0.068	0.001
0.987	0.001	0.011	0.001
0.307	0.682	0.001	0.010
0.095	0.849	0.014	0.042
0.927	0.063	0.001	0.009
0.997	0.001	0.001	0.001
0.001	0.948	0.043	0.008
0.935	0.048	0.014	0.003
>AACGCACA	12-AACGCACA	6.784528	-12.926634	0	T:47.0(20.35%),B:4751.9(10.07%),P:1e-5	Tpos:438.7,Tstd:709.6,Bpos:232.6,Bstd:144.0,StrandBias:0.2,Multiplicity:1.70
0.997	0.001	0.001	0.001
0.997	0.001	0.001	0.001
0.001	0.944	0.001	0.054
0.109	0.001	0.889	0.001
0.001	0.997	0.001	0.001
0.591	0.001	0.001	0.407
0.001	0.752	0.001	0.246
0.709	0.001	0.162	0.128
>TCTGACTT	13-TCTGACTT	9.705806	-12.213369	0	T:23.0(9.96%),B:1601.9(3.39%),P:1e-5	Tpos:446.4,Tstd:878.5,Bpos:236.6,Bstd:142.1,StrandBias:-0.2,Multiplicity:1.22
0.197	0.001	0.017	0.785
0.001	0.997	0.001	0.001
0.001	0.001	0.001	0.997
0.001	0.001	0.615	0.383
0.943	0.001	0.001	0.055
0.001	0.894	0.001	0.104
0.001	0.001	0.001	0.997
0.001	0.001	0.001	0.997
>ACTGAAAA	14-ACTGAAAA	8.871097	-9.985109	0	T:20.0(8.66%),B:1474.0(3.12%),P:1e-4	Tpos:370.2,Tstd:301.4,Bpos:234.8,Bstd:151.3,StrandBias:0.2,Multiplicity:4.80
0.997	0.001	0.001	0.001
0.001	0.997	0.001	0.001
0.001	0.001	0.111	0.887
0.001	0.001	0.997	0.001
0.997	0.001	0.001	0.001
0.997	0.001	0.001	0.001
0.997	0.001	0.001	0.001
0.997	0.001	0.001	0.001
>ATTAATCG	15-ATTAATCG	5.337777	-9.633936	0	T:49.0(21.21%),B:5719.0(12.12%),P:1e-4	Tpos:912.3,Tstd:1167.3,Bpos:230.7,Bstd:147.5,StrandBias:-0.4,Multiplicity:1.71
0.741	0.072	0.085	0.102
0.023	0.056	0.075	0.846
0.056	0.143	0.114	0.687
0.655	0.114	0.065	0.166
0.813	0.052	0.046	0.089
0.086	0.093	0.157	0.664
0.113	0.824	0.050	0.013
0.050	0.107	0.780	0.063
>GCAAGAAA	16-GCAAGAAA	7.799153	-8.967695	0	T:17.0(7.36%),B:1220.7(2.59%),P:1e-3	Tpos:404.4,Tstd:266.3,Bpos:232.5,Bstd:149.8,StrandBias:-0.2,Multiplicity:1.50
0.001	0.001	0.997	0.001
0.001	0.997	0.001	0.001
0.997	0.001	0.001	0.001
0.997	0.001	0.001	0.001
0.001	0.001	0.997	0.001
0.960	0.001	0.001	0.038
0.997	0.001	0.001	0.001
0.997	0.001	0.001	0.001
>CCCCCCCC	17-CCCCCCCC	8.792818	-2.257785	0	T:28.0(12.12%),B:4464.2(9.46%),P:1e0	Tpos:501.7,Tstd:877.2,Bpos:224.3,Bstd:145.6,StrandBias:-0.5,Multiplicity:1.15
0.043	0.955	0.001	0.001
0.086	0.798	0.115	0.001
0.001	0.997	0.001	0.001
0.001	0.997	0.001	0.001
0.001	0.997	0.001	0.001
0.001	0.997	0.001	0.001
0.001	0.997	0.001	0.001
0.069	0.929	0.001	0.001
>TTCTTTCT	18-TTCTTTCT	8.236954	-0.101517	0	T:13.0(5.63%),B:3605.9(7.64%),P:1e0	Tpos:375.1,Tstd:198.0,Bpos:225.3,Bstd:156.5,StrandBias:1.6,Multiplicity:5.46
0.100	0.100	0.100	0.700
0.100	0.100	0.100	0.700
0.100	0.700	0.100	0.100
0.100	0.100	0.100	0.700
0.100	0.100	0.100	0.700
0.100	0.100	0.100	0.700
0.100	0.700	0.100	0.100
0.100	0.100	0.100	0.700
