>TTTATGRC	1-TTTATGRC	7.984255	-1671.825257	0	T:4197.0(25.24%),B:3169.5(9.70%),P:1e-726	Tpos:460.7,Tstd:396.5,Bpos:284.8,Bstd:173.1,StrandBias:0.0,Multiplicity:1.28
0.121	0.073	0.001	0.805
0.001	0.001	0.120	0.878
0.001	0.001	0.001	0.997
0.981	0.001	0.017	0.001
0.001	0.118	0.001	0.880
0.097	0.018	0.690	0.195
0.502	0.001	0.496	0.001
0.001	0.761	0.001	0.237
>TGACTCAT	2-TGACTCAT	8.927728	-1049.406769	0	T:3004.0(18.07%),B:2380.5(7.28%),P:1e-455	Tpos:424.8,Tstd:351.0,Bpos:272.9,Bstd:167.6,StrandBias:-0.0,Multiplicity:1.21
0.001	0.001	0.001	0.997
0.001	0.021	0.965	0.013
0.980	0.018	0.001	0.001
0.001	0.738	0.242	0.019
0.022	0.001	0.009	0.968
0.011	0.987	0.001	0.001
0.972	0.001	0.003	0.024
0.031	0.178	0.179	0.612
>AMATTCCW	3-AMATTCCW	9.445400	-545.058214	0	T:2634.0(15.84%),B:2637.9(8.07%),P:1e-236	Tpos:468.4,Tstd:399.3,Bpos:278.0,Bstd:167.8,StrandBias:-0.1,Multiplicity:1.19
0.979	0.001	0.019	0.001
0.413	0.458	0.128	0.001
0.997	0.001	0.001	0.001
0.001	0.001	0.001	0.997
0.001	0.001	0.001	0.997
0.001	0.997	0.001	0.001
0.001	0.997	0.001	0.001
0.437	0.001	0.049	0.513
>GTTGTAAA	4-GTTGTAAA	7.929856	-471.442851	0	T:1468.0(8.83%),B:1182.7(3.62%),P:1e-204	Tpos:435.4,Tstd:391.4,Bpos:284.6,Bstd:173.5,StrandBias:-0.0,Multiplicity:1.12
0.001	0.001	0.997	0.001
0.001	0.168	0.001	0.830
0.001	0.257	0.001	0.741
0.001	0.001	0.997	0.001
0.001	0.001	0.001	0.997
0.997	0.001	0.001	0.001
0.997	0.001	0.001	0.001
0.997	0.001	0.001	0.001
>MGGAATTC	5-MGGAATTC	6.841335	-379.083120	0	T:3396.0(20.42%),B:4187.2(12.81%),P:1e-164	Tpos:449.0,Tstd:408.3,Bpos:282.3,Bstd:169.1,StrandBias:0.0,Multiplicity:1.29
0.260	0.404	0.132	0.204
0.190	0.072	0.633	0.105
0.034	0.037	0.857	0.072
0.839	0.092	0.041	0.028
0.821	0.014	0.117	0.048
0.064	0.015	0.001	0.920
0.025	0.033	0.245	0.697
0.052	0.831	0.040	0.077
>CATTCAGA	6-CATTCAGA	8.236954	-351.204803	0	T:1050.0(6.31%),B:822.8(2.52%),P:1e-152	Tpos:508.6,Tstd:440.4,Bpos:281.7,Bstd:162.7,StrandBias:0.0,Multiplicity:1.21
0.100	0.700	0.100	0.100
0.700	0.100	0.100	0.100
0.100	0.100	0.100	0.700
0.100	0.100	0.100	0.700
0.100	0.700	0.100	0.100
0.700	0.100	0.100	0.100
0.100	0.100	0.700	0.100
0.700	0.100	0.100	0.100
>GTACCTTG	7-GTACCTTG	8.236954	-300.165934	0	T:587.0(3.53%),B:350.1(1.07%),P:1e-130	Tpos:544.1,Tstd:410.6,Bpos:293.0,Bstd:166.9,StrandBias:0.0,Multiplicity:1.02
0.100	0.100	0.700	0.100
0.100	0.100	0.100	0.700
0.700	0.100	0.100	0.100
0.100	0.700	0.100	0.100
0.100	0.700	0.100	0.100
0.100	0.100	0.100	0.700
0.100	0.100	0.100	0.700
0.100	0.100	0.700	0.100
>GCCTTAGG	8-GCCTTAGG	8.392918	-291.631540	0	T:2672.0(16.07%),B:3284.7(10.05%),P:1e-126	Tpos:449.7,Tstd:417.1,Bpos:277.5,Bstd:167.7,StrandBias:-0.1,Multiplicity:1.14
0.026	0.124	0.849	0.001
0.001	0.997	0.001	0.001
0.001	0.997	0.001	0.001
0.001	0.233	0.001	0.765
0.115	0.175	0.180	0.530
0.913	0.025	0.037	0.025
0.001	0.001	0.997	0.001
0.001	0.001	0.997	0.001
>AACTTCCT	9-AACTTCCT	8.361581	-277.226547	0	T:2939.0(17.68%),B:3758.5(11.50%),P:1e-120	Tpos:471.5,Tstd:412.7,Bpos:283.8,Bstd:168.2,StrandBias:0.0,Multiplicity:1.29
0.678	0.084	0.028	0.210
0.852	0.001	0.146	0.001
0.001	0.997	0.001	0.001
0.001	0.001	0.065	0.933
0.025	0.174	0.001	0.800
0.025	0.954	0.001	0.020
0.001	0.997	0.001	0.001
0.001	0.066	0.001	0.932
>CGATTTGA	10-CGATTTGA	8.236954	-265.826631	0	T:253.0(1.52%),B:76.5(0.23%),P:1e-115	Tpos:521.3,Tstd:423.1,Bpos:292.9,Bstd:178.5,StrandBias:0.0,Multiplicity:1.00
0.100	0.700	0.100	0.100
0.100	0.100	0.700	0.100
0.700	0.100	0.100	0.100
0.100	0.100	0.100	0.700
0.100	0.100	0.100	0.700
0.100	0.100	0.100	0.700
0.100	0.100	0.700	0.100
0.700	0.100	0.100	0.100
>TAGAGTAT	11-TAGAGTAT	8.236954	-265.210708	0	T:495.0(2.98%),B:285.3(0.87%),P:1e-115	Tpos:533.5,Tstd:465.6,Bpos:274.1,Bstd:173.4,StrandBias:0.1,Multiplicity:1.01
0.100	0.100	0.100	0.700
0.700	0.100	0.100	0.100
0.100	0.100	0.700	0.100
0.700	0.100	0.100	0.100
0.100	0.100	0.700	0.100
0.100	0.100	0.100	0.700
0.700	0.100	0.100	0.100
0.100	0.100	0.100	0.700
>ATAAGTGC	12-ATAAGTGC	8.236954	-264.210341	0	T:507.0(3.05%),B:298.6(0.91%),P:1e-114	Tpos:473.3,Tstd:466.2,Bpos:283.6,Bstd:168.2,StrandBias:0.1,Multiplicity:1.01
0.700	0.100	0.100	0.100
0.100	0.100	0.100	0.700
0.700	0.100	0.100	0.100
0.700	0.100	0.100	0.100
0.100	0.100	0.700	0.100
0.100	0.100	0.100	0.700
0.100	0.100	0.700	0.100
0.100	0.700	0.100	0.100
>TTAGAAGC	13-TTAGAAGC	10.689525	-252.592443	0	T:746.0(4.49%),B:578.9(1.77%),P:1e-109	Tpos:507.6,Tstd:406.7,Bpos:275.4,Bstd:171.0,StrandBias:0.0,Multiplicity:1.08
0.001	0.001	0.001	0.997
0.001	0.001	0.001	0.997
0.997	0.001	0.001	0.001
0.001	0.001	0.997	0.001
0.997	0.001	0.001	0.001
0.997	0.001	0.001	0.001
0.001	0.314	0.684	0.001
0.001	0.997	0.001	0.001
>CTTAGCTA	14-CTTAGCTA	8.313899	-220.895546	0	T:805.0(4.84%),B:695.1(2.13%),P:1e-95	Tpos:528.3,Tstd:452.0,Bpos:279.3,Bstd:175.1,StrandBias:-0.1,Multiplicity:1.10
0.034	0.493	0.285	0.188
0.146	0.187	0.001	0.666
0.001	0.001	0.001	0.997
0.965	0.033	0.001	0.001
0.128	0.001	0.793	0.078
0.212	0.632	0.155	0.001
0.261	0.001	0.001	0.737
0.923	0.001	0.075	0.001
>GTCATTAC	15-GTCATTAC	8.853974	-216.743483	0	T:988.0(5.94%),B:944.4(2.89%),P:1e-94	Tpos:481.3,Tstd:406.5,Bpos:275.0,Bstd:171.8,StrandBias:0.1,Multiplicity:1.09
0.001	0.017	0.956	0.026
0.001	0.001	0.243	0.755
0.068	0.881	0.050	0.001
0.892	0.001	0.005	0.102
0.001	0.067	0.001	0.931
0.006	0.001	0.001	0.992
0.904	0.021	0.053	0.022
0.270	0.701	0.017	0.012
>TCCACGCA	16-TCCACGCA	8.236954	-216.060788	0	T:384.0(2.31%),B:213.2(0.65%),P:1e-93	Tpos:427.8,Tstd:395.3,Bpos:287.3,Bstd:178.5,StrandBias:0.2,Multiplicity:1.01
0.100	0.100	0.100	0.700
0.100	0.700	0.100	0.100
0.100	0.700	0.100	0.100
0.700	0.100	0.100	0.100
0.100	0.700	0.100	0.100
0.100	0.100	0.700	0.100
0.100	0.700	0.100	0.100
0.700	0.100	0.100	0.100
>AAGCCCTT	17-AAGCCCTT	8.236954	-215.219673	0	T:932.0(5.61%),B:871.9(2.67%),P:1e-93	Tpos:495.0,Tstd:352.8,Bpos:286.5,Bstd:170.5,StrandBias:-0.1,Multiplicity:1.09
0.700	0.100	0.100	0.100
0.700	0.100	0.100	0.100
0.100	0.100	0.700	0.100
0.100	0.700	0.100	0.100
0.100	0.700	0.100	0.100
0.100	0.700	0.100	0.100
0.100	0.100	0.100	0.700
0.100	0.100	0.100	0.700
>ACGCTTTG	18-ACGCTTTG	8.236954	-207.020536	0	T:295.0(1.77%),B:136.4(0.42%),P:1e-89	Tpos:412.7,Tstd:373.2,Bpos:274.5,Bstd:163.0,StrandBias:-0.4,Multiplicity:1.00
0.700	0.100	0.100	0.100
0.100	0.700	0.100	0.100
0.100	0.100	0.700	0.100
0.100	0.700	0.100	0.100
0.100	0.100	0.100	0.700
0.100	0.100	0.100	0.700
0.100	0.100	0.100	0.700
0.100	0.100	0.700	0.100
>AAGAATGT	19-AAGAATGT	9.314859	-191.191036	0	T:1417.0(8.52%),B:1617.2(4.95%),P:1e-83	Tpos:435.1,Tstd:412.3,Bpos:284.1,Bstd:168.7,StrandBias:-0.0,Multiplicity:1.06
0.825	0.001	0.173	0.001
0.997	0.001	0.001	0.001
0.001	0.001	0.997	0.001
0.997	0.001	0.001	0.001
0.997	0.001	0.001	0.001
0.001	0.001	0.001	0.997
0.001	0.001	0.997	0.001
0.001	0.001	0.001	0.997
>CCATAYAC	20-CCATAYAC	8.297740	-189.629766	0	T:860.0(5.17%),B:819.7(2.51%),P:1e-82	Tpos:511.7,Tstd:418.2,Bpos:288.8,Bstd:157.8,StrandBias:-0.1,Multiplicity:1.27
0.001	0.968	0.001	0.030
0.220	0.487	0.292	0.001
0.624	0.001	0.083	0.292
0.001	0.001	0.001	0.997
0.997	0.001	0.001	0.001
0.001	0.398	0.220	0.380
0.997	0.001	0.001	0.001
0.051	0.553	0.001	0.395
>GTCCTTGA	21-GTCCTTGA	8.236954	-185.799286	0	T:773.0(4.65%),B:710.0(2.17%),P:1e-80	Tpos:490.6,Tstd:422.9,Bpos:277.9,Bstd:165.5,StrandBias:-0.1,Multiplicity:1.03
0.100	0.100	0.700	0.100
0.100	0.100	0.100	0.700
0.100	0.700	0.100	0.100
0.100	0.700	0.100	0.100
0.100	0.100	0.100	0.700
0.100	0.100	0.100	0.700
0.100	0.100	0.700	0.100
0.700	0.100	0.100	0.100
>CKTTAGTC	22-CKTTAGTC	9.444759	-157.597618	0	T:194.0(1.17%),B:78.4(0.24%),P:1e-68	Tpos:480.2,Tstd:423.2,Bpos:294.8,Bstd:192.7,StrandBias:-0.1,Multiplicity:1.00
0.001	0.997	0.001	0.001
0.001	0.269	0.422	0.308
0.303	0.001	0.001	0.695
0.001	0.001	0.001	0.997
0.669	0.001	0.001	0.329
0.001	0.001	0.997	0.001
0.001	0.001	0.003	0.995
0.001	0.997	0.001	0.001
>ATWATGCA	23-ATWATGCA	9.757137	-156.990799	0	T:805.0(4.84%),B:805.8(2.47%),P:1e-68	Tpos:511.2,Tstd:414.7,Bpos:278.3,Bstd:165.7,StrandBias:0.0,Multiplicity:1.04
0.753	0.001	0.001	0.245
0.001	0.001	0.001	0.997
0.485	0.001	0.001	0.513
0.997	0.001	0.001	0.001
0.263	0.001	0.001	0.735
0.001	0.001	0.994	0.004
0.001	0.997	0.001	0.001
0.997	0.001	0.001	0.001
>GACTCGAC	24-GACTCGAC	8.236954	-154.419576	0	T:210.0(1.26%),B:93.6(0.29%),P:1e-67	Tpos:434.0,Tstd:455.9,Bpos:283.1,Bstd:188.0,StrandBias:-0.1,Multiplicity:1.00
0.100	0.100	0.700	0.100
0.700	0.100	0.100	0.100
0.100	0.700	0.100	0.100
0.100	0.100	0.100	0.700
0.100	0.700	0.100	0.100
0.100	0.100	0.700	0.100
0.700	0.100	0.100	0.100
0.100	0.700	0.100	0.100
>CATTCCCG	25-CATTCCCG	7.666968	-150.151449	0	T:473.0(2.84%),B:379.7(1.16%),P:1e-65	Tpos:460.3,Tstd:421.2,Bpos:289.0,Bstd:178.0,StrandBias:0.2,Multiplicity:1.12
0.001	0.997	0.001	0.001
0.997	0.001	0.001	0.001
0.001	0.001	0.001	0.997
0.155	0.001	0.001	0.843
0.085	0.913	0.001	0.001
0.001	0.955	0.043	0.001
0.001	0.997	0.001	0.001
0.001	0.001	0.997	0.001
