>GTCCATTG	1-GTCCATTG	7.769357	-86.357512	0	T:274.0(16.86%),B:3430.3(7.26%),P:1e-37	Tpos:390.0,Tstd:1484.4,Bpos:258.3,Bstd:176.4,StrandBias:-0.1,Multiplicity:1.16
0.159	0.312	0.528	0.001
0.131	0.001	0.026	0.842
0.001	0.997	0.001	0.001
0.423	0.575	0.001	0.001
0.886	0.053	0.001	0.060
0.110	0.091	0.001	0.798
0.081	0.192	0.093	0.634
0.001	0.304	0.535	0.160
>GGTGGAAT	2-GGTGGAAT	8.075626	-83.800925	0	T:340.0(20.92%),B:4824.7(10.21%),P:1e-36	Tpos:943.6,Tstd:4049.5,Bpos:258.8,Bstd:181.3,StrandBias:0.1,Multiplicity:1.25
0.001	0.090	0.908	0.001
0.001	0.001	0.997	0.001
0.001	0.001	0.001	0.997
0.001	0.018	0.980	0.001
0.051	0.084	0.751	0.114
0.867	0.001	0.131	0.001
0.862	0.136	0.001	0.001
0.001	0.001	0.001	0.997
>GTTGAGGG	3-GTTGAGGG	8.568286	-65.946102	0	T:137.0(8.43%),B:1312.1(2.78%),P:1e-28	Tpos:376.5,Tstd:950.2,Bpos:261.5,Bstd:171.5,StrandBias:0.1,Multiplicity:1.01
0.001	0.001	0.997	0.001
0.001	0.001	0.001	0.997
0.001	0.001	0.001	0.997
0.001	0.001	0.997	0.001
0.997	0.001	0.001	0.001
0.001	0.001	0.997	0.001
0.001	0.082	0.916	0.001
0.001	0.001	0.997	0.001
>TCGATTCG	4-TCGATTCG	4.137200	-59.415348	0	T:242.0(14.89%),B:3396.6(7.19%),P:1e-25	Tpos:936.6,Tstd:4673.4,Bpos:256.3,Bstd:189.6,StrandBias:0.1,Multiplicity:1.24
0.001	0.001	0.001	0.997
0.001	0.997	0.001	0.001
0.025	0.001	0.973	0.001
0.997	0.001	0.001	0.001
0.001	0.001	0.001	0.997
0.001	0.001	0.001	0.997
0.001	0.997	0.001	0.001
0.001	0.001	0.831	0.167
>GTGAGGTA	5-GTGAGGTA	9.261875	-56.787309	0	T:213.0(13.11%),B:2872.8(6.08%),P:1e-24	Tpos:619.2,Tstd:3269.2,Bpos:256.7,Bstd:171.0,StrandBias:-0.0,Multiplicity:1.09
0.001	0.001	0.997	0.001
0.331	0.001	0.001	0.667
0.001	0.134	0.864	0.001
0.997	0.001	0.001	0.001
0.283	0.001	0.715	0.001
0.001	0.001	0.997	0.001
0.001	0.001	0.001	0.997
0.997	0.001	0.001	0.001
>AGCCAATC	6-AGCCAATC	7.252610	-55.982929	0	T:228.0(14.03%),B:3195.4(6.76%),P:1e-24	Tpos:1176.4,Tstd:4795.4,Bpos:259.9,Bstd:167.1,StrandBias:-0.4,Multiplicity:1.17
0.997	0.001	0.001	0.001
0.001	0.001	0.997	0.001
0.001	0.997	0.001	0.001
0.001	0.997	0.001	0.001
0.997	0.001	0.001	0.001
0.841	0.001	0.022	0.136
0.001	0.001	0.001	0.997
0.001	0.997	0.001	0.001
>TGAATTTC	7-TGAATTTC	7.825417	-49.895706	0	T:548.0(33.72%),B:10927.4(23.13%),P:1e-21	Tpos:1055.5,Tstd:5039.6,Bpos:257.8,Bstd:177.3,StrandBias:-0.2,Multiplicity:1.36
0.001	0.001	0.107	0.891
0.001	0.001	0.939	0.059
0.778	0.098	0.123	0.001
0.891	0.001	0.037	0.071
0.070	0.001	0.096	0.833
0.061	0.001	0.001	0.937
0.001	0.023	0.001	0.975
0.073	0.751	0.122	0.054
>GTACYACG	8-GTACYACG	6.593113	-47.689706	0	T:373.0(22.95%),B:6694.5(14.17%),P:1e-20	Tpos:1349.4,Tstd:5513.9,Bpos:263.2,Bstd:170.7,StrandBias:0.0,Multiplicity:1.58
0.009	0.005	0.975	0.011
0.002	0.016	0.049	0.933
0.954	0.023	0.004	0.019
0.027	0.669	0.204	0.100
0.239	0.331	0.034	0.395
0.857	0.044	0.081	0.018
0.022	0.777	0.049	0.152
0.251	0.134	0.445	0.170
>GATGGACC	9-GATGGACC	7.076526	-47.150233	0	T:175.0(10.77%),B:2342.9(4.96%),P:1e-20	Tpos:581.8,Tstd:2250.1,Bpos:264.8,Bstd:180.2,StrandBias:0.3,Multiplicity:1.27
0.001	0.001	0.997	0.001
0.944	0.001	0.001	0.054
0.001	0.001	0.001	0.997
0.001	0.013	0.985	0.001
0.001	0.001	0.997	0.001
0.997	0.001	0.001	0.001
0.001	0.678	0.001	0.320
0.001	0.969	0.029	0.001
>GCAGCCTT	10-GCAGCCTT	8.236954	-45.018789	0	T:139.0(8.55%),B:1695.6(3.59%),P:1e-19	Tpos:441.8,Tstd:1529.6,Bpos:259.5,Bstd:178.3,StrandBias:0.3,Multiplicity:1.00
0.100	0.100	0.700	0.100
0.100	0.700	0.100	0.100
0.700	0.100	0.100	0.100
0.100	0.100	0.700	0.100
0.100	0.700	0.100	0.100
0.100	0.700	0.100	0.100
0.100	0.100	0.100	0.700
0.100	0.100	0.100	0.700
>CTAATATC	11-CTAATATC	10.847428	-44.843460	0	T:163.0(10.03%),B:2159.5(4.57%),P:1e-19	Tpos:435.0,Tstd:1521.1,Bpos:254.1,Bstd:180.1,StrandBias:-0.4,Multiplicity:1.05
0.001	0.997	0.001	0.001
0.001	0.001	0.001	0.997
0.801	0.001	0.001	0.197
0.997	0.001	0.001	0.001
0.001	0.001	0.001	0.997
0.997	0.001	0.001	0.001
0.001	0.001	0.001	0.997
0.001	0.997	0.001	0.001
>TGGATACA	12-TGGATACA	5.154403	-44.816980	0	T:549.0(33.78%),B:11207.8(23.73%),P:1e-19	Tpos:929.4,Tstd:3976.9,Bpos:256.3,Bstd:174.3,StrandBias:0.1,Multiplicity:1.37
0.001	0.001	0.162	0.836
0.001	0.001	0.997	0.001
0.001	0.001	0.997	0.001
0.982	0.001	0.001	0.016
0.181	0.001	0.001	0.817
0.997	0.001	0.001	0.001
0.001	0.980	0.018	0.001
0.997	0.001	0.001	0.001
>TGACACCA	13-TGACACCA	10.142981	-44.752951	0	T:184.0(11.32%),B:2581.0(5.46%),P:1e-19	Tpos:1173.6,Tstd:5215.7,Bpos:261.4,Bstd:169.9,StrandBias:0.2,Multiplicity:1.21
0.001	0.001	0.001	0.997
0.001	0.396	0.602	0.001
0.997	0.001	0.001	0.001
0.001	0.997	0.001	0.001
0.997	0.001	0.001	0.001
0.001	0.997	0.001	0.001
0.001	0.997	0.001	0.001
0.997	0.001	0.001	0.001
>TAGCCAGA	14-TAGCCAGA	9.547253	-44.737639	0	T:202.0(12.43%),B:2952.9(6.25%),P:1e-19	Tpos:358.8,Tstd:999.2,Bpos:260.0,Bstd:179.8,StrandBias:0.3,Multiplicity:1.19
0.001	0.001	0.001	0.997
0.997	0.001	0.001	0.001
0.001	0.001	0.731	0.267
0.001	0.997	0.001	0.001
0.127	0.815	0.057	0.001
0.997	0.001	0.001	0.001
0.001	0.001	0.997	0.001
0.997	0.001	0.001	0.001
>ATTAAGGA	15-ATTAAGGA	8.294032	-42.919127	0	T:364.0(22.40%),B:6675.5(14.13%),P:1e-18	Tpos:805.1,Tstd:4359.2,Bpos:259.5,Bstd:172.4,StrandBias:-0.0,Multiplicity:1.21
0.997	0.001	0.001	0.001
0.001	0.092	0.001	0.906
0.001	0.001	0.001	0.997
0.859	0.001	0.001	0.139
0.997	0.001	0.001	0.001
0.198	0.017	0.784	0.001
0.001	0.001	0.997	0.001
0.997	0.001	0.001	0.001
>GTCTTTYK	16-GTCTTTYK	8.552775	-40.440009	0	T:250.0(15.38%),B:4123.9(8.73%),P:1e-17	Tpos:969.8,Tstd:4254.5,Bpos:255.8,Bstd:169.8,StrandBias:0.2,Multiplicity:1.20
0.001	0.001	0.997	0.001
0.001	0.382	0.001	0.616
0.001	0.797	0.201	0.001
0.001	0.257	0.015	0.727
0.001	0.126	0.001	0.872
0.001	0.027	0.001	0.971
0.001	0.457	0.001	0.541
0.001	0.001	0.513	0.485
>CACCTGAA	17-CACCTGAA	10.704280	-37.348756	0	T:118.0(7.26%),B:1458.0(3.09%),P:1e-16	Tpos:591.5,Tstd:3872.1,Bpos:256.3,Bstd:184.8,StrandBias:0.0,Multiplicity:1.25
0.001	0.997	0.001	0.001
0.997	0.001	0.001	0.001
0.001	0.997	0.001	0.001
0.001	0.917	0.081	0.001
0.001	0.037	0.001	0.961
0.001	0.001	0.997	0.001
0.997	0.001	0.001	0.001
0.783	0.001	0.215	0.001
>TGATTAGT	18-TGATTAGT	7.509171	-36.808375	0	T:296.0(18.22%),B:5316.2(11.25%),P:1e-15	Tpos:1915.1,Tstd:7175.6,Bpos:258.9,Bstd:160.8,StrandBias:-0.3,Multiplicity:1.23
0.001	0.247	0.001	0.751
0.133	0.171	0.695	0.001
0.731	0.001	0.001	0.267
0.210	0.001	0.162	0.627
0.261	0.001	0.106	0.632
0.978	0.020	0.001	0.001
0.001	0.034	0.964	0.001
0.001	0.001	0.242	0.756
>ACCCAGAT	19-ACCCAGAT	8.236954	-35.925276	0	T:121.0(7.45%),B:1545.3(3.27%),P:1e-15	Tpos:654.8,Tstd:4031.7,Bpos:259.9,Bstd:172.6,StrandBias:0.6,Multiplicity:1.12
0.700	0.100	0.100	0.100
0.100	0.700	0.100	0.100
0.100	0.700	0.100	0.100
0.100	0.700	0.100	0.100
0.700	0.100	0.100	0.100
0.100	0.100	0.700	0.100
0.700	0.100	0.100	0.100
0.100	0.100	0.100	0.700
>TTCGTTGA	20-TTCGTTGA	8.995997	-35.458299	0	T:354.0(21.78%),B:6766.3(14.32%),P:1e-15	Tpos:748.0,Tstd:3151.5,Bpos:257.7,Bstd:183.3,StrandBias:0.0,Multiplicity:1.30
0.008	0.001	0.001	0.990
0.052	0.001	0.001	0.946
0.001	0.524	0.111	0.364
0.001	0.044	0.681	0.274
0.005	0.001	0.068	0.926
0.001	0.001	0.001	0.997
0.001	0.001	0.997	0.001
0.995	0.001	0.003	0.001
>ACDCAATC	21-ACDCAATC	5.795381	-34.408920	0	T:536.0(32.98%),B:11448.7(24.24%),P:1e-14	Tpos:1582.7,Tstd:5736.9,Bpos:255.9,Bstd:172.1,StrandBias:0.1,Multiplicity:1.43
0.842	0.001	0.021	0.136
0.276	0.432	0.140	0.153
0.340	0.136	0.230	0.294
0.182	0.687	0.108	0.023
0.758	0.115	0.010	0.117
0.654	0.126	0.115	0.105
0.262	0.099	0.146	0.493
0.291	0.604	0.104	0.001
>ACAATTGC	22-ACAATTGC	7.391315	-34.185384	0	T:658.0(40.49%),B:14729.7(31.18%),P:1e-14	Tpos:989.7,Tstd:3882.4,Bpos:257.3,Bstd:171.9,StrandBias:0.1,Multiplicity:1.40
0.609	0.211	0.001	0.179
0.310	0.688	0.001	0.001
0.997	0.001	0.001	0.001
0.997	0.001	0.001	0.001
0.409	0.001	0.001	0.589
0.018	0.001	0.001	0.980
0.001	0.001	0.997	0.001
0.001	0.668	0.330	0.001
>WTAGTSTC	23-WTAGTSTC	7.847188	-29.064918	0	T:214.0(13.17%),B:3727.3(7.89%),P:1e-12	Tpos:675.7,Tstd:2614.8,Bpos:260.6,Bstd:172.4,StrandBias:-0.2,Multiplicity:1.20
0.418	0.076	0.234	0.272
0.073	0.001	0.001	0.925
0.817	0.007	0.001	0.175
0.001	0.063	0.935	0.001
0.118	0.001	0.001	0.880
0.172	0.288	0.366	0.174
0.001	0.006	0.001	0.992
0.259	0.739	0.001	0.001
>GCTCCACT	24-GCTCCACT	8.236954	-28.154723	0	T:87.0(5.35%),B:1068.3(2.26%),P:1e-12	Tpos:1138.7,Tstd:5885.3,Bpos:256.2,Bstd:173.9,StrandBias:0.7,Multiplicity:1.34
0.100	0.100	0.700	0.100
0.100	0.700	0.100	0.100
0.100	0.100	0.100	0.700
0.100	0.700	0.100	0.100
0.100	0.700	0.100	0.100
0.700	0.100	0.100	0.100
0.100	0.700	0.100	0.100
0.100	0.100	0.100	0.700
>CCCCCCCC	25-CCCCCCCC	8.274905	-14.177805	0	T:128.0(7.88%),B:2379.0(5.04%),P:1e-6	Tpos:1215.7,Tstd:4248.0,Bpos:253.9,Bstd:167.3,StrandBias:0.0,Multiplicity:1.17
0.092	0.806	0.064	0.038
0.044	0.938	0.017	0.001
0.001	0.997	0.001	0.001
0.001	0.997	0.001	0.001
0.001	0.997	0.001	0.001
0.001	0.972	0.026	0.001
0.086	0.871	0.042	0.001
0.133	0.827	0.014	0.026
