>ACAATAGA	1-ACAATAGA	8.661377	-1279.442939	0	T:2443.0(14.79%),B:1510.8(4.57%),P:1e-555	Tpos:501.7,Tstd:394.9,Bpos:352.8,Bstd:215.7,StrandBias:0.0,Multiplicity:1.17
0.997	0.001	0.001	0.001
0.001	0.997	0.001	0.001
0.997	0.001	0.001	0.001
0.997	0.001	0.001	0.001
0.001	0.001	0.001	0.997
0.997	0.001	0.001	0.001
0.001	0.001	0.997	0.001
0.699	0.210	0.090	0.001
>TGACCTTG	2-TGACCTTG	8.236954	-1074.680834	0	T:2313.0(14.01%),B:1549.4(4.69%),P:1e-466	Tpos:464.3,Tstd:413.4,Bpos:349.0,Bstd:214.7,StrandBias:-0.1,Multiplicity:1.13
0.100	0.100	0.100	0.700
0.100	0.100	0.700	0.100
0.700	0.100	0.100	0.100
0.100	0.700	0.100	0.100
0.100	0.700	0.100	0.100
0.100	0.100	0.100	0.700
0.100	0.100	0.100	0.700
0.100	0.100	0.700	0.100
>GCCTTTGT	3-GCCTTTGT	6.530226	-1049.050678	0	T:8385.0(50.78%),B:11060.8(33.48%),P:1e-455	Tpos:490.4,Tstd:437.5,Bpos:347.7,Bstd:216.8,StrandBias:-0.0,Multiplicity:1.59
0.050	0.139	0.636	0.175
0.015	0.850	0.077	0.058
0.001	0.906	0.001	0.092
0.206	0.001	0.002	0.791
0.001	0.001	0.001	0.997
0.001	0.001	0.001	0.997
0.009	0.001	0.989	0.001
0.015	0.001	0.001	0.983
>ATTTRCAT	4-ATTTRCAT	7.177604	-726.521774	0	T:5708.0(34.56%),B:7157.1(21.66%),P:1e-315	Tpos:493.7,Tstd:425.2,Bpos:356.0,Bstd:216.9,StrandBias:0.0,Multiplicity:1.27
0.779	0.089	0.078	0.054
0.117	0.001	0.001	0.881
0.080	0.001	0.001	0.918
0.344	0.062	0.001	0.593
0.421	0.075	0.440	0.064
0.287	0.692	0.020	0.001
0.909	0.065	0.025	0.001
0.202	0.010	0.001	0.787
>CAAGGTCA	5-CAAGGTCA	7.399759	-679.463365	0	T:6076.0(36.79%),B:7920.6(23.97%),P:1e-295	Tpos:499.0,Tstd:452.1,Bpos:351.2,Bstd:212.7,StrandBias:-0.0,Multiplicity:1.25
0.059	0.645	0.230	0.066
0.936	0.001	0.001	0.062
0.945	0.001	0.053	0.001
0.103	0.006	0.890	0.001
0.001	0.117	0.881	0.001
0.183	0.001	0.117	0.699
0.052	0.939	0.001	0.008
0.784	0.001	0.085	0.130
>CCCCACCC	6-CCCCACCC	9.036414	-546.125405	0	T:5521.0(33.43%),B:7349.0(22.24%),P:1e-237	Tpos:483.3,Tstd:442.6,Bpos:349.4,Bstd:216.8,StrandBias:-0.0,Multiplicity:1.58
0.001	0.954	0.001	0.044
0.001	0.720	0.001	0.278
0.201	0.797	0.001	0.001
0.001	0.997	0.001	0.001
0.997	0.001	0.001	0.001
0.001	0.997	0.001	0.001
0.001	0.997	0.001	0.001
0.001	0.940	0.001	0.058
>TAATTAGC	7-TAATTAGC	7.287416	-344.231754	0	T:3214.0(19.46%),B:4068.0(12.31%),P:1e-149	Tpos:518.4,Tstd:461.6,Bpos:351.2,Bstd:219.4,StrandBias:-0.0,Multiplicity:1.21
0.092	0.050	0.052	0.806
0.838	0.087	0.074	0.001
0.997	0.001	0.001	0.001
0.001	0.001	0.001	0.997
0.001	0.001	0.001	0.997
0.910	0.001	0.001	0.088
0.001	0.045	0.934	0.020
0.015	0.632	0.140	0.213
>RWCTGAAT	8-RWCTGAAT	7.971516	-322.180660	0	T:3766.0(22.80%),B:5062.7(15.32%),P:1e-139	Tpos:513.6,Tstd:433.0,Bpos:345.8,Bstd:213.7,StrandBias:0.0,Multiplicity:1.42
0.432	0.001	0.324	0.243
0.512	0.055	0.001	0.432
0.001	0.516	0.159	0.324
0.001	0.026	0.214	0.759
0.001	0.001	0.997	0.001
0.972	0.001	0.026	0.001
0.997	0.001	0.001	0.001
0.001	0.001	0.001	0.997
>GCACTTAT	9-GCACTTAT	8.236954	-312.515434	0	T:592.0(3.58%),B:351.2(1.06%),P:1e-135	Tpos:559.6,Tstd:435.4,Bpos:342.0,Bstd:204.7,StrandBias:-0.1,Multiplicity:1.02
0.100	0.100	0.700	0.100
0.100	0.700	0.100	0.100
0.700	0.100	0.100	0.100
0.100	0.700	0.100	0.100
0.100	0.100	0.100	0.700
0.100	0.100	0.100	0.700
0.700	0.100	0.100	0.100
0.100	0.100	0.100	0.700
>CTCTTTCA	10-CTCTTTCA	8.725696	-288.809643	0	T:2724.0(16.50%),B:3436.3(10.40%),P:1e-125	Tpos:487.4,Tstd:439.6,Bpos:348.4,Bstd:214.8,StrandBias:-0.1,Multiplicity:1.17
0.001	0.997	0.001	0.001
0.001	0.167	0.033	0.799
0.001	0.997	0.001	0.001
0.001	0.001	0.001	0.997
0.001	0.001	0.001	0.997
0.001	0.001	0.001	0.997
0.001	0.573	0.074	0.352
0.997	0.001	0.001	0.001
>ATAGCTAA	11-ATAGCTAA	8.236954	-255.440216	0	T:684.0(4.14%),B:510.5(1.55%),P:1e-110	Tpos:544.8,Tstd:378.3,Bpos:354.8,Bstd:209.0,StrandBias:0.0,Multiplicity:1.04
0.700	0.100	0.100	0.100
0.100	0.100	0.100	0.700
0.700	0.100	0.100	0.100
0.100	0.100	0.700	0.100
0.100	0.700	0.100	0.100
0.100	0.100	0.100	0.700
0.700	0.100	0.100	0.100
0.700	0.100	0.100	0.100
>CCATACAC	12-CCATACAC	10.924297	-238.968211	0	T:788.0(4.77%),B:660.0(2.00%),P:1e-103	Tpos:553.7,Tstd:520.1,Bpos:340.3,Bstd:203.0,StrandBias:-0.1,Multiplicity:1.10
0.001	0.997	0.001	0.001
0.001	0.997	0.001	0.001
0.997	0.001	0.001	0.001
0.001	0.001	0.001	0.997
0.997	0.001	0.001	0.001
0.001	0.865	0.001	0.133
0.997	0.001	0.001	0.001
0.001	0.997	0.001	0.001
>ACAAAGAA	13-ACAAAGAA	7.923571	-233.345462	0	T:3499.0(21.19%),B:4936.1(14.94%),P:1e-101	Tpos:501.8,Tstd:435.4,Bpos:359.0,Bstd:218.5,StrandBias:-0.1,Multiplicity:1.14
0.691	0.001	0.103	0.205
0.001	0.997	0.001	0.001
0.905	0.001	0.001	0.093
0.830	0.069	0.059	0.042
0.538	0.016	0.170	0.276
0.061	0.001	0.880	0.058
0.556	0.137	0.225	0.082
0.603	0.042	0.310	0.045
>HTCAAGGC	14-HTCAAGGC	8.354001	-232.180458	0	T:4478.0(27.12%),B:6669.8(20.19%),P:1e-100	Tpos:474.7,Tstd:424.1,Bpos:354.2,Bstd:221.1,StrandBias:0.0,Multiplicity:1.26
0.286	0.340	0.001	0.373
0.001	0.001	0.001	0.997
0.001	0.997	0.001	0.001
0.996	0.001	0.001	0.002
0.997	0.001	0.001	0.001
0.369	0.001	0.629	0.001
0.001	0.001	0.997	0.001
0.006	0.624	0.210	0.160
>GGAGGYTA	15-GGAGGYTA	8.248649	-218.559864	0	T:1547.0(9.37%),B:1774.4(5.37%),P:1e-94	Tpos:499.0,Tstd:429.8,Bpos:347.7,Bstd:220.5,StrandBias:-0.1,Multiplicity:1.16
0.001	0.070	0.928	0.001
0.155	0.303	0.510	0.032
0.985	0.001	0.001	0.013
0.255	0.030	0.714	0.001
0.404	0.001	0.594	0.001
0.141	0.374	0.001	0.485
0.071	0.001	0.031	0.897
0.997	0.001	0.001	0.001
>ACAAARRG	16-ACAAARRG	8.351587	-210.873168	0	T:3266.0(19.78%),B:4625.2(14.00%),P:1e-91	Tpos:493.9,Tstd:440.6,Bpos:347.2,Bstd:221.4,StrandBias:0.0,Multiplicity:1.17
0.755	0.001	0.001	0.243
0.001	0.817	0.001	0.181
0.804	0.104	0.001	0.091
0.894	0.104	0.001	0.001
0.804	0.001	0.001	0.194
0.572	0.001	0.426	0.001
0.486	0.037	0.476	0.001
0.001	0.075	0.876	0.048
>GAATAGCT	17-GAATAGCT	8.630480	-205.835142	0	T:1349.0(8.17%),B:1506.6(4.56%),P:1e-89	Tpos:531.4,Tstd:427.7,Bpos:349.7,Bstd:214.4,StrandBias:-0.1,Multiplicity:1.07
0.001	0.001	0.997	0.001
0.997	0.001	0.001	0.001
0.997	0.001	0.001	0.001
0.001	0.001	0.001	0.997
0.997	0.001	0.001	0.001
0.116	0.001	0.882	0.001
0.001	0.997	0.001	0.001
0.248	0.001	0.001	0.750
>ATTSAATC	18-ATTSAATC	8.564840	-203.767812	0	T:596.0(3.61%),B:467.3(1.41%),P:1e-88	Tpos:529.0,Tstd:424.0,Bpos:340.1,Bstd:221.7,StrandBias:0.1,Multiplicity:1.02
0.997	0.001	0.001	0.001
0.001	0.117	0.001	0.881
0.001	0.001	0.213	0.785
0.001	0.484	0.397	0.117
0.942	0.001	0.056	0.001
0.734	0.057	0.001	0.208
0.214	0.208	0.001	0.577
0.001	0.601	0.001	0.397
>TTGGAACA	19-TTGGAACA	8.236954	-199.287153	0	T:946.0(5.73%),B:935.8(2.83%),P:1e-86	Tpos:544.3,Tstd:457.4,Bpos:359.4,Bstd:221.8,StrandBias:0.1,Multiplicity:1.05
0.100	0.100	0.100	0.700
0.100	0.100	0.100	0.700
0.100	0.100	0.700	0.100
0.100	0.100	0.700	0.100
0.700	0.100	0.100	0.100
0.700	0.100	0.100	0.100
0.100	0.700	0.100	0.100
0.700	0.100	0.100	0.100
>TCGAGCAT	20-TCGAGCAT	8.236954	-198.167978	0	T:267.0(1.62%),B:119.7(0.36%),P:1e-86	Tpos:515.8,Tstd:605.4,Bpos:352.3,Bstd:210.9,StrandBias:-0.0,Multiplicity:1.00
0.100	0.100	0.100	0.700
0.100	0.700	0.100	0.100
0.100	0.100	0.700	0.100
0.700	0.100	0.100	0.100
0.100	0.100	0.700	0.100
0.100	0.700	0.100	0.100
0.700	0.100	0.100	0.100
0.100	0.100	0.100	0.700
>AGACTAAC	21-AGACTAAC	8.236954	-183.034515	0	T:574.0(3.48%),B:467.4(1.41%),P:1e-79	Tpos:540.9,Tstd:420.7,Bpos:353.5,Bstd:210.7,StrandBias:0.3,Multiplicity:1.04
0.700	0.100	0.100	0.100
0.100	0.100	0.700	0.100
0.700	0.100	0.100	0.100
0.100	0.700	0.100	0.100
0.100	0.100	0.100	0.700
0.700	0.100	0.100	0.100
0.700	0.100	0.100	0.100
0.100	0.700	0.100	0.100
>CAGCAGGT	22-CAGCAGGT	8.988908	-182.806780	0	T:2071.0(12.54%),B:2713.1(8.21%),P:1e-79	Tpos:495.6,Tstd:438.3,Bpos:357.7,Bstd:206.5,StrandBias:-0.0,Multiplicity:1.09
0.001	0.997	0.001	0.001
0.887	0.001	0.001	0.111
0.001	0.001	0.997	0.001
0.001	0.830	0.168	0.001
0.997	0.001	0.001	0.001
0.001	0.001	0.997	0.001
0.001	0.001	0.997	0.001
0.165	0.001	0.001	0.833
>TTAGAAGC	23-TTAGAAGC	9.841740	-177.412352	0	T:1193.0(7.22%),B:1341.5(4.06%),P:1e-77	Tpos:485.6,Tstd:435.0,Bpos:356.4,Bstd:221.4,StrandBias:-0.0,Multiplicity:1.07
0.001	0.001	0.001	0.997
0.001	0.001	0.001	0.997
0.997	0.001	0.001	0.001
0.001	0.001	0.705	0.293
0.997	0.001	0.001	0.001
0.997	0.001	0.001	0.001
0.001	0.001	0.997	0.001
0.001	0.997	0.001	0.001
>ACCAGGGG	24-ACCAGGGG	8.236954	-128.369334	0	T:732.0(4.43%),B:775.3(2.35%),P:1e-55	Tpos:499.7,Tstd:402.9,Bpos:348.3,Bstd:214.7,StrandBias:-0.1,Multiplicity:1.06
0.700	0.100	0.100	0.100
0.100	0.700	0.100	0.100
0.100	0.700	0.100	0.100
0.700	0.100	0.100	0.100
0.100	0.100	0.700	0.100
0.100	0.100	0.700	0.100
0.100	0.100	0.700	0.100
0.100	0.100	0.700	0.100
>TCTCGCGA	25-TCTCGCGA	9.444771	-63.697585	0	T:136.0(0.82%),B:89.3(0.27%),P:1e-27	Tpos:338.1,Tstd:264.9,Bpos:294.5,Bstd:204.7,StrandBias:-0.0,Multiplicity:1.27
0.001	0.001	0.001	0.997
0.197	0.801	0.001	0.001
0.001	0.001	0.001	0.997
0.001	0.997	0.001	0.001
0.001	0.001	0.997	0.001
0.001	0.997	0.001	0.001
0.001	0.001	0.997	0.001
0.997	0.001	0.001	0.001
