>ATAGTACT	1-ATAGTACT	8.737312	-37.355924	0	T:82.0(17.56%),B:3041.2(6.31%),P:1e-16	Tpos:277.5,Tstd:325.1,Bpos:206.3,Bstd:142.0,StrandBias:0.0,Multiplicity:1.03
0.739	0.001	0.259	0.001
0.001	0.001	0.001	0.997
0.645	0.001	0.223	0.131
0.001	0.001	0.997	0.001
0.001	0.001	0.001	0.997
0.997	0.001	0.001	0.001
0.001	0.997	0.001	0.001
0.001	0.001	0.001	0.997
>GGGATTGC	2-GGGATTGC	10.033685	-33.535515	0	T:61.0(13.06%),B:1972.4(4.09%),P:1e-14	Tpos:238.3,Tstd:106.1,Bpos:213.9,Bstd:154.5,StrandBias:0.1,Multiplicity:1.08
0.001	0.001	0.997	0.001
0.001	0.001	0.997	0.001
0.001	0.001	0.643	0.355
0.997	0.001	0.001	0.001
0.001	0.001	0.001	0.997
0.001	0.001	0.001	0.997
0.001	0.001	0.997	0.001
0.001	0.997	0.001	0.001
>ACCAGTTG	3-ACCAGTTG	8.565334	-25.870899	0	T:56.0(11.99%),B:2052.9(4.26%),P:1e-11	Tpos:338.9,Tstd:586.2,Bpos:206.9,Bstd:145.3,StrandBias:0.3,Multiplicity:1.02
0.997	0.001	0.001	0.001
0.001	0.997	0.001	0.001
0.001	0.997	0.001	0.001
0.965	0.033	0.001	0.001
0.073	0.200	0.726	0.001
0.001	0.001	0.001	0.997
0.116	0.001	0.001	0.882
0.001	0.001	0.997	0.001
>HKGAGTAG	4-HKGAGTAG	5.605149	-24.684197	0	T:95.0(20.34%),B:4812.1(9.98%),P:1e-10	Tpos:447.7,Tstd:977.7,Bpos:209.6,Bstd:134.3,StrandBias:-0.3,Multiplicity:1.09
0.293	0.306	0.097	0.304
0.001	0.215	0.406	0.379
0.277	0.019	0.502	0.202
0.763	0.052	0.080	0.105
0.229	0.178	0.571	0.022
0.146	0.012	0.132	0.710
0.530	0.253	0.198	0.019
0.001	0.258	0.740	0.001
>CAATGGCC	5-CAATGGCC	7.513458	-24.403891	0	T:75.0(16.06%),B:3390.5(7.03%),P:1e-10	Tpos:185.5,Tstd:101.4,Bpos:209.6,Bstd:139.2,StrandBias:-0.4,Multiplicity:1.13
0.001	0.997	0.001	0.001
0.997	0.001	0.001	0.001
0.997	0.001	0.001	0.001
0.001	0.001	0.001	0.997
0.001	0.001	0.997	0.001
0.001	0.001	0.997	0.001
0.401	0.597	0.001	0.001
0.001	0.927	0.071	0.001
>CTATTCAA	6-CTATTCAA	7.438314	-24.123825	0	T:64.0(13.70%),B:2665.0(5.53%),P:1e-10	Tpos:267.7,Tstd:396.3,Bpos:208.6,Bstd:137.7,StrandBias:0.8,Multiplicity:1.02
0.001	0.997	0.001	0.001
0.001	0.001	0.001	0.997
0.997	0.001	0.001	0.001
0.001	0.001	0.001	0.997
0.001	0.001	0.001	0.997
0.303	0.695	0.001	0.001
0.960	0.001	0.038	0.001
0.997	0.001	0.001	0.001
>GGTGGHMT	7-GGTGGHMT	7.790243	-22.073837	0	T:73.0(15.63%),B:3427.7(7.11%),P:1e-9	Tpos:250.8,Tstd:299.9,Bpos:208.8,Bstd:145.2,StrandBias:-0.2,Multiplicity:1.16
0.139	0.001	0.807	0.053
0.087	0.001	0.911	0.001
0.001	0.001	0.001	0.997
0.021	0.394	0.584	0.001
0.012	0.001	0.869	0.118
0.398	0.303	0.001	0.298
0.378	0.522	0.001	0.099
0.146	0.194	0.001	0.659
>GAAAATTG	8-GAAAATTG	8.154555	-21.585652	0	T:82.0(17.56%),B:4119.2(8.54%),P:1e-9	Tpos:261.9,Tstd:188.8,Bpos:208.8,Bstd:140.5,StrandBias:0.7,Multiplicity:1.38
0.001	0.001	0.997	0.001
0.907	0.091	0.001	0.001
0.997	0.001	0.001	0.001
0.997	0.001	0.001	0.001
0.997	0.001	0.001	0.001
0.001	0.404	0.001	0.594
0.001	0.001	0.001	0.997
0.001	0.001	0.997	0.001
>ATATCCAG	9-ATATCCAG	9.021379	-19.826703	0	T:69.0(14.78%),B:3323.9(6.89%),P:1e-8	Tpos:278.1,Tstd:509.2,Bpos:211.4,Bstd:137.1,StrandBias:0.4,Multiplicity:1.19
0.997	0.001	0.001	0.001
0.001	0.001	0.001	0.997
0.997	0.001	0.001	0.001
0.001	0.129	0.225	0.645
0.001	0.997	0.001	0.001
0.001	0.997	0.001	0.001
0.997	0.001	0.001	0.001
0.001	0.001	0.997	0.001
>AAAGATCT	10-AAAGATCT	6.488522	-18.939564	0	T:202.0(43.25%),B:14766.5(30.63%),P:1e-8	Tpos:255.6,Tstd:421.0,Bpos:208.5,Bstd:141.6,StrandBias:0.1,Multiplicity:1.52
0.805	0.001	0.149	0.045
0.911	0.087	0.001	0.001
0.981	0.001	0.001	0.017
0.001	0.050	0.948	0.001
0.945	0.001	0.049	0.005
0.070	0.001	0.001	0.928
0.001	0.997	0.001	0.001
0.200	0.301	0.001	0.498
>TCAMCSGA	11-TCAMCSGA	7.693239	-18.806609	0	T:90.0(19.27%),B:4995.4(10.36%),P:1e-8	Tpos:256.1,Tstd:370.8,Bpos:210.0,Bstd:140.4,StrandBias:0.5,Multiplicity:1.27
0.001	0.082	0.001	0.916
0.001	0.997	0.001	0.001
0.939	0.059	0.001	0.001
0.485	0.513	0.001	0.001
0.001	0.997	0.001	0.001
0.199	0.463	0.337	0.001
0.296	0.001	0.649	0.054
0.765	0.001	0.087	0.147
>AGCTCCTT	12-AGCTCCTT	7.931892	-17.311385	0	T:94.0(20.13%),B:5477.1(11.36%),P:1e-7	Tpos:260.9,Tstd:528.7,Bpos:205.5,Bstd:143.2,StrandBias:-0.3,Multiplicity:1.12
0.997	0.001	0.001	0.001
0.001	0.001	0.742	0.256
0.169	0.829	0.001	0.001
0.001	0.001	0.001	0.997
0.001	0.997	0.001	0.001
0.001	0.997	0.001	0.001
0.001	0.001	0.001	0.997
0.001	0.001	0.001	0.997
>TAAACAGG	13-TAAACAGG	9.291466	-16.248125	0	T:65.0(13.92%),B:3345.3(6.94%),P:1e-7	Tpos:237.5,Tstd:249.8,Bpos:209.4,Bstd:138.2,StrandBias:0.4,Multiplicity:1.11
0.001	0.001	0.001	0.997
0.997	0.001	0.001	0.001
0.997	0.001	0.001	0.001
0.997	0.001	0.001	0.001
0.001	0.997	0.001	0.001
0.997	0.001	0.001	0.001
0.001	0.001	0.997	0.001
0.001	0.192	0.638	0.169
>CGAATGGA	14-CGAATGGA	7.708174	-16.003161	0	T:85.0(18.20%),B:4909.1(10.18%),P:1e-6	Tpos:225.5,Tstd:263.7,Bpos:207.7,Bstd:143.5,StrandBias:0.6,Multiplicity:1.20
0.001	0.811	0.187	0.001
0.272	0.091	0.594	0.043
0.997	0.001	0.001	0.001
0.997	0.001	0.001	0.001
0.097	0.001	0.001	0.901
0.001	0.073	0.903	0.023
0.001	0.015	0.983	0.001
0.824	0.130	0.022	0.024
>TATGGCGA	15-TATGGCGA	11.041951	-15.551013	0	T:9.0(1.93%),B:83.7(0.17%),P:1e-6	Tpos:479.6,Tstd:467.1,Bpos:222.7,Bstd:139.5,StrandBias:0.5,Multiplicity:3.44
0.001	0.001	0.001	0.997
0.997	0.001	0.001	0.001
0.001	0.001	0.001	0.997
0.001	0.001	0.997	0.001
0.001	0.001	0.973	0.025
0.001	0.997	0.001	0.001
0.001	0.001	0.997	0.001
0.997	0.001	0.001	0.001
>AGATGCCC	16-AGATGCCC	9.331869	-14.812336	0	T:45.0(9.64%),B:2038.6(4.23%),P:1e-6	Tpos:193.2,Tstd:126.9,Bpos:206.6,Bstd:139.9,StrandBias:-0.1,Multiplicity:1.13
0.997	0.001	0.001	0.001
0.001	0.001	0.997	0.001
0.997	0.001	0.001	0.001
0.001	0.267	0.001	0.731
0.001	0.001	0.997	0.001
0.001	0.758	0.001	0.240
0.001	0.997	0.001	0.001
0.001	0.997	0.001	0.001
>CCAGTCAG	17-CCAGTCAG	8.236954	-14.716855	0	T:30.0(6.42%),B:1079.4(2.24%),P:1e-6	Tpos:200.5,Tstd:114.8,Bpos:206.1,Bstd:143.1,StrandBias:1.0,Multiplicity:1.00
0.100	0.700	0.100	0.100
0.100	0.700	0.100	0.100
0.700	0.100	0.100	0.100
0.100	0.100	0.700	0.100
0.100	0.100	0.100	0.700
0.100	0.700	0.100	0.100
0.700	0.100	0.100	0.100
0.100	0.100	0.700	0.100
>TCAATTCT	18-TCAATTCT	8.236954	-14.530733	0	T:49.0(10.49%),B:2338.6(4.85%),P:1e-6	Tpos:271.4,Tstd:667.4,Bpos:205.7,Bstd:150.0,StrandBias:-0.4,Multiplicity:1.18
0.100	0.100	0.100	0.700
0.100	0.700	0.100	0.100
0.700	0.100	0.100	0.100
0.700	0.100	0.100	0.100
0.100	0.100	0.100	0.700
0.100	0.100	0.100	0.700
0.100	0.700	0.100	0.100
0.100	0.100	0.100	0.700
>ACTTTAGG	19-ACTTTAGG	8.200387	-14.309014	0	T:41.0(8.78%),B:1804.6(3.74%),P:1e-6	Tpos:299.8,Tstd:277.9,Bpos:206.4,Bstd:126.2,StrandBias:0.2,Multiplicity:1.71
0.892	0.001	0.106	0.001
0.194	0.669	0.136	0.001
0.001	0.173	0.001	0.825
0.190	0.001	0.273	0.536
0.001	0.001	0.027	0.971
0.740	0.088	0.001	0.171
0.001	0.001	0.997	0.001
0.001	0.022	0.683	0.294
>CCCTAAAY	20-CCCTAAAY	7.038807	-13.956295	0	T:105.0(22.48%),B:6824.8(14.16%),P:1e-6	Tpos:362.7,Tstd:616.9,Bpos:208.3,Bstd:138.1,StrandBias:0.5,Multiplicity:1.38
0.125	0.535	0.135	0.205
0.160	0.800	0.038	0.002
0.001	0.940	0.041	0.018
0.071	0.079	0.001	0.849
0.887	0.069	0.008	0.036
0.933	0.065	0.001	0.001
0.590	0.005	0.028	0.377
0.115	0.297	0.162	0.426
>HAGAGACA	21-HAGAGACA	8.208378	-13.774674	0	T:121.0(25.91%),B:8235.9(17.08%),P:1e-5	Tpos:219.4,Tstd:215.2,Bpos:210.3,Bstd:133.2,StrandBias:-0.1,Multiplicity:1.30
0.301	0.275	0.001	0.423
0.968	0.006	0.025	0.001
0.001	0.001	0.997	0.001
0.915	0.083	0.001	0.001
0.001	0.118	0.880	0.001
0.640	0.001	0.001	0.358
0.416	0.582	0.001	0.001
0.818	0.180	0.001	0.001
>ACGTGGAA	22-ACGTGGAA	10.523480	-13.620186	0	T:16.0(3.43%),B:374.6(0.78%),P:1e-5	Tpos:298.7,Tstd:205.3,Bpos:199.3,Bstd:137.9,StrandBias:0.8,Multiplicity:1.88
0.889	0.001	0.001	0.109
0.001	0.997	0.001	0.001
0.001	0.149	0.849	0.001
0.001	0.001	0.001	0.997
0.001	0.001	0.997	0.001
0.202	0.034	0.763	0.001
0.997	0.001	0.001	0.001
0.997	0.001	0.001	0.001
>TTGAGTTA	23-TTGAGTTA	8.236954	-12.491690	0	T:32.0(6.85%),B:1335.8(2.77%),P:1e-5	Tpos:297.8,Tstd:692.9,Bpos:210.9,Bstd:138.1,StrandBias:0.4,Multiplicity:1.03
0.100	0.100	0.100	0.700
0.100	0.100	0.100	0.700
0.100	0.100	0.700	0.100
0.700	0.100	0.100	0.100
0.100	0.100	0.700	0.100
0.100	0.100	0.100	0.700
0.100	0.100	0.100	0.700
0.700	0.100	0.100	0.100
>GGRTCCAY	24-GGRTCCAY	6.538828	-11.447188	0	T:82.0(17.56%),B:5249.6(10.89%),P:1e-4	Tpos:291.0,Tstd:531.5,Bpos:208.5,Bstd:137.1,StrandBias:-0.1,Multiplicity:1.26
0.001	0.124	0.748	0.127
0.013	0.138	0.784	0.065
0.540	0.038	0.421	0.001
0.001	0.066	0.068	0.865
0.016	0.852	0.021	0.111
0.015	0.800	0.184	0.001
0.722	0.034	0.099	0.145
0.065	0.459	0.015	0.461
>AAAAAAAA	25-AAAAAAAA	8.236954	-0.000444	0	T:71.0(15.20%),B:10199.4(21.15%),P:1e0	Tpos:198.3,Tstd:225.2,Bpos:209.4,Bstd:134.1,StrandBias:0.1,Multiplicity:1.40
0.700	0.100	0.100	0.100
0.700	0.100	0.100	0.100
0.700	0.100	0.100	0.100
0.700	0.100	0.100	0.100
0.700	0.100	0.100	0.100
0.700	0.100	0.100	0.100
0.700	0.100	0.100	0.100
0.700	0.100	0.100	0.100
