>YCCGCCYW	1-YCCGCCYW	7.233726	-267.994727	0	T:5785.0(36.52%),B:9405.8(28.10%),P:1e-116	Tpos:371.8,Tstd:260.6,Bpos:263.8,Bstd:172.9,StrandBias:0.0,Multiplicity:1.66
0.131	0.460	0.001	0.408
0.359	0.544	0.096	0.001
0.001	0.997	0.001	0.001
0.177	0.001	0.821	0.001
0.001	0.997	0.001	0.001
0.001	0.997	0.001	0.001
0.001	0.490	0.001	0.508
0.362	0.191	0.001	0.445
>ACAATAGA	2-ACAATAGA	10.842422	-263.106411	0	T:529.0(3.34%),B:346.8(1.04%),P:1e-114	Tpos:328.3,Tstd:215.0,Bpos:288.6,Bstd:174.8,StrandBias:0.1,Multiplicity:1.04
0.997	0.001	0.001	0.001
0.001	0.997	0.001	0.001
0.997	0.001	0.001	0.001
0.997	0.001	0.001	0.001
0.001	0.001	0.001	0.997
0.997	0.001	0.001	0.001
0.001	0.001	0.997	0.001
0.797	0.201	0.001	0.001
>GCCCCACC	3-GCCCCACC	8.286021	-246.025224	0	T:4957.0(31.29%),B:7907.2(23.62%),P:1e-106	Tpos:353.6,Tstd:271.0,Bpos:281.8,Bstd:168.6,StrandBias:0.1,Multiplicity:1.33
0.291	0.001	0.707	0.001
0.001	0.903	0.001	0.095
0.001	0.598	0.001	0.400
0.400	0.598	0.001	0.001
0.001	0.997	0.001	0.001
0.997	0.001	0.001	0.001
0.026	0.972	0.001	0.001
0.001	0.997	0.001	0.001
>TGTAATGC	4-TGTAATGC	8.236954	-224.806400	0	T:383.0(2.42%),B:221.7(0.66%),P:1e-97	Tpos:354.8,Tstd:254.4,Bpos:289.1,Bstd:172.0,StrandBias:0.1,Multiplicity:1.10
0.100	0.100	0.100	0.700
0.100	0.100	0.700	0.100
0.100	0.100	0.100	0.700
0.700	0.100	0.100	0.100
0.700	0.100	0.100	0.100
0.100	0.100	0.100	0.700
0.100	0.100	0.700	0.100
0.100	0.700	0.100	0.100
>TTTGCATA	5-TTTGCATA	7.087308	-193.713805	0	T:2012.0(12.70%),B:2728.3(8.15%),P:1e-84	Tpos:347.8,Tstd:298.7,Bpos:276.8,Bstd:176.5,StrandBias:-0.1,Multiplicity:1.16
0.001	0.001	0.001	0.997
0.001	0.086	0.001	0.912
0.189	0.001	0.001	0.809
0.141	0.001	0.857	0.001
0.138	0.860	0.001	0.001
0.982	0.001	0.016	0.001
0.001	0.001	0.001	0.997
0.895	0.103	0.001	0.001
>AGGAATGC	6-AGGAATGC	7.307827	-191.809496	0	T:2519.0(15.90%),B:3624.0(10.82%),P:1e-83	Tpos:335.3,Tstd:264.2,Bpos:282.5,Bstd:174.9,StrandBias:0.0,Multiplicity:1.12
0.916	0.001	0.001	0.082
0.124	0.024	0.851	0.001
0.001	0.001	0.997	0.001
0.997	0.001	0.001	0.001
0.997	0.001	0.001	0.001
0.001	0.060	0.001	0.938
0.001	0.001	0.997	0.001
0.001	0.646	0.001	0.352
>MTAGGTCA	7-MTAGGTCA	8.193201	-169.681093	0	T:2080.0(13.13%),B:2934.6(8.77%),P:1e-73	Tpos:342.1,Tstd:251.4,Bpos:285.3,Bstd:178.2,StrandBias:-0.0,Multiplicity:1.14
0.524	0.474	0.001	0.001
0.343	0.001	0.001	0.655
0.997	0.001	0.001	0.001
0.001	0.001	0.997	0.001
0.248	0.001	0.750	0.001
0.001	0.001	0.001	0.997
0.305	0.692	0.001	0.002
0.784	0.002	0.213	0.001
>CGGAATTC	8-CGGAATTC	6.108939	-167.089376	0	T:3086.0(19.48%),B:4764.3(14.23%),P:1e-72	Tpos:347.9,Tstd:273.9,Bpos:283.6,Bstd:180.3,StrandBias:0.0,Multiplicity:1.22
0.051	0.636	0.126	0.187
0.047	0.001	0.673	0.279
0.001	0.005	0.993	0.001
0.954	0.011	0.034	0.001
0.983	0.015	0.001	0.001
0.020	0.021	0.024	0.935
0.005	0.028	0.029	0.938
0.036	0.918	0.022	0.024
>GCCATTGT	9-GCCATTGT	10.055970	-144.721788	0	T:778.0(4.91%),B:852.7(2.55%),P:1e-62	Tpos:349.3,Tstd:240.1,Bpos:281.9,Bstd:174.5,StrandBias:-0.1,Multiplicity:1.12
0.001	0.001	0.997	0.001
0.001	0.997	0.001	0.001
0.001	0.635	0.001	0.363
0.997	0.001	0.001	0.001
0.001	0.001	0.001	0.997
0.001	0.001	0.001	0.997
0.001	0.001	0.997	0.001
0.001	0.001	0.001	0.997
>GAAACCGG	10-GAAACCGG	5.504744	-144.542539	0	T:5999.0(37.87%),B:10569.3(31.57%),P:1e-62	Tpos:352.5,Tstd:277.5,Bpos:287.3,Bstd:189.5,StrandBias:-0.0,Multiplicity:1.39
0.157	0.197	0.450	0.196
0.856	0.058	0.046	0.040
0.897	0.001	0.056	0.046
0.815	0.047	0.018	0.120
0.061	0.632	0.277	0.030
0.001	0.997	0.001	0.001
0.071	0.089	0.797	0.043
0.132	0.235	0.542	0.091
>AATTCGCG	11-AATTCGCG	4.352436	-144.188382	0	T:6535.0(41.25%),B:11659.2(34.83%),P:1e-62	Tpos:356.8,Tstd:280.2,Bpos:277.9,Bstd:185.8,StrandBias:0.0,Multiplicity:1.43
0.611	0.123	0.148	0.118
0.676	0.106	0.094	0.124
0.150	0.101	0.115	0.634
0.119	0.143	0.111	0.627
0.137	0.565	0.147	0.151
0.126	0.160	0.620	0.094
0.082	0.707	0.093	0.118
0.147	0.125	0.561	0.167
>GCACTTAT	12-GCACTTAT	8.236954	-133.811123	0	T:289.0(1.82%),B:199.7(0.60%),P:1e-58	Tpos:364.0,Tstd:352.7,Bpos:288.1,Bstd:172.6,StrandBias:-0.0,Multiplicity:1.01
0.100	0.100	0.700	0.100
0.100	0.700	0.100	0.100
0.700	0.100	0.100	0.100
0.100	0.700	0.100	0.100
0.100	0.100	0.100	0.700
0.100	0.100	0.100	0.700
0.700	0.100	0.100	0.100
0.100	0.100	0.100	0.700
>GAATGTTA	13-GAATGTTA	8.236954	-129.975599	0	T:321.0(2.03%),B:241.2(0.72%),P:1e-56	Tpos:321.9,Tstd:210.5,Bpos:316.4,Bstd:179.4,StrandBias:0.2,Multiplicity:1.20
0.100	0.100	0.700	0.100
0.700	0.100	0.100	0.100
0.700	0.100	0.100	0.100
0.100	0.100	0.100	0.700
0.100	0.100	0.700	0.100
0.100	0.100	0.100	0.700
0.100	0.100	0.100	0.700
0.700	0.100	0.100	0.100
>GACTAGCT	14-GACTAGCT	7.469013	-116.182906	0	T:2261.0(14.27%),B:3497.6(10.45%),P:1e-50	Tpos:353.0,Tstd:255.5,Bpos:267.8,Bstd:168.4,StrandBias:-0.1,Multiplicity:1.14
0.098	0.001	0.861	0.040
0.909	0.065	0.001	0.025
0.179	0.492	0.001	0.328
0.001	0.001	0.001	0.997
0.682	0.082	0.235	0.001
0.098	0.001	0.900	0.001
0.001	0.957	0.041	0.001
0.001	0.326	0.152	0.521
>CTAATTAG	15-CTAATTAG	8.236954	-116.152207	0	T:200.0(1.26%),B:117.8(0.35%),P:1e-50	Tpos:362.7,Tstd:204.6,Bpos:273.5,Bstd:187.2,StrandBias:0.0,Multiplicity:1.03
0.100	0.700	0.100	0.100
0.100	0.100	0.100	0.700
0.700	0.100	0.100	0.100
0.700	0.100	0.100	0.100
0.100	0.100	0.100	0.700
0.100	0.100	0.100	0.700
0.700	0.100	0.100	0.100
0.100	0.100	0.700	0.100
>TAGGGGCG	16-TAGGGGCG	6.664421	-114.386956	0	T:3169.0(20.01%),B:5210.4(15.56%),P:1e-49	Tpos:372.9,Tstd:259.0,Bpos:274.1,Bstd:176.3,StrandBias:-0.0,Multiplicity:1.29
0.184	0.081	0.033	0.702
0.660	0.019	0.195	0.126
0.044	0.044	0.878	0.034
0.114	0.083	0.669	0.134
0.089	0.113	0.717	0.081
0.139	0.046	0.745	0.070
0.088	0.770	0.110	0.032
0.069	0.056	0.861	0.014
>ATAGCTAA	17-ATAGCTAA	8.236954	-82.208743	0	T:302.0(1.91%),B:282.2(0.84%),P:1e-35	Tpos:351.9,Tstd:249.2,Bpos:275.5,Bstd:167.4,StrandBias:0.1,Multiplicity:1.04
0.700	0.100	0.100	0.100
0.100	0.100	0.100	0.700
0.700	0.100	0.100	0.100
0.100	0.100	0.700	0.100
0.100	0.700	0.100	0.100
0.100	0.100	0.100	0.700
0.700	0.100	0.100	0.100
0.700	0.100	0.100	0.100
>TAGGGAAT	18-TAGGGAAT	10.841166	-81.731435	0	T:352.0(2.22%),B:353.5(1.06%),P:1e-35	Tpos:322.2,Tstd:242.4,Bpos:310.0,Bstd:167.4,StrandBias:-0.2,Multiplicity:1.03
0.001	0.001	0.001	0.997
0.997	0.001	0.001	0.001
0.001	0.001	0.997	0.001
0.001	0.001	0.997	0.001
0.001	0.001	0.997	0.001
0.796	0.001	0.001	0.202
0.997	0.001	0.001	0.001
0.001	0.001	0.001	0.997
>AAACAAAG	19-AAACAAAG	7.873249	-77.032852	0	T:2968.0(18.74%),B:5080.0(15.17%),P:1e-33	Tpos:333.9,Tstd:267.7,Bpos:288.8,Bstd:181.5,StrandBias:0.0,Multiplicity:1.20
0.719	0.001	0.106	0.174
0.775	0.001	0.135	0.089
0.997	0.001	0.001	0.001
0.001	0.997	0.001	0.001
0.997	0.001	0.001	0.001
0.997	0.001	0.001	0.001
0.894	0.032	0.073	0.001
0.001	0.001	0.997	0.001
>TTGGAACA	20-TTGGAACA	10.967290	-76.449328	0	T:458.0(2.89%),B:522.7(1.56%),P:1e-33	Tpos:349.7,Tstd:298.2,Bpos:284.0,Bstd:179.3,StrandBias:0.2,Multiplicity:1.01
0.001	0.001	0.001	0.997
0.001	0.095	0.001	0.903
0.001	0.001	0.997	0.001
0.001	0.001	0.997	0.001
0.997	0.001	0.001	0.001
0.997	0.001	0.001	0.001
0.001	0.997	0.001	0.001
0.997	0.001	0.001	0.001
>ACGCWTSC	21-ACGCWTSC	6.639004	-70.383087	0	T:3705.0(23.39%),B:6578.7(19.65%),P:1e-30	Tpos:363.8,Tstd:270.6,Bpos:276.0,Bstd:176.0,StrandBias:0.1,Multiplicity:1.32
0.689	0.001	0.309	0.001
0.001	0.997	0.001	0.001
0.001	0.001	0.997	0.001
0.285	0.713	0.001	0.001
0.256	0.207	0.165	0.372
0.237	0.245	0.001	0.517
0.181	0.350	0.468	0.001
0.001	0.997	0.001	0.001
>RATCCWTA	22-RATCCWTA	8.464894	-63.237952	0	T:567.0(3.58%),B:733.3(2.19%),P:1e-27	Tpos:338.6,Tstd:289.6,Bpos:278.8,Bstd:178.1,StrandBias:-0.2,Multiplicity:1.05
0.464	0.001	0.534	0.001
0.903	0.001	0.001	0.095
0.001	0.001	0.001	0.997
0.001	0.906	0.092	0.001
0.001	0.903	0.095	0.001
0.441	0.001	0.093	0.465
0.001	0.323	0.001	0.675
0.675	0.001	0.323	0.001
>TCCTCGAA	23-TCCTCGAA	5.246377	-62.298587	0	T:1294.0(8.17%),B:2012.7(6.01%),P:1e-27	Tpos:361.5,Tstd:343.6,Bpos:284.8,Bstd:179.7,StrandBias:-0.1,Multiplicity:1.16
0.001	0.001	0.001	0.997
0.001	0.997	0.001	0.001
0.001	0.997	0.001	0.001
0.001	0.001	0.025	0.973
0.033	0.848	0.001	0.118
0.001	0.001	0.997	0.001
0.997	0.001	0.001	0.001
0.997	0.001	0.001	0.001
>TTTACCAT	24-TTTACCAT	8.236954	-62.251318	0	T:333.0(2.10%),B:365.4(1.09%),P:1e-27	Tpos:321.7,Tstd:231.1,Bpos:290.6,Bstd:184.6,StrandBias:-0.0,Multiplicity:1.01
0.100	0.100	0.100	0.700
0.100	0.100	0.100	0.700
0.100	0.100	0.100	0.700
0.700	0.100	0.100	0.100
0.100	0.700	0.100	0.100
0.100	0.700	0.100	0.100
0.700	0.100	0.100	0.100
0.100	0.100	0.100	0.700
>CTAGTAAA	25-CTAGTAAA	8.033464	-54.969331	0	T:1050.0(6.63%),B:1608.6(4.80%),P:1e-23	Tpos:339.3,Tstd:300.0,Bpos:274.9,Bstd:187.1,StrandBias:-0.0,Multiplicity:1.24
0.038	0.710	0.001	0.251
0.001	0.001	0.048	0.950
0.685	0.038	0.104	0.173
0.001	0.048	0.950	0.001
0.001	0.103	0.001	0.895
0.762	0.037	0.200	0.001
0.624	0.001	0.374	0.001
0.997	0.001	0.001	0.001
