>CCTVAGGC	1-CCTVAGGC	7.848128	-669.750558	0	T:7314.0(31.26%),B:5502.5(21.05%),P:1e-290	Tpos:428.1,Tstd:296.8,Bpos:317.8,Bstd:193.4,StrandBias:-0.0,Multiplicity:1.28
0.018	0.979	0.001	0.002
0.006	0.897	0.023	0.074
0.004	0.301	0.074	0.621
0.204	0.320	0.326	0.151
0.717	0.045	0.237	0.001
0.031	0.020	0.946	0.003
0.008	0.004	0.965	0.023
0.004	0.725	0.251	0.020
>CCACACCC	2-CCACACCC	7.065348	-343.327662	0	T:7460.0(31.89%),B:6365.1(24.35%),P:1e-149	Tpos:418.7,Tstd:320.1,Bpos:309.3,Bstd:184.5,StrandBias:0.0,Multiplicity:1.38
0.116	0.801	0.001	0.082
0.001	0.997	0.001	0.001
0.997	0.001	0.001	0.001
0.001	0.997	0.001	0.001
0.813	0.001	0.185	0.001
0.001	0.997	0.001	0.001
0.001	0.997	0.001	0.001
0.001	0.845	0.001	0.153
>CCGGAATT	3-CCGGAATT	6.019680	-247.409631	0	T:6365.0(27.21%),B:5523.4(21.13%),P:1e-107	Tpos:411.3,Tstd:319.2,Bpos:314.4,Bstd:191.0,StrandBias:0.0,Multiplicity:1.27
0.133	0.670	0.126	0.071
0.143	0.562	0.140	0.155
0.027	0.068	0.876	0.029
0.025	0.032	0.877	0.066
0.836	0.060	0.072	0.032
0.810	0.037	0.050	0.103
0.096	0.050	0.125	0.729
0.030	0.135	0.194	0.641
>GCCYWGGG	4-GCCYWGGG	8.341866	-200.994519	0	T:5716.0(24.43%),B:5008.9(19.16%),P:1e-87	Tpos:422.9,Tstd:312.6,Bpos:315.3,Bstd:187.5,StrandBias:0.0,Multiplicity:1.23
0.001	0.337	0.661	0.001
0.001	0.997	0.001	0.001
0.001	0.997	0.001	0.001
0.001	0.566	0.001	0.432
0.425	0.024	0.001	0.550
0.384	0.001	0.614	0.001
0.131	0.001	0.867	0.001
0.001	0.001	0.997	0.001
>GCCCCGCC	5-GCCCCGCC	8.307952	-195.540437	0	T:6445.0(27.55%),B:5775.4(22.10%),P:1e-84	Tpos:449.8,Tstd:296.2,Bpos:297.6,Bstd:181.3,StrandBias:-0.0,Multiplicity:1.86
0.058	0.001	0.940	0.001
0.001	0.880	0.001	0.118
0.001	0.852	0.001	0.146
0.001	0.997	0.001	0.001
0.001	0.940	0.001	0.058
0.295	0.001	0.703	0.001
0.001	0.997	0.001	0.001
0.001	0.997	0.001	0.001
>TTTATCGC	6-TTTATCGC	5.876166	-183.492456	0	T:4818.0(20.60%),B:4155.7(15.90%),P:1e-79	Tpos:412.3,Tstd:328.4,Bpos:312.0,Bstd:193.0,StrandBias:-0.0,Multiplicity:1.21
0.063	0.182	0.067	0.688
0.034	0.071	0.047	0.848
0.068	0.022	0.072	0.838
0.855	0.051	0.051	0.043
0.085	0.130	0.077	0.708
0.071	0.674	0.151	0.104
0.141	0.011	0.659	0.189
0.067	0.731	0.060	0.142
>CTTAAGGC	7-CTTAAGGC	7.012686	-157.727686	0	T:6534.0(27.93%),B:6009.2(22.99%),P:1e-68	Tpos:415.2,Tstd:314.2,Bpos:320.8,Bstd:191.0,StrandBias:-0.0,Multiplicity:1.25
0.001	0.997	0.001	0.001
0.001	0.001	0.001	0.997
0.032	0.146	0.090	0.732
0.578	0.148	0.144	0.130
0.938	0.001	0.060	0.001
0.038	0.001	0.960	0.001
0.001	0.017	0.981	0.001
0.001	0.918	0.058	0.023
>KCGGAATG	8-KCGGAATG	6.106448	-139.530630	0	T:5597.0(23.92%),B:5107.2(19.54%),P:1e-60	Tpos:415.0,Tstd:331.1,Bpos:316.1,Bstd:195.1,StrandBias:0.1,Multiplicity:1.20
0.061	0.001	0.521	0.417
0.269	0.556	0.001	0.174
0.001	0.001	0.997	0.001
0.001	0.026	0.961	0.012
0.835	0.001	0.072	0.092
0.846	0.001	0.075	0.078
0.060	0.313	0.001	0.626
0.001	0.001	0.953	0.045
>CAAGGTCA	9-CAAGGTCA	7.347499	-129.704724	0	T:3902.0(16.68%),B:3412.9(13.06%),P:1e-56	Tpos:401.0,Tstd:325.2,Bpos:320.6,Bstd:189.5,StrandBias:-0.0,Multiplicity:1.14
0.136	0.756	0.107	0.001
0.875	0.001	0.123	0.001
0.997	0.001	0.001	0.001
0.001	0.001	0.997	0.001
0.001	0.001	0.997	0.001
0.001	0.001	0.092	0.906
0.001	0.997	0.001	0.001
0.958	0.001	0.040	0.001
>AMTTSCCT	10-AMTTSCCT	6.962484	-113.787538	0	T:5219.0(22.31%),B:4822.8(18.45%),P:1e-49	Tpos:388.9,Tstd:316.4,Bpos:315.5,Bstd:189.4,StrandBias:-0.1,Multiplicity:1.17
0.997	0.001	0.001	0.001
0.538	0.403	0.058	0.001
0.001	0.058	0.012	0.929
0.012	0.001	0.149	0.838
0.001	0.569	0.429	0.001
0.001	0.640	0.358	0.001
0.126	0.585	0.148	0.141
0.001	0.001	0.001	0.997
>GCGRTTTA	11-GCGRTTTA	5.115892	-110.185677	0	T:7604.0(32.50%),B:7357.8(28.15%),P:1e-47	Tpos:421.1,Tstd:333.6,Bpos:315.3,Bstd:204.2,StrandBias:-0.0,Multiplicity:1.35
0.120	0.228	0.523	0.129
0.127	0.871	0.001	0.001
0.001	0.001	0.997	0.001
0.394	0.105	0.409	0.092
0.272	0.008	0.123	0.597
0.001	0.127	0.105	0.767
0.095	0.183	0.076	0.646
0.427	0.233	0.156	0.183
>AACTTCCG	12-AACTTCCG	6.439222	-99.681935	0	T:5186.0(22.17%),B:4851.2(18.56%),P:1e-43	Tpos:429.4,Tstd:314.6,Bpos:321.4,Bstd:199.3,StrandBias:0.0,Multiplicity:1.27
0.599	0.056	0.300	0.045
0.642	0.001	0.213	0.144
0.001	0.957	0.003	0.039
0.096	0.001	0.210	0.693
0.157	0.256	0.104	0.483
0.056	0.863	0.003	0.078
0.001	0.997	0.001	0.001
0.001	0.001	0.997	0.001
>AGATTMCG	13-AGATTMCG	6.415947	-95.372808	0	T:6409.0(27.40%),B:6161.0(23.57%),P:1e-41	Tpos:405.6,Tstd:320.6,Bpos:314.9,Bstd:195.4,StrandBias:0.0,Multiplicity:1.23
0.876	0.053	0.070	0.001
0.001	0.001	0.997	0.001
0.539	0.001	0.096	0.364
0.087	0.094	0.132	0.687
0.233	0.159	0.001	0.607
0.483	0.486	0.001	0.030
0.001	0.997	0.001	0.001
0.189	0.001	0.558	0.252
>TTTATGAC	14-TTTATGAC	8.382872	-90.318821	0	T:2003.0(8.56%),B:1661.2(6.36%),P:1e-39	Tpos:394.8,Tstd:301.3,Bpos:320.7,Bstd:193.3,StrandBias:0.0,Multiplicity:1.09
0.001	0.001	0.001	0.997
0.001	0.001	0.001	0.997
0.117	0.001	0.001	0.881
0.997	0.001	0.001	0.001
0.001	0.001	0.001	0.997
0.162	0.001	0.711	0.126
0.997	0.001	0.001	0.001
0.001	0.814	0.001	0.184
>AAAGGCCG	15-AAAGGCCG	7.489341	-87.378441	0	T:2277.0(9.73%),B:1938.2(7.42%),P:1e-37	Tpos:431.0,Tstd:330.8,Bpos:321.8,Bstd:204.6,StrandBias:-0.0,Multiplicity:1.09
0.941	0.038	0.020	0.001
0.798	0.039	0.125	0.038
0.869	0.056	0.001	0.074
0.001	0.001	0.987	0.011
0.070	0.139	0.737	0.054
0.029	0.866	0.069	0.036
0.066	0.909	0.024	0.001
0.001	0.001	0.997	0.001
>CGGATCKW	16-CGGATCKW	6.237112	-84.082347	0	T:2050.0(8.76%),B:1726.6(6.61%),P:1e-36	Tpos:397.2,Tstd:310.7,Bpos:320.8,Bstd:196.7,StrandBias:-0.0,Multiplicity:1.07
0.148	0.696	0.001	0.155
0.175	0.281	0.489	0.054
0.121	0.069	0.772	0.038
0.641	0.066	0.246	0.047
0.001	0.176	0.001	0.822
0.015	0.910	0.043	0.032
0.171	0.016	0.333	0.480
0.413	0.060	0.186	0.341
>GCCACTCC	17-GCCACTCC	9.726087	-82.390726	0	T:1664.0(7.11%),B:1358.0(5.20%),P:1e-35	Tpos:397.2,Tstd:311.3,Bpos:309.0,Bstd:185.1,StrandBias:-0.0,Multiplicity:1.05
0.261	0.001	0.737	0.001
0.001	0.997	0.001	0.001
0.001	0.997	0.001	0.001
0.997	0.001	0.001	0.001
0.001	0.997	0.001	0.001
0.001	0.001	0.001	0.997
0.001	0.997	0.001	0.001
0.001	0.997	0.001	0.001
>STAATCTN	18-STAATCTN	6.510940	-82.045824	0	T:2578.0(11.02%),B:2255.9(8.63%),P:1e-35	Tpos:398.8,Tstd:310.6,Bpos:318.4,Bstd:189.5,StrandBias:0.0,Multiplicity:1.10
0.001	0.478	0.346	0.175
0.127	0.122	0.001	0.750
0.559	0.001	0.063	0.377
0.997	0.001	0.001	0.001
0.161	0.123	0.119	0.597
0.001	0.991	0.007	0.001
0.252	0.130	0.197	0.422
0.170	0.208	0.316	0.305
>TTATCAGA	19-TTATCAGA	8.205093	-80.337600	0	T:1365.0(5.83%),B:1078.3(4.13%),P:1e-34	Tpos:410.2,Tstd:336.7,Bpos:307.0,Bstd:186.8,StrandBias:0.1,Multiplicity:1.06
0.001	0.001	0.001	0.997
0.001	0.001	0.001	0.997
0.997	0.001	0.001	0.001
0.001	0.001	0.001	0.997
0.001	0.997	0.001	0.001
0.746	0.069	0.001	0.184
0.001	0.001	0.997	0.001
0.824	0.174	0.001	0.001
>AAGAATGT	20-AAGAATGT	8.725402	-73.121704	0	T:1996.0(8.53%),B:1709.0(6.54%),P:1e-31	Tpos:389.8,Tstd:312.8,Bpos:318.7,Bstd:198.0,StrandBias:0.0,Multiplicity:1.10
0.997	0.001	0.001	0.001
0.997	0.001	0.001	0.001
0.001	0.001	0.997	0.001
0.997	0.001	0.001	0.001
0.997	0.001	0.001	0.001
0.001	0.065	0.001	0.933
0.001	0.001	0.705	0.293
0.001	0.145	0.001	0.853
>AGGAAGTA	21-AGGAAGTA	9.238545	-70.397031	0	T:3028.0(12.94%),B:2756.1(10.54%),P:1e-30	Tpos:389.8,Tstd:315.7,Bpos:310.1,Bstd:186.4,StrandBias:-0.0,Multiplicity:1.12
0.997	0.001	0.001	0.001
0.001	0.001	0.997	0.001
0.001	0.001	0.997	0.001
0.997	0.001	0.001	0.001
0.997	0.001	0.001	0.001
0.001	0.090	0.908	0.001
0.001	0.001	0.001	0.997
0.559	0.001	0.264	0.176
>GGGTGGAG	22-GGGTGGAG	8.672427	-68.948842	0	T:2263.0(9.67%),B:1989.9(7.61%),P:1e-29	Tpos:421.4,Tstd:316.9,Bpos:310.9,Bstd:186.7,StrandBias:-0.1,Multiplicity:1.09
0.001	0.001	0.997	0.001
0.001	0.001	0.997	0.001
0.001	0.001	0.997	0.001
0.001	0.001	0.001	0.997
0.001	0.091	0.907	0.001
0.001	0.001	0.997	0.001
0.997	0.001	0.001	0.001
0.001	0.001	0.997	0.001
>WHBHRCGT	23-WHBHRCGT	5.618041	-64.413100	0	T:5410.0(23.13%),B:5273.4(20.18%),P:1e-27	Tpos:416.1,Tstd:335.7,Bpos:307.1,Bstd:199.3,StrandBias:0.0,Multiplicity:1.21
0.338	0.001	0.187	0.474
0.386	0.339	0.001	0.274
0.128	0.213	0.321	0.338
0.348	0.227	0.178	0.247
0.504	0.053	0.391	0.052
0.001	0.997	0.001	0.001
0.001	0.001	0.997	0.001
0.001	0.001	0.001	0.997
>GAGATTTC	24-GAGATTTC	8.990210	-41.391070	0	T:1421.0(6.07%),B:1255.2(4.80%),P:1e-17	Tpos:379.0,Tstd:318.3,Bpos:324.2,Bstd:186.3,StrandBias:0.0,Multiplicity:1.04
0.001	0.001	0.997	0.001
0.997	0.001	0.001	0.001
0.001	0.001	0.997	0.001
0.997	0.001	0.001	0.001
0.001	0.001	0.247	0.751
0.166	0.001	0.001	0.832
0.001	0.001	0.001	0.997
0.001	0.997	0.001	0.001
>ARACAARC	25-ARACAARC	7.669294	-20.080815	0	T:5560.0(23.77%),B:5790.4(22.15%),P:1e-8	Tpos:387.2,Tstd:328.0,Bpos:316.0,Bstd:197.1,StrandBias:-0.0,Multiplicity:1.52
0.747	0.001	0.076	0.176
0.398	0.001	0.530	0.071
0.997	0.001	0.001	0.001
0.001	0.997	0.001	0.001
0.539	0.297	0.024	0.140
0.997	0.001	0.001	0.001
0.393	0.001	0.414	0.193
0.001	0.902	0.096	0.001
