>TTTATGGC	1-TTTATGGC	7.625881	-815.670388	0	T:4122.0(15.56%),B:2101.3(8.05%),P:1e-354	Tpos:379.1,Tstd:285.6,Bpos:247.3,Bstd:142.6,StrandBias:0.1,Multiplicity:1.21
0.005	0.010	0.001	0.984
0.001	0.001	0.008	0.990
0.009	0.001	0.001	0.989
0.997	0.001	0.001	0.001
0.001	0.020	0.015	0.964
0.051	0.022	0.695	0.232
0.250	0.001	0.748	0.001
0.065	0.811	0.023	0.101
>GCHGTAAA	2-GCHGTAAA	7.319355	-645.616898	0	T:4668.0(17.62%),B:2698.2(10.33%),P:1e-280	Tpos:365.3,Tstd:276.6,Bpos:242.1,Bstd:143.9,StrandBias:-0.0,Multiplicity:1.16
0.001	0.001	0.997	0.001
0.001	0.702	0.001	0.296
0.314	0.288	0.001	0.397
0.276	0.114	0.609	0.001
0.001	0.141	0.114	0.744
0.997	0.001	0.001	0.001
0.997	0.001	0.001	0.001
0.963	0.001	0.035	0.001
>GCATTCCG	3-GCATTCCG	4.687244	-460.219755	0	T:4355.0(16.44%),B:2705.4(10.36%),P:1e-199	Tpos:342.1,Tstd:282.0,Bpos:248.7,Bstd:143.2,StrandBias:-0.0,Multiplicity:1.16
0.085	0.001	0.913	0.001
0.001	0.997	0.001	0.001
0.997	0.001	0.001	0.001
0.001	0.001	0.001	0.997
0.001	0.001	0.001	0.997
0.001	0.997	0.001	0.001
0.021	0.977	0.001	0.001
0.029	0.001	0.942	0.028
>GCCTRAGG	4-GCCTRAGG	7.187161	-262.663057	0	T:3865.0(14.59%),B:2644.2(10.13%),P:1e-114	Tpos:352.3,Tstd:286.1,Bpos:243.1,Bstd:144.2,StrandBias:0.0,Multiplicity:1.15
0.014	0.038	0.913	0.035
0.001	0.976	0.022	0.001
0.001	0.993	0.005	0.001
0.028	0.032	0.013	0.927
0.407	0.224	0.269	0.101
0.932	0.001	0.066	0.001
0.073	0.001	0.925	0.001
0.001	0.001	0.990	0.008
>GGGYGGGG	5-GGGYGGGG	8.191852	-250.963994	0	T:7791.0(29.41%),B:6127.9(23.47%),P:1e-108	Tpos:339.4,Tstd:284.9,Bpos:232.3,Bstd:141.6,StrandBias:0.1,Multiplicity:1.74
0.001	0.026	0.972	0.001
0.024	0.026	0.949	0.001
0.001	0.001	0.997	0.001
0.185	0.475	0.001	0.340
0.001	0.001	0.997	0.001
0.001	0.001	0.614	0.384
0.347	0.024	0.628	0.001
0.001	0.081	0.733	0.185
>CGGAATTY	6-CGGAATTY	7.421089	-180.807398	0	T:3660.0(13.82%),B:2651.1(10.15%),P:1e-78	Tpos:342.2,Tstd:282.1,Bpos:235.9,Bstd:143.2,StrandBias:0.1,Multiplicity:1.13
0.265	0.635	0.028	0.072
0.001	0.001	0.948	0.050
0.001	0.053	0.919	0.027
0.997	0.001	0.001	0.001
0.970	0.028	0.001	0.001
0.001	0.049	0.327	0.623
0.001	0.098	0.001	0.900
0.113	0.312	0.187	0.388
>CGAGATAA	7-CGAGATAA	6.696712	-179.205656	0	T:5615.0(21.20%),B:4376.0(16.76%),P:1e-77	Tpos:355.0,Tstd:295.9,Bpos:244.3,Bstd:142.0,StrandBias:0.0,Multiplicity:1.27
0.268	0.493	0.159	0.079
0.237	0.270	0.423	0.070
0.997	0.001	0.001	0.001
0.085	0.001	0.913	0.001
0.906	0.046	0.001	0.047
0.041	0.057	0.042	0.860
0.900	0.098	0.001	0.001
0.997	0.001	0.001	0.001
>TGACCTTG	8-TGACCTTG	7.081654	-173.718728	0	T:3242.0(12.24%),B:2311.2(8.85%),P:1e-75	Tpos:342.0,Tstd:293.2,Bpos:249.0,Bstd:144.1,StrandBias:-0.0,Multiplicity:1.12
0.001	0.065	0.001	0.933
0.001	0.001	0.997	0.001
0.799	0.001	0.001	0.199
0.001	0.997	0.001	0.001
0.001	0.971	0.027	0.001
0.001	0.001	0.001	0.997
0.001	0.001	0.001	0.997
0.001	0.085	0.913	0.001
>ATCATAAA	9-ATCATAAA	8.236954	-131.913150	0	T:754.0(2.85%),B:392.8(1.50%),P:1e-57	Tpos:365.6,Tstd:259.3,Bpos:250.8,Bstd:147.1,StrandBias:0.2,Multiplicity:1.04
0.700	0.100	0.100	0.100
0.100	0.100	0.100	0.700
0.100	0.700	0.100	0.100
0.700	0.100	0.100	0.100
0.100	0.100	0.100	0.700
0.700	0.100	0.100	0.100
0.700	0.100	0.100	0.100
0.700	0.100	0.100	0.100
>HCACGCCT	10-HCACGCCT	6.483831	-122.647593	0	T:6376.0(24.07%),B:5268.1(20.18%),P:1e-53	Tpos:339.3,Tstd:277.5,Bpos:238.4,Bstd:149.5,StrandBias:0.1,Multiplicity:1.26
0.279	0.347	0.040	0.334
0.206	0.540	0.106	0.148
0.746	0.252	0.001	0.001
0.166	0.745	0.088	0.001
0.203	0.001	0.671	0.125
0.001	0.997	0.001	0.001
0.001	0.997	0.001	0.001
0.001	0.300	0.154	0.545
>AATTGCCG	11-AATTGCCG	6.219593	-112.179088	0	T:2689.0(10.15%),B:1993.9(7.64%),P:1e-48	Tpos:340.3,Tstd:285.9,Bpos:248.4,Bstd:148.1,StrandBias:-0.1,Multiplicity:1.10
0.787	0.063	0.130	0.020
0.827	0.043	0.095	0.035
0.070	0.081	0.086	0.763
0.053	0.075	0.041	0.831
0.145	0.151	0.586	0.118
0.080	0.752	0.110	0.058
0.077	0.778	0.070	0.075
0.034	0.094	0.677	0.195
>TGGAATTC	12-TGGAATTC	8.032768	-111.819048	0	T:1804.0(6.81%),B:1244.1(4.77%),P:1e-48	Tpos:334.2,Tstd:306.1,Bpos:247.9,Bstd:142.5,StrandBias:0.0,Multiplicity:1.07
0.001	0.001	0.001	0.997
0.188	0.048	0.586	0.178
0.001	0.001	0.997	0.001
0.997	0.001	0.001	0.001
0.997	0.001	0.001	0.001
0.001	0.001	0.001	0.997
0.001	0.001	0.001	0.997
0.001	0.997	0.001	0.001
>GGTCGAGC	13-GGTCGAGC	5.874759	-100.784034	0	T:2117.0(7.99%),B:1533.5(5.87%),P:1e-43	Tpos:323.6,Tstd:280.2,Bpos:238.8,Bstd:141.2,StrandBias:-0.1,Multiplicity:1.07
0.001	0.001	0.997	0.001
0.001	0.001	0.997	0.001
0.001	0.001	0.001	0.997
0.001	0.796	0.158	0.045
0.001	0.001	0.997	0.001
0.997	0.001	0.001	0.001
0.001	0.001	0.997	0.001
0.001	0.963	0.001	0.035
>GCCCYAGG	14-GCCCYAGG	8.531891	-99.356362	0	T:2048.0(7.73%),B:1478.2(5.66%),P:1e-43	Tpos:339.8,Tstd:271.3,Bpos:239.4,Bstd:142.7,StrandBias:0.0,Multiplicity:1.06
0.001	0.155	0.843	0.001
0.001	0.856	0.001	0.142
0.001	0.787	0.134	0.078
0.180	0.574	0.245	0.001
0.105	0.386	0.079	0.430
0.707	0.001	0.291	0.001
0.001	0.052	0.946	0.001
0.001	0.001	0.920	0.078
>AGGCTTAA	15-AGGCTTAA	7.533159	-99.145838	0	T:2848.0(10.75%),B:2169.6(8.31%),P:1e-43	Tpos:334.6,Tstd:302.1,Bpos:240.4,Bstd:144.7,StrandBias:0.0,Multiplicity:1.09
0.921	0.043	0.001	0.035
0.001	0.001	0.997	0.001
0.054	0.031	0.845	0.070
0.169	0.584	0.044	0.203
0.001	0.001	0.001	0.997
0.077	0.001	0.001	0.921
0.846	0.043	0.085	0.026
0.978	0.001	0.001	0.020
>ACCGGATT	16-ACCGGATT	5.351435	-86.316655	0	T:6272.0(23.68%),B:5333.2(20.43%),P:1e-37	Tpos:333.4,Tstd:292.4,Bpos:245.0,Bstd:147.2,StrandBias:0.1,Multiplicity:1.21
0.603	0.056	0.166	0.175
0.091	0.783	0.056	0.070
0.035	0.776	0.090	0.099
0.098	0.067	0.755	0.080
0.091	0.067	0.804	0.038
0.747	0.088	0.085	0.080
0.037	0.104	0.081	0.778
0.095	0.110	0.037	0.758
>AAGAATGT	17-AAGAATGT	8.628678	-82.495054	0	T:2708.0(10.22%),B:2099.6(8.04%),P:1e-35	Tpos:339.1,Tstd:281.1,Bpos:241.8,Bstd:143.4,StrandBias:0.0,Multiplicity:1.12
0.791	0.001	0.207	0.001
0.997	0.001	0.001	0.001
0.001	0.001	0.997	0.001
0.997	0.001	0.001	0.001
0.997	0.001	0.001	0.001
0.001	0.001	0.001	0.997
0.001	0.001	0.842	0.156
0.001	0.130	0.001	0.868
>AGATTCCT	18-AGATTCCT	7.809392	-81.036312	0	T:3812.0(14.39%),B:3092.8(11.85%),P:1e-35	Tpos:323.9,Tstd:287.3,Bpos:239.1,Bstd:147.5,StrandBias:0.0,Multiplicity:1.12
0.707	0.291	0.001	0.001
0.001	0.001	0.997	0.001
0.887	0.111	0.001	0.001
0.001	0.089	0.252	0.658
0.001	0.001	0.001	0.997
0.001	0.681	0.001	0.317
0.001	0.926	0.019	0.054
0.059	0.001	0.018	0.922
>TARCTWAG	19-TARCTWAG	8.541420	-80.039525	0	T:427.0(1.61%),B:217.8(0.83%),P:1e-34	Tpos:333.5,Tstd:301.7,Bpos:225.5,Bstd:158.9,StrandBias:0.1,Multiplicity:1.02
0.247	0.001	0.001	0.751
0.997	0.001	0.001	0.001
0.515	0.001	0.483	0.001
0.078	0.920	0.001	0.001
0.001	0.093	0.109	0.797
0.343	0.112	0.093	0.451
0.657	0.230	0.112	0.001
0.065	0.001	0.933	0.001
>ACAGGTTC	20-ACAGGTTC	7.809756	-77.996987	0	T:2049.0(7.73%),B:1537.7(5.89%),P:1e-33	Tpos:328.2,Tstd:297.7,Bpos:240.0,Bstd:145.3,StrandBias:-0.0,Multiplicity:1.10
0.997	0.001	0.001	0.001
0.001	0.789	0.209	0.001
0.997	0.001	0.001	0.001
0.001	0.056	0.942	0.001
0.001	0.001	0.997	0.001
0.001	0.001	0.001	0.997
0.001	0.001	0.001	0.997
0.001	0.864	0.001	0.134
>ACAGATCT	21-ACAGATCT	7.094380	-76.042777	0	T:3150.0(11.89%),B:2515.7(9.64%),P:1e-33	Tpos:323.4,Tstd:291.2,Bpos:242.8,Bstd:142.0,StrandBias:-0.0,Multiplicity:1.09
0.681	0.128	0.190	0.001
0.001	0.997	0.001	0.001
0.878	0.001	0.120	0.001
0.001	0.001	0.997	0.001
0.902	0.001	0.096	0.001
0.001	0.001	0.001	0.997
0.001	0.997	0.001	0.001
0.001	0.093	0.001	0.905
>CACTCCCT	22-CACTCCCT	8.530603	-75.290753	0	T:3427.0(12.94%),B:2767.1(10.60%),P:1e-32	Tpos:325.8,Tstd:278.3,Bpos:244.0,Bstd:141.6,StrandBias:0.0,Multiplicity:1.11
0.155	0.843	0.001	0.001
0.997	0.001	0.001	0.001
0.001	0.902	0.001	0.096
0.001	0.001	0.001	0.997
0.001	0.830	0.001	0.168
0.001	0.997	0.001	0.001
0.001	0.874	0.001	0.124
0.001	0.001	0.001	0.997
>AGATAGTA	23-AGATAGTA	8.236954	-70.122424	0	T:375.0(1.42%),B:191.5(0.73%),P:1e-30	Tpos:345.4,Tstd:268.9,Bpos:246.7,Bstd:136.7,StrandBias:-0.1,Multiplicity:1.02
0.700	0.100	0.100	0.100
0.100	0.100	0.700	0.100
0.700	0.100	0.100	0.100
0.100	0.100	0.100	0.700
0.700	0.100	0.100	0.100
0.100	0.100	0.700	0.100
0.100	0.100	0.100	0.700
0.700	0.100	0.100	0.100
>ATAAGTGC	24-ATAAGTGC	8.776688	-55.196717	0	T:390.0(1.47%),B:219.2(0.84%),P:1e-23	Tpos:311.6,Tstd:343.0,Bpos:261.7,Bstd:136.3,StrandBias:0.1,Multiplicity:1.01
0.997	0.001	0.001	0.001
0.001	0.001	0.001	0.997
0.997	0.001	0.001	0.001
0.897	0.101	0.001	0.001
0.001	0.001	0.997	0.001
0.001	0.001	0.001	0.997
0.001	0.001	0.997	0.001
0.001	0.997	0.001	0.001
>GCGSAAVV	25-GCGSAAVV	5.760544	-48.066824	0	T:4973.0(18.77%),B:4326.3(16.57%),P:1e-20	Tpos:329.1,Tstd:281.2,Bpos:244.3,Bstd:155.3,StrandBias:0.0,Multiplicity:1.32
0.223	0.204	0.560	0.013
0.001	0.997	0.001	0.001
0.001	0.105	0.813	0.081
0.159	0.340	0.373	0.128
0.779	0.001	0.001	0.219
0.997	0.001	0.001	0.001
0.377	0.293	0.240	0.090
0.285	0.364	0.295	0.057
