>TMCGCCCW	1-TMCGCCCW	5.171221	-89.019723	0	T:2500.0(59.87%),B:22445.4(49.77%),P:1e-38	Tpos:279.1,Tstd:225.9,Bpos:201.5,Bstd:136.8,StrandBias:0.0,Multiplicity:2.42
0.166	0.340	0.001	0.492
0.436	0.562	0.001	0.001
0.001	0.997	0.001	0.001
0.001	0.001	0.997	0.001
0.001	0.997	0.001	0.001
0.001	0.997	0.001	0.001
0.001	0.959	0.001	0.039
0.365	0.217	0.001	0.417
>WRCGMWHD	2-WRCGMWHD	4.352614	-72.039180	0	T:2048.0(49.04%),B:18068.0(40.06%),P:1e-31	Tpos:282.8,Tstd:280.8,Bpos:217.0,Bstd:143.9,StrandBias:-0.0,Multiplicity:1.54
0.393	0.220	0.017	0.369
0.246	0.185	0.368	0.200
0.001	0.997	0.001	0.001
0.014	0.001	0.944	0.041
0.332	0.453	0.118	0.097
0.333	0.212	0.033	0.422
0.315	0.187	0.165	0.334
0.354	0.045	0.241	0.360
>CGGATTTA	3-CGGATTTA	5.116892	-67.587707	0	T:1679.0(40.21%),B:14369.2(31.86%),P:1e-29	Tpos:274.4,Tstd:277.2,Bpos:221.8,Bstd:150.3,StrandBias:0.1,Multiplicity:1.35
0.023	0.887	0.089	0.001
0.012	0.105	0.849	0.034
0.001	0.037	0.872	0.090
0.490	0.171	0.159	0.180
0.017	0.154	0.053	0.776
0.049	0.079	0.018	0.854
0.055	0.091	0.069	0.785
0.488	0.150	0.189	0.173
>CGTCGAAA	4-CGTCGAAA	5.052097	-45.431837	0	T:1060.0(25.38%),B:8812.8(19.54%),P:1e-19	Tpos:290.9,Tstd:290.8,Bpos:221.1,Bstd:150.3,StrandBias:-0.0,Multiplicity:1.22
0.128	0.634	0.167	0.071
0.103	0.047	0.771	0.079
0.177	0.069	0.095	0.659
0.081	0.746	0.040	0.133
0.053	0.131	0.766	0.050
0.715	0.095	0.072	0.118
0.865	0.018	0.026	0.091
0.850	0.065	0.055	0.030
>NCGAATTN	5-NCGAATTN	5.091728	-44.100910	0	T:1058.0(25.34%),B:8831.0(19.58%),P:1e-19	Tpos:281.9,Tstd:302.1,Bpos:223.0,Bstd:150.9,StrandBias:0.1,Multiplicity:1.23
0.195	0.317	0.287	0.201
0.023	0.921	0.055	0.001
0.067	0.100	0.832	0.001
0.864	0.061	0.034	0.041
0.863	0.043	0.041	0.053
0.082	0.113	0.050	0.755
0.070	0.102	0.096	0.732
0.183	0.255	0.247	0.315
>CTYTAGGC	6-CTYTAGGC	6.598257	-43.429343	0	T:940.0(22.51%),B:7700.5(17.07%),P:1e-18	Tpos:278.0,Tstd:243.8,Bpos:219.5,Bstd:138.9,StrandBias:0.1,Multiplicity:1.16
0.159	0.650	0.119	0.072
0.134	0.177	0.055	0.634
0.075	0.509	0.001	0.415
0.001	0.001	0.001	0.997
0.920	0.001	0.078	0.001
0.058	0.001	0.940	0.001
0.121	0.064	0.681	0.134
0.001	0.617	0.381	0.001
>TGATTGGC	7-TGATTGGC	7.120668	-39.129595	0	T:517.0(12.38%),B:3826.1(8.48%),P:1e-16	Tpos:295.6,Tstd:258.5,Bpos:188.9,Bstd:122.2,StrandBias:0.0,Multiplicity:1.24
0.001	0.035	0.078	0.886
0.026	0.074	0.878	0.022
0.997	0.001	0.001	0.001
0.001	0.023	0.001	0.975
0.001	0.070	0.001	0.928
0.001	0.062	0.911	0.026
0.001	0.046	0.952	0.001
0.139	0.642	0.023	0.196
>TTTCACGC	8-TTTCACGC	6.133235	-36.333853	0	T:683.0(16.36%),B:5432.7(12.05%),P:1e-15	Tpos:288.7,Tstd:315.1,Bpos:224.4,Bstd:145.9,StrandBias:-0.0,Multiplicity:1.16
0.020	0.048	0.029	0.903
0.010	0.001	0.001	0.988
0.012	0.001	0.025	0.962
0.001	0.882	0.088	0.029
0.702	0.063	0.001	0.234
0.043	0.910	0.046	0.001
0.047	0.043	0.909	0.001
0.032	0.844	0.016	0.108
>AASGCGCA	9-AASGCGCA	6.949759	-35.877450	0	T:958.0(22.94%),B:8099.8(17.96%),P:1e-15	Tpos:280.6,Tstd:239.7,Bpos:218.4,Bstd:141.6,StrandBias:-0.1,Multiplicity:1.12
0.997	0.001	0.001	0.001
0.625	0.001	0.373	0.001
0.001	0.499	0.499	0.001
0.187	0.001	0.688	0.124
0.052	0.946	0.001	0.001
0.001	0.001	0.717	0.281
0.001	0.763	0.110	0.126
0.997	0.001	0.001	0.001
>TACGCCTC	10-TACGCCTC	5.693905	-30.931980	0	T:1401.0(33.55%),B:12735.2(28.24%),P:1e-13	Tpos:277.9,Tstd:266.9,Bpos:212.6,Bstd:141.8,StrandBias:-0.0,Multiplicity:1.33
0.134	0.168	0.073	0.625
0.757	0.130	0.036	0.077
0.122	0.757	0.104	0.017
0.094	0.087	0.753	0.066
0.088	0.746	0.070	0.096
0.142	0.737	0.068	0.053
0.055	0.060	0.036	0.849
0.071	0.780	0.082	0.067
>CGGAATAY	11-CGGAATAY	5.978488	-28.007192	0	T:762.0(18.25%),B:6434.3(14.27%),P:1e-12	Tpos:279.2,Tstd:244.0,Bpos:222.0,Bstd:143.9,StrandBias:0.1,Multiplicity:1.17
0.001	0.741	0.001	0.257
0.001	0.128	0.870	0.001
0.001	0.021	0.977	0.001
0.857	0.028	0.114	0.001
0.833	0.051	0.001	0.115
0.001	0.001	0.208	0.790
0.803	0.087	0.109	0.001
0.192	0.345	0.006	0.456
>ACGCGACA	12-ACGCGACA	4.957629	-26.371171	0	T:1374.0(32.90%),B:12650.7(28.05%),P:1e-11	Tpos:262.3,Tstd:216.9,Bpos:219.3,Bstd:144.4,StrandBias:0.1,Multiplicity:1.30
0.699	0.052	0.066	0.183
0.058	0.805	0.068	0.069
0.024	0.099	0.806	0.071
0.053	0.760	0.064	0.123
0.068	0.116	0.723	0.093
0.821	0.045	0.033	0.101
0.078	0.691	0.135	0.096
0.702	0.105	0.068	0.125
>GGGGGKTG	13-GGGGGKTG	2.782007	-21.013849	0	T:1842.0(44.11%),B:17814.8(39.50%),P:1e-9	Tpos:282.6,Tstd:319.4,Bpos:220.4,Bstd:141.6,StrandBias:-0.2,Multiplicity:1.49
0.279	0.001	0.492	0.228
0.295	0.001	0.703	0.001
0.001	0.001	0.997	0.001
0.001	0.001	0.997	0.001
0.001	0.001	0.997	0.001
0.001	0.001	0.441	0.557
0.001	0.001	0.001	0.997
0.001	0.001	0.637	0.361
>TGAGAAAT	14-TGAGAAAT	9.838321	-6.941935	0	T:135.0(3.23%),B:1104.7(2.45%),P:1e-3	Tpos:282.9,Tstd:247.1,Bpos:226.9,Bstd:144.2,StrandBias:0.5,Multiplicity:1.29
0.001	0.001	0.001	0.997
0.001	0.001	0.997	0.001
0.997	0.001	0.001	0.001
0.001	0.001	0.997	0.001
0.997	0.001	0.001	0.001
0.997	0.001	0.001	0.001
0.997	0.001	0.001	0.001
0.001	0.292	0.001	0.706
