>GGAATGTA	1-GGAATGTA	7.441368	-481.832329	0	T:1205.0(20.26%),B:3275.7(7.65%),P:1e-209	Tpos:335.0,Tstd:221.5,Bpos:246.5,Bstd:154.2,StrandBias:0.0,Multiplicity:1.26
0.158	0.023	0.733	0.086
0.021	0.060	0.759	0.160
0.916	0.001	0.009	0.074
0.897	0.017	0.005	0.081
0.058	0.031	0.021	0.890
0.025	0.084	0.643	0.248
0.022	0.297	0.009	0.672
0.489	0.163	0.201	0.148
>BGGAATTC	2-BGGAATTC	8.153283	-180.111029	0	T:371.0(6.24%),B:853.5(1.99%),P:1e-78	Tpos:326.4,Tstd:286.0,Bpos:248.6,Bstd:159.1,StrandBias:0.1,Multiplicity:1.05
0.117	0.375	0.249	0.259
0.257	0.054	0.593	0.096
0.042	0.142	0.799	0.017
0.862	0.076	0.038	0.024
0.834	0.011	0.073	0.082
0.038	0.001	0.024	0.937
0.041	0.090	0.082	0.787
0.049	0.815	0.088	0.048
>TGAGTCAC	3-TGAGTCAC	7.614242	-165.516391	0	T:817.0(13.74%),B:3020.8(7.05%),P:1e-71	Tpos:324.3,Tstd:222.3,Bpos:247.5,Bstd:148.3,StrandBias:-0.0,Multiplicity:1.17
0.001	0.001	0.001	0.997
0.001	0.001	0.997	0.001
0.997	0.001	0.001	0.001
0.001	0.204	0.748	0.047
0.001	0.001	0.001	0.997
0.001	0.997	0.001	0.001
0.997	0.001	0.001	0.001
0.001	0.670	0.155	0.174
>GTATTGCA	4-GTATTGCA	10.551586	-129.071856	0	T:146.0(2.46%),B:199.7(0.47%),P:1e-56	Tpos:339.3,Tstd:223.2,Bpos:250.6,Bstd:148.0,StrandBias:-0.0,Multiplicity:1.01
0.001	0.001	0.997	0.001
0.001	0.001	0.001	0.997
0.997	0.001	0.001	0.001
0.001	0.001	0.001	0.997
0.001	0.001	0.208	0.790
0.001	0.001	0.997	0.001
0.001	0.752	0.001	0.246
0.997	0.001	0.001	0.001
>ACATTCWK	5-ACATTCWK	8.731335	-121.994485	0	T:305.0(5.13%),B:796.0(1.86%),P:1e-52	Tpos:306.3,Tstd:212.2,Bpos:251.7,Bstd:158.3,StrandBias:0.2,Multiplicity:1.03
0.659	0.339	0.001	0.001
0.001	0.659	0.001	0.339
0.952	0.001	0.046	0.001
0.001	0.001	0.001	0.997
0.097	0.001	0.001	0.901
0.001	0.901	0.097	0.001
0.442	0.001	0.001	0.556
0.001	0.001	0.490	0.508
>TAGAATTC	6-TAGAATTC	10.714075	-104.480611	0	T:210.0(3.53%),B:474.1(1.11%),P:1e-45	Tpos:282.3,Tstd:201.0,Bpos:235.3,Bstd:157.7,StrandBias:-0.1,Multiplicity:1.02
0.001	0.001	0.001	0.997
0.997	0.001	0.001	0.001
0.001	0.001	0.997	0.001
0.997	0.001	0.001	0.001
0.997	0.001	0.001	0.001
0.297	0.001	0.001	0.701
0.001	0.001	0.001	0.997
0.001	0.997	0.001	0.001
>ATTCATGA	7-ATTCATGA	8.236954	-97.358913	0	T:208.0(3.50%),B:490.6(1.15%),P:1e-42	Tpos:338.2,Tstd:215.3,Bpos:266.9,Bstd:156.6,StrandBias:0.1,Multiplicity:1.04
0.700	0.100	0.100	0.100
0.100	0.100	0.100	0.700
0.100	0.100	0.100	0.700
0.100	0.700	0.100	0.100
0.700	0.100	0.100	0.100
0.100	0.100	0.100	0.700
0.100	0.100	0.700	0.100
0.700	0.100	0.100	0.100
>AACGCCCT	8-AACGCCCT	6.149456	-90.442505	0	T:1733.0(29.14%),B:9346.6(21.82%),P:1e-39	Tpos:309.3,Tstd:264.4,Bpos:250.1,Bstd:158.9,StrandBias:0.1,Multiplicity:1.30
0.911	0.039	0.030	0.020
0.926	0.040	0.024	0.010
0.219	0.614	0.001	0.166
0.001	0.001	0.826	0.172
0.011	0.855	0.001	0.133
0.001	0.980	0.010	0.009
0.001	0.997	0.001	0.001
0.020	0.043	0.014	0.923
>GTTAGCTA	9-GTTAGCTA	8.498293	-86.106330	0	T:132.0(2.22%),B:242.7(0.57%),P:1e-37	Tpos:359.3,Tstd:209.9,Bpos:263.2,Bstd:159.3,StrandBias:-0.2,Multiplicity:1.02
0.021	0.307	0.491	0.181
0.078	0.181	0.001	0.740
0.001	0.001	0.001	0.997
0.948	0.050	0.001	0.001
0.069	0.001	0.733	0.197
0.255	0.517	0.198	0.030
0.421	0.001	0.001	0.577
0.997	0.001	0.001	0.001
>MATTCWGA	10-MATTCWGA	8.300499	-81.681404	0	T:538.0(9.05%),B:2186.4(5.10%),P:1e-35	Tpos:312.0,Tstd:259.0,Bpos:251.0,Bstd:157.3,StrandBias:0.1,Multiplicity:1.15
0.417	0.293	0.035	0.255
0.881	0.001	0.001	0.117
0.028	0.072	0.001	0.899
0.001	0.001	0.001	0.997
0.068	0.859	0.001	0.072
0.519	0.063	0.001	0.417
0.001	0.117	0.881	0.001
0.676	0.068	0.001	0.255
>CCCATAYA	11-CCCATAYA	9.152238	-81.246525	0	T:324.0(5.45%),B:1081.7(2.53%),P:1e-35	Tpos:339.3,Tstd:321.9,Bpos:253.6,Bstd:142.2,StrandBias:-0.1,Multiplicity:1.26
0.001	0.597	0.259	0.143
0.001	0.997	0.001	0.001
0.001	0.997	0.001	0.001
0.997	0.001	0.001	0.001
0.001	0.001	0.001	0.997
0.997	0.001	0.001	0.001
0.001	0.566	0.001	0.432
0.997	0.001	0.001	0.001
>CGGRWTWN	12-CGGRWTWN	4.762760	-78.039074	0	T:3016.0(50.71%),B:18344.5(42.83%),P:1e-33	Tpos:317.8,Tstd:306.8,Bpos:250.4,Bstd:166.6,StrandBias:-0.0,Multiplicity:1.66
0.001	0.997	0.001	0.001
0.001	0.001	0.997	0.001
0.244	0.184	0.410	0.162
0.366	0.203	0.290	0.141
0.497	0.001	0.001	0.501
0.352	0.001	0.001	0.646
0.425	0.166	0.001	0.407
0.260	0.230	0.226	0.284
>AATCAGGC	13-AATCAGGC	8.236954	-76.295569	0	T:184.0(3.09%),B:470.8(1.10%),P:1e-33	Tpos:277.9,Tstd:184.3,Bpos:240.7,Bstd:153.4,StrandBias:0.1,Multiplicity:1.00
0.700	0.100	0.100	0.100
0.700	0.100	0.100	0.100
0.100	0.100	0.100	0.700
0.100	0.700	0.100	0.100
0.700	0.100	0.100	0.100
0.100	0.100	0.700	0.100
0.100	0.100	0.700	0.100
0.100	0.700	0.100	0.100
>AGTATTGT	14-AGTATTGT	8.652084	-76.199171	0	T:271.0(4.56%),B:857.3(2.00%),P:1e-33	Tpos:298.8,Tstd:354.6,Bpos:250.1,Bstd:159.9,StrandBias:-0.2,Multiplicity:1.33
0.997	0.001	0.001	0.001
0.001	0.001	0.997	0.001
0.001	0.001	0.001	0.997
0.997	0.001	0.001	0.001
0.298	0.001	0.001	0.700
0.001	0.001	0.001	0.997
0.127	0.001	0.871	0.001
0.001	0.001	0.001	0.997
>WCACTATC	15-WCACTATC	10.316425	-71.763907	0	T:208.0(3.50%),B:592.6(1.38%),P:1e-31	Tpos:310.1,Tstd:240.7,Bpos:253.8,Bstd:152.9,StrandBias:-0.0,Multiplicity:1.19
0.527	0.001	0.001	0.471
0.001	0.997	0.001	0.001
0.997	0.001	0.001	0.001
0.001	0.997	0.001	0.001
0.001	0.001	0.001	0.997
0.997	0.001	0.001	0.001
0.001	0.001	0.001	0.997
0.001	0.997	0.001	0.001
>GATCTACT	16-GATCTACT	9.291466	-71.638071	0	T:209.0(3.51%),B:597.5(1.39%),P:1e-31	Tpos:331.8,Tstd:216.7,Bpos:247.6,Bstd:150.5,StrandBias:0.1,Multiplicity:1.00
0.169	0.001	0.829	0.001
0.997	0.001	0.001	0.001
0.001	0.001	0.001	0.997
0.001	0.997	0.001	0.001
0.001	0.001	0.001	0.997
0.997	0.001	0.001	0.001
0.001	0.997	0.001	0.001
0.001	0.001	0.001	0.997
>CTTARAAG	17-CTTARAAG	9.075136	-69.110608	0	T:475.0(7.99%),B:1955.6(4.57%),P:1e-30	Tpos:326.4,Tstd:234.2,Bpos:250.0,Bstd:157.3,StrandBias:0.0,Multiplicity:1.30
0.001	0.997	0.001	0.001
0.001	0.001	0.001	0.997
0.001	0.001	0.001	0.997
0.997	0.001	0.001	0.001
0.480	0.001	0.518	0.001
0.997	0.001	0.001	0.001
0.997	0.001	0.001	0.001
0.001	0.001	0.736	0.262
>TGAATAGG	18-TGAATAGG	8.236954	-67.867618	0	T:151.0(2.54%),B:367.7(0.86%),P:1e-29	Tpos:321.8,Tstd:386.6,Bpos:261.9,Bstd:153.0,StrandBias:0.1,Multiplicity:1.01
0.100	0.100	0.100	0.700
0.100	0.100	0.700	0.100
0.700	0.100	0.100	0.100
0.700	0.100	0.100	0.100
0.100	0.100	0.100	0.700
0.700	0.100	0.100	0.100
0.100	0.100	0.700	0.100
0.100	0.100	0.700	0.100
>GGGCGGGG	19-GGGCGGGG	4.749721	-59.010938	0	T:2618.0(44.02%),B:15988.0(37.32%),P:1e-25	Tpos:304.4,Tstd:235.0,Bpos:234.2,Bstd:150.6,StrandBias:0.0,Multiplicity:2.25
0.266	0.001	0.732	0.001
0.001	0.001	0.997	0.001
0.001	0.001	0.997	0.001
0.001	0.992	0.001	0.006
0.001	0.001	0.997	0.001
0.001	0.001	0.691	0.307
0.410	0.001	0.588	0.001
0.001	0.001	0.997	0.001
>GYTTAGSA	20-GYTTAGSA	8.481558	-55.100564	0	T:364.0(6.12%),B:1478.7(3.45%),P:1e-23	Tpos:308.8,Tstd:221.4,Bpos:251.1,Bstd:158.4,StrandBias:-0.0,Multiplicity:1.17
0.001	0.212	0.786	0.001
0.027	0.455	0.053	0.464
0.001	0.001	0.001	0.997
0.001	0.001	0.001	0.997
0.799	0.001	0.001	0.199
0.200	0.120	0.679	0.001
0.093	0.455	0.451	0.001
0.839	0.159	0.001	0.001
>TTAGCTAT	21-TTAGCTAT	8.236954	-53.862950	0	T:135.0(2.27%),B:355.6(0.83%),P:1e-23	Tpos:362.9,Tstd:306.8,Bpos:250.4,Bstd:156.6,StrandBias:0.4,Multiplicity:1.02
0.100	0.100	0.100	0.700
0.100	0.100	0.100	0.700
0.700	0.100	0.100	0.100
0.100	0.100	0.700	0.100
0.100	0.700	0.100	0.100
0.100	0.100	0.100	0.700
0.700	0.100	0.100	0.100
0.100	0.100	0.100	0.700
>AGTTAGAA	22-AGTTAGAA	10.811846	-50.995581	0	T:181.0(3.04%),B:574.8(1.34%),P:1e-22	Tpos:313.8,Tstd:210.4,Bpos:245.8,Bstd:164.3,StrandBias:0.1,Multiplicity:1.02
0.997	0.001	0.001	0.001
0.225	0.001	0.773	0.001
0.001	0.001	0.001	0.997
0.001	0.001	0.001	0.997
0.997	0.001	0.001	0.001
0.001	0.001	0.997	0.001
0.997	0.001	0.001	0.001
0.997	0.001	0.001	0.001
>KATAGTAA	23-KATAGTAA	7.825762	-38.696191	0	T:300.0(5.04%),B:1283.5(3.00%),P:1e-16	Tpos:301.5,Tstd:312.3,Bpos:250.1,Bstd:155.3,StrandBias:0.2,Multiplicity:1.30
0.001	0.001	0.455	0.543
0.834	0.001	0.001	0.164
0.001	0.088	0.001	0.910
0.809	0.001	0.001	0.189
0.272	0.001	0.726	0.001
0.164	0.001	0.001	0.834
0.630	0.001	0.198	0.171
0.802	0.001	0.001	0.196
>TACTACAT	24-TACTACAT	8.236954	-38.437125	0	T:103.0(1.73%),B:284.5(0.66%),P:1e-16	Tpos:268.5,Tstd:185.3,Bpos:245.7,Bstd:145.1,StrandBias:-0.1,Multiplicity:1.00
0.100	0.100	0.100	0.700
0.700	0.100	0.100	0.100
0.100	0.700	0.100	0.100
0.100	0.100	0.100	0.700
0.700	0.100	0.100	0.100
0.100	0.700	0.100	0.100
0.700	0.100	0.100	0.100
0.100	0.100	0.100	0.700
>GCGACTTG	25-GCGACTTG	6.210542	-36.067931	0	T:627.0(10.54%),B:3253.1(7.59%),P:1e-15	Tpos:311.7,Tstd:237.5,Bpos:249.7,Bstd:159.7,StrandBias:-0.1,Multiplicity:1.19
0.031	0.001	0.967	0.001
0.001	0.628	0.001	0.370
0.162	0.001	0.836	0.001
0.997	0.001	0.001	0.001
0.001	0.997	0.001	0.001
0.001	0.001	0.001	0.997
0.001	0.196	0.001	0.802
0.001	0.001	0.997	0.001
