>CGAAACCA	1-CGAAACCA	5.730949	-13.823766	0	T:51.0(47.22%),B:12076.7(25.55%),P:1e-6	Tpos:508.7,Tstd:868.5,Bpos:278.4,Bstd:185.2,StrandBias:0.7,Multiplicity:1.51
0.094	0.832	0.023	0.051
0.071	0.128	0.751	0.050
0.755	0.006	0.103	0.136
0.825	0.093	0.011	0.071
0.718	0.120	0.049	0.113
0.144	0.706	0.057	0.093
0.197	0.660	0.051	0.092
0.769	0.110	0.024	0.097
>GAKTGAGC	2-GAKTGAGC	9.438344	-13.726218	0	T:8.0(7.41%),B:331.9(0.70%),P:1e-5	Tpos:772.9,Tstd:1203.7,Bpos:278.6,Bstd:168.4,StrandBias:-0.6,Multiplicity:1.25
0.001	0.001	0.997	0.001
0.642	0.356	0.001	0.001
0.001	0.001	0.452	0.546
0.001	0.001	0.001	0.997
0.242	0.001	0.756	0.001
0.997	0.001	0.001	0.001
0.001	0.001	0.997	0.001
0.001	0.732	0.143	0.124
>TATGGCGA	3-TATGGCGA	10.995676	-11.898872	0	T:5.0(4.63%),B:112.6(0.24%),P:1e-5	Tpos:461.1,Tstd:642.9,Bpos:297.6,Bstd:215.8,StrandBias:3.7,Multiplicity:2.80
0.001	0.001	0.001	0.997
0.997	0.001	0.001	0.001
0.001	0.001	0.001	0.997
0.001	0.001	0.997	0.001
0.001	0.001	0.929	0.069
0.001	0.997	0.001	0.001
0.001	0.001	0.997	0.001
0.997	0.001	0.001	0.001
>AATWATTA	4-AATWATTA	8.964427	-11.055154	0	T:14.0(12.96%),B:1580.6(3.34%),P:1e-4	Tpos:1059.9,Tstd:1350.3,Bpos:284.4,Bstd:175.9,StrandBias:-0.1,Multiplicity:1.79
0.819	0.019	0.056	0.106
0.609	0.191	0.065	0.135
0.001	0.001	0.001	0.997
0.510	0.001	0.001	0.488
0.968	0.030	0.001	0.001
0.001	0.001	0.169	0.829
0.031	0.010	0.072	0.887
0.661	0.111	0.227	0.001
>AACGTGAA	5-AACGTGAA	7.241000	-10.770303	0	T:26.0(24.07%),B:4765.6(10.08%),P:1e-4	Tpos:781.5,Tstd:1274.1,Bpos:286.0,Bstd:181.2,StrandBias:0.9,Multiplicity:1.58
0.730	0.001	0.268	0.001
0.856	0.059	0.001	0.084
0.001	0.962	0.036	0.001
0.047	0.274	0.678	0.001
0.001	0.001	0.001	0.997
0.001	0.001	0.997	0.001
0.876	0.001	0.122	0.001
0.938	0.060	0.001	0.001
>ATGGTAGG	6-ATGGTAGG	8.991781	-9.862802	0	T:15.0(13.89%),B:1999.3(4.23%),P:1e-4	Tpos:464.3,Tstd:556.1,Bpos:270.9,Bstd:164.4,StrandBias:0.5,Multiplicity:1.27
0.997	0.001	0.001	0.001
0.001	0.001	0.001	0.997
0.001	0.001	0.997	0.001
0.001	0.149	0.849	0.001
0.001	0.001	0.001	0.997
0.838	0.001	0.001	0.160
0.001	0.001	0.997	0.001
0.001	0.001	0.997	0.001
>TTTTCAGT	7-TTTTCAGT	7.419664	-9.291501	0	T:16.0(14.81%),B:2355.9(4.98%),P:1e-4	Tpos:286.1,Tstd:253.2,Bpos:278.3,Bstd:185.4,StrandBias:-2.2,Multiplicity:2.44
0.001	0.001	0.001	0.997
0.001	0.001	0.001	0.997
0.001	0.001	0.001	0.997
0.001	0.001	0.001	0.997
0.001	0.997	0.001	0.001
0.813	0.160	0.026	0.001
0.001	0.001	0.997	0.001
0.001	0.001	0.001	0.997
>CTACYAAT	8-CTACYAAT	6.168779	-9.175050	0	T:48.0(44.44%),B:12928.5(27.35%),P:1e-3	Tpos:825.5,Tstd:1188.9,Bpos:281.4,Bstd:174.4,StrandBias:0.4,Multiplicity:1.94
0.047	0.818	0.001	0.134
0.065	0.258	0.001	0.676
0.934	0.001	0.064	0.001
0.176	0.788	0.001	0.035
0.077	0.392	0.088	0.442
0.815	0.001	0.183	0.001
0.457	0.250	0.001	0.292
0.001	0.285	0.027	0.687
>CATACTAT	9-CATACTAT	8.751817	-8.949243	0	T:10.0(9.26%),B:1026.7(2.17%),P:1e-3	Tpos:407.0,Tstd:189.8,Bpos:276.1,Bstd:174.1,StrandBias:1.0,Multiplicity:1.40
0.001	0.997	0.001	0.001
0.763	0.001	0.001	0.235
0.001	0.091	0.245	0.663
0.997	0.001	0.001	0.001
0.001	0.687	0.311	0.001
0.001	0.001	0.324	0.674
0.918	0.001	0.080	0.001
0.001	0.001	0.001	0.997
>CGGAATAT	10-CGGAATAT	7.896901	-6.679209	0	T:12.0(11.11%),B:1879.8(3.98%),P:1e-2	Tpos:504.4,Tstd:912.2,Bpos:272.0,Bstd:180.2,StrandBias:1.4,Multiplicity:1.83
0.001	0.797	0.001	0.201
0.001	0.163	0.835	0.001
0.202	0.001	0.796	0.001
0.777	0.221	0.001	0.001
0.997	0.001	0.001	0.001
0.172	0.001	0.122	0.705
0.997	0.001	0.001	0.001
0.176	0.001	0.001	0.822
>ACTTACTT	11-ACTTACTT	8.757930	-6.449559	0	T:19.0(17.59%),B:3964.1(8.39%),P:1e-2	Tpos:501.4,Tstd:885.6,Bpos:278.2,Bstd:168.7,StrandBias:0.9,Multiplicity:1.53
0.600	0.001	0.001	0.398
0.001	0.997	0.001	0.001
0.001	0.001	0.001	0.997
0.001	0.001	0.281	0.717
0.881	0.001	0.001	0.117
0.001	0.997	0.001	0.001
0.001	0.001	0.001	0.997
0.001	0.001	0.001	0.997
>CAACAACA	12-CAACAACA	8.236954	-5.963952	0	T:11.0(10.19%),B:1778.8(3.76%),P:1e-2	Tpos:483.0,Tstd:830.3,Bpos:277.9,Bstd:172.8,StrandBias:1.5,Multiplicity:1.27
0.100	0.700	0.100	0.100
0.700	0.100	0.100	0.100
0.700	0.100	0.100	0.100
0.100	0.700	0.100	0.100
0.700	0.100	0.100	0.100
0.700	0.100	0.100	0.100
0.100	0.700	0.100	0.100
0.700	0.100	0.100	0.100
>AAATGAGA	13-AAATGAGA	8.694167	-5.929746	0	T:12.0(11.11%),B:2057.7(4.35%),P:1e-2	Tpos:229.3,Tstd:157.4,Bpos:278.9,Bstd:173.5,StrandBias:1.9,Multiplicity:2.33
0.997	0.001	0.001	0.001
0.997	0.001	0.001	0.001
0.997	0.001	0.001	0.001
0.001	0.093	0.001	0.905
0.001	0.001	0.997	0.001
0.997	0.001	0.001	0.001
0.001	0.001	0.997	0.001
0.997	0.001	0.001	0.001
>CTACAKTG	14-CTACAKTG	3.598938	-5.472477	0	T:22.0(20.37%),B:5322.8(11.26%),P:1e-2	Tpos:315.9,Tstd:256.6,Bpos:278.4,Bstd:167.6,StrandBias:-0.7,Multiplicity:1.77
0.001	0.997	0.001	0.001
0.001	0.001	0.001	0.997
0.997	0.001	0.001	0.001
0.085	0.913	0.001	0.001
0.997	0.001	0.001	0.001
0.001	0.001	0.430	0.568
0.001	0.001	0.001	0.997
0.001	0.001	0.997	0.001
>SGGGGGGR	15-SGGGGGGR	9.672732	-4.334617	0	T:13.0(12.04%),B:2844.2(6.02%),P:1e-1	Tpos:353.1,Tstd:503.4,Bpos:280.6,Bstd:183.1,StrandBias:1.0,Multiplicity:1.17
0.001	0.547	0.451	0.001
0.001	0.001	0.997	0.001
0.001	0.001	0.997	0.001
0.001	0.001	0.997	0.001
0.001	0.001	0.997	0.001
0.001	0.001	0.997	0.001
0.001	0.001	0.997	0.001
0.547	0.001	0.451	0.001
>TCCTCCTC	16-TCCTCCTC	4.400416	-0.648621	0	T:25.0(23.15%),B:10871.8(23.00%),P:1e0	Tpos:440.7,Tstd:732.7,Bpos:280.7,Bstd:165.4,StrandBias:-2.4,Multiplicity:1.52
0.001	0.001	0.001	0.997
0.001	0.997	0.001	0.001
0.001	0.849	0.001	0.149
0.001	0.001	0.001	0.997
0.043	0.955	0.001	0.001
0.001	0.801	0.001	0.197
0.001	0.001	0.001	0.997
0.001	0.997	0.001	0.001
>TTCTTTCT	17-TTCTTTCT	8.236954	-0.237174	0	T:9.0(8.33%),B:4846.7(10.25%),P:1e0	Tpos:364.8,Tstd:215.7,Bpos:271.8,Bstd:170.3,StrandBias:1.7,Multiplicity:6.44
0.100	0.100	0.100	0.700
0.100	0.100	0.100	0.700
0.100	0.700	0.100	0.100
0.100	0.100	0.100	0.700
0.100	0.100	0.100	0.700
0.100	0.100	0.100	0.700
0.100	0.700	0.100	0.100
0.100	0.100	0.100	0.700
