>ACCACRCC	1-ACCACRCC	9.427417	-946.564601	0	T:5121.0(26.07%),B:4230.4(14.24%),P:1e-411	Tpos:978.6,Tstd:1886.1,Bpos:453.6,Bstd:277.1,StrandBias:-0.0,Multiplicity:1.36
0.600	0.001	0.398	0.001
0.001	0.997	0.001	0.001
0.001	0.997	0.001	0.001
0.997	0.001	0.001	0.001
0.001	0.997	0.001	0.001
0.485	0.001	0.435	0.079
0.001	0.997	0.001	0.001
0.001	0.997	0.001	0.001
>CCTTGAAC	2-CCTTGAAC	10.471897	-676.877818	0	T:3185.0(16.22%),B:2430.7(8.18%),P:1e-293	Tpos:1100.0,Tstd:2195.1,Bpos:471.1,Bstd:286.2,StrandBias:-0.1,Multiplicity:1.26
0.001	0.997	0.001	0.001
0.001	0.992	0.006	0.001
0.001	0.001	0.001	0.997
0.001	0.118	0.328	0.553
0.001	0.001	0.997	0.001
0.997	0.001	0.001	0.001
0.997	0.001	0.001	0.001
0.001	0.997	0.001	0.001
>CGTTGAAC	3-CGTTGAAC	6.859292	-485.914261	0	T:5550.0(28.26%),B:5673.3(19.10%),P:1e-211	Tpos:1160.5,Tstd:2549.6,Bpos:462.8,Bstd:295.6,StrandBias:-0.0,Multiplicity:1.23
0.001	0.997	0.001	0.001
0.001	0.419	0.579	0.001
0.001	0.001	0.353	0.645
0.001	0.090	0.001	0.908
0.001	0.001	0.997	0.001
0.935	0.001	0.063	0.001
0.997	0.001	0.001	0.001
0.001	0.645	0.001	0.353
>GTTCMAGG	4-GTTCMAGG	7.529231	-448.906135	0	T:5840.0(29.74%),B:6153.7(20.71%),P:1e-194	Tpos:1234.7,Tstd:2830.6,Bpos:462.4,Bstd:294.6,StrandBias:0.0,Multiplicity:1.39
0.389	0.053	0.557	0.001
0.102	0.035	0.161	0.702
0.206	0.032	0.008	0.754
0.273	0.480	0.065	0.182
0.389	0.354	0.174	0.083
0.753	0.082	0.082	0.083
0.023	0.045	0.915	0.017
0.005	0.067	0.823	0.105
>GATTARAG	5-GATTARAG	7.792875	-443.802342	0	T:4852.0(24.70%),B:4875.2(16.41%),P:1e-192	Tpos:1171.1,Tstd:2458.7,Bpos:460.8,Bstd:288.9,StrandBias:0.0,Multiplicity:1.43
0.144	0.001	0.854	0.001
0.976	0.022	0.001	0.001
0.001	0.034	0.001	0.964
0.292	0.001	0.001	0.706
0.760	0.145	0.094	0.001
0.357	0.112	0.436	0.094
0.749	0.085	0.145	0.021
0.001	0.083	0.635	0.281
>CCTTATCT	6-CCTTATCT	8.997482	-392.821973	0	T:2912.0(14.83%),B:2588.6(8.71%),P:1e-170	Tpos:969.7,Tstd:1458.7,Bpos:462.0,Bstd:271.9,StrandBias:0.0,Multiplicity:1.22
0.001	0.675	0.161	0.163
0.001	0.865	0.030	0.104
0.001	0.001	0.001	0.997
0.001	0.001	0.001	0.997
0.997	0.001	0.001	0.001
0.001	0.001	0.001	0.997
0.001	0.997	0.001	0.001
0.099	0.001	0.001	0.899
>ACAGGGTT	7-ACAGGGTT	8.236954	-338.008771	0	T:3410.0(17.36%),B:3312.3(11.15%),P:1e-146	Tpos:1312.2,Tstd:3010.3,Bpos:464.8,Bstd:294.9,StrandBias:0.0,Multiplicity:1.31
0.700	0.100	0.100	0.100
0.100	0.700	0.100	0.100
0.700	0.100	0.100	0.100
0.100	0.100	0.700	0.100
0.100	0.100	0.700	0.100
0.100	0.100	0.700	0.100
0.100	0.100	0.100	0.700
0.100	0.100	0.100	0.700
>AGGGAGTG	8-AGGGAGTG	9.172202	-292.601879	0	T:3218.0(16.38%),B:3185.7(10.72%),P:1e-127	Tpos:919.6,Tstd:1819.6,Bpos:459.7,Bstd:270.2,StrandBias:-0.0,Multiplicity:1.16
0.997	0.001	0.001	0.001
0.001	0.001	0.997	0.001
0.001	0.001	0.997	0.001
0.001	0.001	0.997	0.001
0.848	0.001	0.001	0.150
0.001	0.001	0.997	0.001
0.001	0.001	0.001	0.997
0.001	0.001	0.997	0.001
>SKCGAAWA	9-SKCGAAWA	6.477069	-270.831891	0	T:2370.0(12.07%),B:2196.3(7.39%),P:1e-117	Tpos:1157.1,Tstd:2417.5,Bpos:453.3,Bstd:311.1,StrandBias:-0.0,Multiplicity:1.16
0.003	0.451	0.379	0.168
0.001	0.066	0.411	0.522
0.187	0.811	0.001	0.001
0.001	0.001	0.952	0.046
0.838	0.001	0.001	0.160
0.685	0.070	0.001	0.244
0.350	0.187	0.001	0.462
0.483	0.205	0.001	0.311
>GGGGCGGG	10-GGGGCGGG	4.057569	-267.069566	0	T:8285.0(42.18%),B:10188.2(34.29%),P:1e-115	Tpos:783.9,Tstd:1290.4,Bpos:445.5,Bstd:272.5,StrandBias:0.0,Multiplicity:2.39
0.088	0.001	0.564	0.347
0.113	0.001	0.885	0.001
0.001	0.001	0.997	0.001
0.001	0.001	0.997	0.001
0.001	0.997	0.001	0.001
0.001	0.001	0.997	0.001
0.001	0.001	0.857	0.141
0.361	0.001	0.637	0.001
>GRTTTCTS	11-GRTTTCTS	8.493261	-257.404149	0	T:3747.0(19.08%),B:3958.2(13.32%),P:1e-111	Tpos:1275.4,Tstd:2844.5,Bpos:460.1,Bstd:294.3,StrandBias:-0.0,Multiplicity:1.32
0.001	0.012	0.986	0.001
0.479	0.027	0.433	0.061
0.001	0.061	0.001	0.937
0.073	0.001	0.241	0.685
0.016	0.001	0.001	0.982
0.106	0.585	0.241	0.068
0.067	0.001	0.039	0.893
0.021	0.499	0.479	0.001
>AGTGCTGG	12-AGTGCTGG	8.236954	-212.828653	0	T:4110.0(20.93%),B:4583.3(15.43%),P:1e-92	Tpos:1223.2,Tstd:2796.3,Bpos:459.6,Bstd:292.3,StrandBias:-0.0,Multiplicity:1.35
0.700	0.100	0.100	0.100
0.100	0.100	0.700	0.100
0.100	0.100	0.100	0.700
0.100	0.100	0.700	0.100
0.100	0.700	0.100	0.100
0.100	0.100	0.100	0.700
0.100	0.100	0.700	0.100
0.100	0.100	0.700	0.100
>GDYACACC	13-GDYACACC	8.234803	-193.873719	0	T:2493.0(12.69%),B:2540.0(8.55%),P:1e-84	Tpos:1059.0,Tstd:2580.8,Bpos:464.9,Bstd:270.9,StrandBias:-0.1,Multiplicity:1.18
0.001	0.001	0.817	0.181
0.310	0.122	0.240	0.329
0.001	0.551	0.001	0.447
0.997	0.001	0.001	0.001
0.181	0.817	0.001	0.001
0.880	0.118	0.001	0.001
0.001	0.880	0.118	0.001
0.001	0.759	0.239	0.001
>ACATTCCT	14-ACATTCCT	9.175169	-163.416837	0	T:2182.0(11.11%),B:2236.7(7.53%),P:1e-70	Tpos:952.8,Tstd:1614.4,Bpos:462.9,Bstd:275.2,StrandBias:0.1,Multiplicity:1.14
0.753	0.001	0.245	0.001
0.195	0.731	0.073	0.001
0.997	0.001	0.001	0.001
0.001	0.001	0.001	0.997
0.001	0.001	0.001	0.997
0.001	0.997	0.001	0.001
0.001	0.835	0.001	0.163
0.001	0.001	0.001	0.997
>TAGCCCCG	15-TAGCCCCG	4.935605	-158.978058	0	T:5838.0(29.73%),B:7193.3(24.21%),P:1e-69	Tpos:1236.3,Tstd:2718.6,Bpos:462.0,Bstd:289.4,StrandBias:0.0,Multiplicity:1.89
0.001	0.001	0.001	0.997
0.997	0.001	0.001	0.001
0.001	0.001	0.997	0.001
0.046	0.952	0.001	0.001
0.001	0.997	0.001	0.001
0.001	0.997	0.001	0.001
0.047	0.915	0.001	0.037
0.001	0.001	0.997	0.001
>TCACTTTG	16-TCACTTTG	10.528037	-154.761699	0	T:2164.0(11.02%),B:2239.9(7.54%),P:1e-67	Tpos:1107.3,Tstd:1914.2,Bpos:456.3,Bstd:294.9,StrandBias:0.0,Multiplicity:1.16
0.001	0.001	0.001	0.997
0.001	0.997	0.001	0.001
0.997	0.001	0.001	0.001
0.001	0.997	0.001	0.001
0.001	0.001	0.001	0.997
0.070	0.347	0.001	0.582
0.001	0.001	0.001	0.997
0.001	0.001	0.997	0.001
>GGAGGCAG	17-GGAGGCAG	10.608873	-133.322722	0	T:4847.0(24.68%),B:5930.3(19.96%),P:1e-57	Tpos:1288.1,Tstd:3170.7,Bpos:460.4,Bstd:285.6,StrandBias:-0.0,Multiplicity:1.40
0.367	0.001	0.631	0.001
0.001	0.001	0.997	0.001
0.997	0.001	0.001	0.001
0.001	0.001	0.997	0.001
0.001	0.001	0.997	0.001
0.001	0.997	0.001	0.001
0.997	0.001	0.001	0.001
0.001	0.001	0.997	0.001
>CTGGAATB	18-CTGGAATB	7.662878	-122.022152	0	T:3832.0(19.51%),B:4579.1(15.41%),P:1e-52	Tpos:1077.2,Tstd:2144.7,Bpos:463.3,Bstd:277.0,StrandBias:-0.0,Multiplicity:1.26
0.001	0.727	0.028	0.244
0.136	0.193	0.190	0.481
0.001	0.057	0.941	0.001
0.001	0.001	0.738	0.260
0.997	0.001	0.001	0.001
0.957	0.001	0.001	0.041
0.034	0.001	0.001	0.964
0.062	0.350	0.368	0.221
>GATCTCTG	19-GATCTCTG	10.823178	-121.597714	0	T:1881.0(9.58%),B:1983.9(6.68%),P:1e-52	Tpos:1111.8,Tstd:2222.3,Bpos:456.0,Bstd:273.6,StrandBias:0.2,Multiplicity:1.13
0.001	0.001	0.997	0.001
0.997	0.001	0.001	0.001
0.001	0.001	0.001	0.997
0.001	0.997	0.001	0.001
0.001	0.001	0.001	0.997
0.001	0.898	0.100	0.001
0.001	0.001	0.001	0.997
0.130	0.001	0.868	0.001
>GTAAATTC	20-GTAAATTC	8.236954	-115.173649	0	T:697.0(3.55%),B:569.8(1.92%),P:1e-50	Tpos:1055.2,Tstd:1989.4,Bpos:466.1,Bstd:280.2,StrandBias:-0.1,Multiplicity:1.13
0.100	0.100	0.700	0.100
0.100	0.100	0.100	0.700
0.700	0.100	0.100	0.100
0.700	0.100	0.100	0.100
0.700	0.100	0.100	0.100
0.100	0.100	0.100	0.700
0.100	0.100	0.100	0.700
0.100	0.700	0.100	0.100
>TTTGTTTK	21-TTTGTTTK	10.208752	-80.859515	0	T:3454.0(17.59%),B:4272.3(14.38%),P:1e-35	Tpos:1066.3,Tstd:1733.5,Bpos:460.4,Bstd:305.5,StrandBias:0.0,Multiplicity:2.34
0.001	0.001	0.001	0.997
0.001	0.001	0.041	0.957
0.040	0.001	0.006	0.953
0.001	0.001	0.951	0.047
0.001	0.001	0.001	0.997
0.001	0.006	0.042	0.951
0.001	0.001	0.045	0.953
0.001	0.001	0.530	0.468
>ACTTGCCT	22-ACTTGCCT	6.933935	-62.727054	0	T:7320.0(37.27%),B:9972.8(33.57%),P:1e-27	Tpos:1073.9,Tstd:2136.2,Bpos:460.6,Bstd:285.3,StrandBias:0.1,Multiplicity:1.58
0.839	0.001	0.159	0.001
0.139	0.859	0.001	0.001
0.001	0.160	0.109	0.730
0.001	0.001	0.001	0.997
0.001	0.001	0.997	0.001
0.139	0.841	0.001	0.019
0.001	0.860	0.138	0.001
0.001	0.001	0.001	0.997
>GGGTGGGG	23-GGGTGGGG	10.724011	-45.652275	0	T:3882.0(19.77%),B:5121.0(17.24%),P:1e-19	Tpos:920.2,Tstd:1380.7,Bpos:456.7,Bstd:278.4,StrandBias:0.0,Multiplicity:1.52
0.001	0.001	0.997	0.001
0.001	0.001	0.997	0.001
0.001	0.001	0.997	0.001
0.001	0.001	0.001	0.997
0.001	0.001	0.997	0.001
0.001	0.001	0.997	0.001
0.290	0.001	0.708	0.001
0.001	0.001	0.997	0.001
>CTKAATCT	24-CTKAATCT	7.766411	-43.472477	0	T:1786.0(9.09%),B:2187.0(7.36%),P:1e-18	Tpos:1045.2,Tstd:2377.7,Bpos:466.8,Bstd:284.5,StrandBias:0.1,Multiplicity:1.11
0.001	0.997	0.001	0.001
0.001	0.001	0.413	0.585
0.001	0.228	0.437	0.334
0.997	0.001	0.001	0.001
0.997	0.001	0.001	0.001
0.235	0.225	0.001	0.539
0.001	0.847	0.151	0.001
0.001	0.001	0.421	0.577
>TTTTTTTT	25-TTTTTTTT	8.236954	-8.822300	0	T:6089.0(31.00%),B:8858.2(29.81%),P:1e-3	Tpos:1208.7,Tstd:2570.1,Bpos:458.2,Bstd:313.1,StrandBias:0.0,Multiplicity:1.67
0.100	0.100	0.100	0.700
0.100	0.100	0.100	0.700
0.100	0.100	0.100	0.700
0.100	0.100	0.100	0.700
0.100	0.100	0.100	0.700
0.100	0.100	0.100	0.700
0.100	0.100	0.100	0.700
0.100	0.100	0.100	0.700
