>ACGTGAAA	1-ACGTGAAA	6.208887	-11.804428	0	T:14.0(7.29%),B:814.5(1.72%),P:1e-5	Tpos:431.0,Tstd:938.8,Bpos:217.1,Bstd:149.2,StrandBias:1.5,Multiplicity:1.64
0.965	0.033	0.001	0.001
0.001	0.997	0.001	0.001
0.001	0.001	0.997	0.001
0.001	0.001	0.001	0.997
0.001	0.140	0.858	0.001
0.941	0.001	0.001	0.057
0.997	0.001	0.001	0.001
0.997	0.001	0.001	0.001
>TTTTCRGT	2-TTTTCRGT	5.181741	-10.754329	0	T:28.0(14.58%),B:2915.1(6.16%),P:1e-4	Tpos:285.2,Tstd:231.7,Bpos:207.3,Bstd:137.8,StrandBias:-0.7,Multiplicity:1.79
0.001	0.001	0.001	0.997
0.233	0.001	0.001	0.765
0.001	0.001	0.001	0.997
0.017	0.001	0.001	0.981
0.001	0.997	0.001	0.001
0.374	0.212	0.414	0.001
0.001	0.001	0.997	0.001
0.001	0.001	0.001	0.997
>CAGCAGTT	3-CAGCAGTT	7.676125	-10.455727	0	T:30.0(15.62%),B:3296.1(6.97%),P:1e-4	Tpos:183.1,Tstd:115.7,Bpos:210.2,Bstd:130.3,StrandBias:-0.2,Multiplicity:1.07
0.001	0.997	0.001	0.001
0.951	0.001	0.047	0.001
0.001	0.001	0.997	0.001
0.001	0.847	0.151	0.001
0.997	0.001	0.001	0.001
0.020	0.140	0.839	0.001
0.001	0.001	0.001	0.997
0.001	0.001	0.001	0.997
>TATGGCGA	4-TATGGCGA	8.236954	-9.537768	0	T:5.0(2.60%),B:103.3(0.22%),P:1e-4	Tpos:532.8,Tstd:745.9,Bpos:208.7,Bstd:143.1,StrandBias:1.2,Multiplicity:2.00
0.100	0.100	0.100	0.700
0.700	0.100	0.100	0.100
0.100	0.100	0.100	0.700
0.100	0.100	0.700	0.100
0.100	0.100	0.700	0.100
0.100	0.700	0.100	0.100
0.100	0.100	0.700	0.100
0.700	0.100	0.100	0.100
>GGCGRGGT	5-GGCGRGGT	7.000404	-8.739160	0	T:77.0(40.10%),B:13156.3(27.82%),P:1e-3	Tpos:277.0,Tstd:610.0,Bpos:198.8,Bstd:137.2,StrandBias:-0.1,Multiplicity:2.08
0.001	0.001	0.997	0.001
0.107	0.062	0.830	0.001
0.002	0.996	0.001	0.001
0.001	0.001	0.997	0.001
0.374	0.001	0.470	0.155
0.386	0.001	0.612	0.001
0.227	0.001	0.531	0.241
0.001	0.312	0.001	0.686
>TTWCTCAC	6-TTWCTCAC	7.775049	-7.633754	0	T:28.0(14.58%),B:3511.1(7.42%),P:1e-3	Tpos:291.0,Tstd:456.8,Bpos:215.8,Bstd:136.3,StrandBias:0.8,Multiplicity:1.36
0.094	0.049	0.001	0.856
0.001	0.378	0.001	0.620
0.540	0.001	0.001	0.458
0.001	0.997	0.001	0.001
0.103	0.001	0.026	0.870
0.011	0.841	0.001	0.147
0.997	0.001	0.001	0.001
0.001	0.997	0.001	0.001
>AAARAAGG	7-AAARAAGG	7.584673	-6.291065	0	T:59.0(30.73%),B:10183.7(21.53%),P:1e-2	Tpos:333.4,Tstd:495.9,Bpos:211.0,Bstd:148.0,StrandBias:-0.6,Multiplicity:2.11
0.997	0.001	0.001	0.001
0.997	0.001	0.001	0.001
0.695	0.303	0.001	0.001
0.482	0.001	0.516	0.001
0.688	0.001	0.001	0.310
0.997	0.001	0.001	0.001
0.196	0.176	0.627	0.001
0.001	0.001	0.997	0.001
>ATCATCAA	8-ATCATCAA	9.035131	-6.154014	0	T:15.0(7.81%),B:1577.3(3.33%),P:1e-2	Tpos:593.5,Tstd:1167.3,Bpos:209.4,Bstd:132.0,StrandBias:2.9,Multiplicity:1.13
0.851	0.001	0.147	0.001
0.001	0.001	0.001	0.997
0.279	0.719	0.001	0.001
0.997	0.001	0.001	0.001
0.001	0.001	0.001	0.997
0.033	0.965	0.001	0.001
0.891	0.001	0.107	0.001
0.633	0.001	0.001	0.365
>TACAGTGT	9-TACAGTGT	6.078394	-5.054331	0	T:45.0(23.44%),B:7693.6(16.27%),P:1e-2	Tpos:262.1,Tstd:373.9,Bpos:211.5,Bstd:129.7,StrandBias:0.3,Multiplicity:1.66
0.084	0.001	0.001	0.914
0.857	0.001	0.057	0.085
0.054	0.944	0.001	0.001
0.997	0.001	0.001	0.001
0.120	0.001	0.868	0.011
0.057	0.001	0.038	0.904
0.001	0.041	0.957	0.001
0.031	0.019	0.001	0.949
