>GCCACACC	1-GCCACACC	8.243474	-602.643721	0	T:6979.0(24.89%),B:4619.8(16.74%),P:1e-261	Tpos:376.8,Tstd:274.2,Bpos:251.5,Bstd:154.5,StrandBias:-0.0,Multiplicity:1.36
0.169	0.025	0.782	0.024
0.071	0.888	0.001	0.040
0.001	0.977	0.021	0.001
0.834	0.142	0.009	0.015
0.001	0.992	0.001	0.006
0.785	0.001	0.110	0.104
0.001	0.997	0.001	0.001
0.001	0.997	0.001	0.001
>ACATTCCT	2-ACATTCCT	8.787601	-504.674569	0	T:3543.0(12.64%),B:2003.2(7.26%),P:1e-219	Tpos:331.1,Tstd:271.4,Bpos:262.7,Bstd:155.8,StrandBias:-0.1,Multiplicity:1.11
0.759	0.001	0.239	0.001
0.001	0.997	0.001	0.001
0.997	0.001	0.001	0.001
0.001	0.001	0.001	0.997
0.001	0.001	0.001	0.997
0.001	0.997	0.001	0.001
0.001	0.662	0.001	0.336
0.202	0.001	0.001	0.796
>AATTCCGG	3-AATTCCGG	5.864536	-403.613367	0	T:9976.0(35.58%),B:7676.5(27.82%),P:1e-175	Tpos:354.8,Tstd:281.2,Bpos:261.3,Bstd:157.1,StrandBias:-0.0,Multiplicity:1.39
0.593	0.159	0.193	0.055
0.705	0.156	0.054	0.085
0.065	0.034	0.052	0.849
0.016	0.069	0.107	0.808
0.026	0.883	0.063	0.028
0.028	0.901	0.052	0.019
0.125	0.114	0.558	0.203
0.059	0.125	0.703	0.113
>ACCCCGCC	4-ACCCCGCC	8.199540	-318.588908	0	T:5979.0(21.32%),B:4315.2(15.64%),P:1e-138	Tpos:396.8,Tstd:264.5,Bpos:243.0,Bstd:152.4,StrandBias:0.0,Multiplicity:1.75
0.675	0.001	0.323	0.001
0.001	0.647	0.203	0.149
0.119	0.536	0.001	0.344
0.406	0.592	0.001	0.001
0.001	0.997	0.001	0.001
0.153	0.001	0.845	0.001
0.001	0.997	0.001	0.001
0.001	0.997	0.001	0.001
>CTTATCTT	5-CTTATCTT	4.063646	-271.339921	0	T:3410.0(12.16%),B:2244.2(8.13%),P:1e-117	Tpos:344.5,Tstd:274.7,Bpos:264.4,Bstd:157.2,StrandBias:-0.0,Multiplicity:1.13
0.001	0.997	0.001	0.001
0.001	0.001	0.001	0.997
0.001	0.001	0.001	0.997
0.997	0.001	0.001	0.001
0.001	0.001	0.001	0.997
0.001	0.997	0.001	0.001
0.076	0.001	0.019	0.904
0.209	0.001	0.249	0.541
>GGCGGWRC	6-GGCGGWRC	6.726861	-244.353863	0	T:8511.0(30.35%),B:6781.0(24.58%),P:1e-106	Tpos:386.5,Tstd:279.5,Bpos:257.7,Bstd:165.4,StrandBias:-0.0,Multiplicity:1.59
0.267	0.001	0.704	0.028
0.001	0.001	0.959	0.039
0.001	0.997	0.001	0.001
0.001	0.001	0.997	0.001
0.001	0.001	0.668	0.330
0.405	0.001	0.221	0.373
0.406	0.073	0.286	0.235
0.328	0.539	0.001	0.132
>TTTACWRC	7-TTTACWRC	7.279237	-237.438358	0	T:3822.0(13.63%),B:2652.8(9.61%),P:1e-103	Tpos:336.0,Tstd:279.2,Bpos:261.5,Bstd:162.2,StrandBias:0.0,Multiplicity:1.13
0.001	0.001	0.001	0.997
0.001	0.037	0.001	0.961
0.076	0.164	0.001	0.759
0.949	0.049	0.001	0.001
0.001	0.592	0.021	0.386
0.394	0.126	0.091	0.390
0.451	0.020	0.508	0.021
0.035	0.846	0.031	0.088
>CCTTAGGC	8-CCTTAGGC	7.189900	-226.334002	0	T:5095.0(18.17%),B:3769.8(13.66%),P:1e-98	Tpos:356.6,Tstd:281.2,Bpos:267.9,Bstd:158.5,StrandBias:-0.0,Multiplicity:1.15
0.060	0.847	0.063	0.030
0.033	0.687	0.122	0.158
0.047	0.167	0.062	0.724
0.177	0.157	0.197	0.470
0.804	0.042	0.146	0.008
0.077	0.068	0.854	0.001
0.040	0.026	0.884	0.050
0.045	0.732	0.178	0.045
>CGCGATAA	9-CGCGATAA	5.302955	-199.240168	0	T:5678.0(20.25%),B:4357.6(15.79%),P:1e-86	Tpos:360.1,Tstd:292.2,Bpos:264.7,Bstd:162.7,StrandBias:-0.0,Multiplicity:1.21
0.132	0.585	0.220	0.063
0.091	0.010	0.820	0.079
0.201	0.554	0.081	0.164
0.099	0.198	0.610	0.093
0.706	0.096	0.112	0.086
0.112	0.056	0.132	0.700
0.886	0.045	0.001	0.068
0.724	0.049	0.169	0.058
>GTCACGTG	10-GTCACGTG	7.670061	-194.854894	0	T:2466.0(8.79%),B:1617.0(5.86%),P:1e-84	Tpos:369.3,Tstd:269.0,Bpos:254.0,Bstd:150.1,StrandBias:-0.1,Multiplicity:1.13
0.154	0.001	0.844	0.001
0.001	0.084	0.001	0.914
0.001	0.947	0.001	0.051
0.997	0.001	0.001	0.001
0.001	0.997	0.001	0.001
0.099	0.001	0.899	0.001
0.065	0.001	0.001	0.933
0.001	0.001	0.997	0.001
>CAAGGTCA	11-CAAGGTCA	10.962850	-187.505628	0	T:1534.0(5.47%),B:897.0(3.25%),P:1e-81	Tpos:346.9,Tstd:276.0,Bpos:261.2,Bstd:157.9,StrandBias:0.0,Multiplicity:1.06
0.001	0.997	0.001	0.001
0.997	0.001	0.001	0.001
0.997	0.001	0.001	0.001
0.001	0.001	0.997	0.001
0.001	0.001	0.997	0.001
0.001	0.001	0.001	0.997
0.001	0.899	0.001	0.099
0.997	0.001	0.001	0.001
>AGAGGGCG	12-AGAGGGCG	8.090616	-178.185341	0	T:3174.0(11.32%),B:2237.6(8.11%),P:1e-77	Tpos:322.7,Tstd:271.5,Bpos:262.3,Bstd:157.7,StrandBias:-0.1,Multiplicity:1.07
0.997	0.001	0.001	0.001
0.001	0.001	0.997	0.001
0.997	0.001	0.001	0.001
0.001	0.001	0.997	0.001
0.001	0.001	0.997	0.001
0.001	0.001	0.917	0.081
0.001	0.997	0.001	0.001
0.372	0.001	0.626	0.001
>TCGCGTCA	13-TCGCGTCA	5.397497	-171.220404	0	T:4861.0(17.34%),B:3715.6(13.47%),P:1e-74	Tpos:364.3,Tstd:279.8,Bpos:260.4,Bstd:166.9,StrandBias:0.1,Multiplicity:1.20
0.089	0.061	0.078	0.772
0.204	0.549	0.123	0.124
0.094	0.052	0.853	0.001
0.069	0.833	0.051	0.047
0.030	0.044	0.849	0.077
0.080	0.118	0.075	0.727
0.104	0.640	0.088	0.168
0.779	0.096	0.057	0.068
>GACACACC	14-GACACACC	7.707847	-157.986571	0	T:2948.0(10.51%),B:2093.7(7.59%),P:1e-68	Tpos:359.8,Tstd:271.3,Bpos:254.0,Bstd:153.8,StrandBias:-0.0,Multiplicity:1.11
0.001	0.001	0.997	0.001
0.738	0.001	0.001	0.260
0.001	0.997	0.001	0.001
0.997	0.001	0.001	0.001
0.001	0.997	0.001	0.001
0.792	0.001	0.133	0.074
0.001	0.997	0.001	0.001
0.001	0.997	0.001	0.001
>CTAGTGGT	15-CTAGTGGT	6.361796	-138.614675	0	T:1861.0(6.64%),B:1233.9(4.47%),P:1e-60	Tpos:323.0,Tstd:261.8,Bpos:262.0,Bstd:158.6,StrandBias:-0.0,Multiplicity:1.04
0.001	0.997	0.001	0.001
0.001	0.001	0.001	0.997
0.997	0.001	0.001	0.001
0.001	0.001	0.997	0.001
0.001	0.060	0.001	0.938
0.001	0.001	0.997	0.001
0.001	0.001	0.997	0.001
0.333	0.150	0.001	0.516
>GGGTGGAG	16-GGGTGGAG	9.752554	-125.136735	0	T:2932.0(10.46%),B:2162.8(7.84%),P:1e-54	Tpos:355.1,Tstd:285.5,Bpos:263.5,Bstd:153.4,StrandBias:-0.1,Multiplicity:1.09
0.001	0.001	0.997	0.001
0.001	0.001	0.997	0.001
0.001	0.001	0.997	0.001
0.001	0.001	0.001	0.997
0.001	0.001	0.997	0.001
0.001	0.001	0.997	0.001
0.997	0.001	0.001	0.001
0.268	0.001	0.730	0.001
>CGCATGCG	17-CGCATGCG	7.139425	-114.965269	0	T:3062.0(10.92%),B:2303.6(8.35%),P:1e-49	Tpos:384.2,Tstd:278.1,Bpos:245.5,Bstd:157.4,StrandBias:0.0,Multiplicity:1.24
0.001	0.588	0.163	0.248
0.001	0.001	0.729	0.269
0.001	0.801	0.001	0.197
0.513	0.203	0.097	0.187
0.001	0.001	0.032	0.966
0.001	0.001	0.590	0.408
0.066	0.894	0.001	0.039
0.001	0.001	0.840	0.158
>RCCGGTTT	18-RCCGGTTT	6.331345	-114.797040	0	T:6182.0(22.05%),B:5106.6(18.51%),P:1e-49	Tpos:345.1,Tstd:291.5,Bpos:267.9,Bstd:163.9,StrandBias:0.0,Multiplicity:1.16
0.318	0.128	0.429	0.125
0.111	0.794	0.039	0.056
0.221	0.472	0.180	0.127
0.001	0.092	0.906	0.001
0.001	0.001	0.944	0.054
0.097	0.101	0.074	0.728
0.001	0.124	0.001	0.874
0.001	0.050	0.098	0.851
>GTCATAAA	19-GTCATAAA	10.093812	-109.015684	0	T:951.0(3.39%),B:565.4(2.05%),P:1e-47	Tpos:348.7,Tstd:286.2,Bpos:264.6,Bstd:162.5,StrandBias:-0.0,Multiplicity:1.05
0.377	0.001	0.621	0.001
0.001	0.001	0.001	0.997
0.001	0.997	0.001	0.001
0.997	0.001	0.001	0.001
0.001	0.001	0.001	0.997
0.997	0.001	0.001	0.001
0.997	0.001	0.001	0.001
0.997	0.001	0.001	0.001
>GAGAGTTC	20-GAGAGTTC	8.033791	-96.969665	0	T:1677.0(5.98%),B:1169.9(4.24%),P:1e-42	Tpos:328.4,Tstd:280.7,Bpos:260.5,Bstd:157.6,StrandBias:0.0,Multiplicity:1.03
0.001	0.001	0.997	0.001
0.997	0.001	0.001	0.001
0.001	0.001	0.997	0.001
0.931	0.067	0.001	0.001
0.001	0.001	0.715	0.283
0.001	0.001	0.001	0.997
0.001	0.001	0.001	0.997
0.001	0.997	0.001	0.001
>TCCAGGCA	21-TCCAGGCA	8.554393	-93.814075	0	T:2669.0(9.52%),B:2024.4(7.34%),P:1e-40	Tpos:335.8,Tstd:275.3,Bpos:263.5,Bstd:157.9,StrandBias:-0.1,Multiplicity:1.13
0.001	0.001	0.001	0.997
0.001	0.997	0.001	0.001
0.112	0.886	0.001	0.001
0.907	0.091	0.001	0.001
0.001	0.001	0.997	0.001
0.001	0.001	0.997	0.001
0.001	0.997	0.001	0.001
0.997	0.001	0.001	0.001
>AGGTTCAG	22-AGGTTCAG	8.236954	-77.110760	0	T:1065.0(3.80%),B:709.5(2.57%),P:1e-33	Tpos:315.9,Tstd:274.4,Bpos:273.1,Bstd:157.0,StrandBias:-0.1,Multiplicity:1.20
0.700	0.100	0.100	0.100
0.100	0.100	0.700	0.100
0.100	0.100	0.700	0.100
0.100	0.100	0.100	0.700
0.100	0.100	0.100	0.700
0.100	0.700	0.100	0.100
0.700	0.100	0.100	0.100
0.100	0.100	0.700	0.100
>CCAATTAA	23-CCAATTAA	9.536845	-75.702167	0	T:868.0(3.10%),B:554.5(2.01%),P:1e-32	Tpos:321.0,Tstd:278.2,Bpos:274.3,Bstd:163.6,StrandBias:0.1,Multiplicity:1.03
0.001	0.782	0.216	0.001
0.001	0.997	0.001	0.001
0.997	0.001	0.001	0.001
0.997	0.001	0.001	0.001
0.001	0.001	0.001	0.997
0.001	0.001	0.001	0.997
0.997	0.001	0.001	0.001
0.997	0.001	0.001	0.001
>GATAATGG	24-GATAATGG	8.236954	-70.100639	0	T:548.0(1.95%),B:316.1(1.15%),P:1e-30	Tpos:305.9,Tstd:265.2,Bpos:264.0,Bstd:157.2,StrandBias:0.1,Multiplicity:1.01
0.100	0.100	0.700	0.100
0.700	0.100	0.100	0.100
0.100	0.100	0.100	0.700
0.700	0.100	0.100	0.100
0.700	0.100	0.100	0.100
0.100	0.100	0.100	0.700
0.100	0.100	0.700	0.100
0.100	0.100	0.700	0.100
>CCAAACAA	25-CCAAACAA	9.106300	-28.566909	0	T:2603.0(9.28%),B:2232.4(8.09%),P:1e-12	Tpos:333.3,Tstd:290.0,Bpos:259.6,Bstd:168.5,StrandBias:-0.0,Multiplicity:1.74
0.142	0.856	0.001	0.001
0.001	0.997	0.001	0.001
0.997	0.001	0.001	0.001
0.997	0.001	0.001	0.001
0.997	0.001	0.001	0.001
0.001	0.997	0.001	0.001
0.986	0.012	0.001	0.001
0.997	0.001	0.001	0.001
