>TGACTCAT	1-TGACTCAT	8.119040	-1928.340862	0	T:5333.0(19.26%),B:2080.9(7.65%),P:1e-837	Tpos:424.5,Tstd:357.4,Bpos:281.6,Bstd:166.1,StrandBias:0.0,Multiplicity:1.22
0.001	0.001	0.001	0.997
0.001	0.001	0.987	0.011
0.997	0.001	0.001	0.001
0.019	0.684	0.278	0.019
0.022	0.001	0.003	0.974
0.020	0.978	0.001	0.001
0.996	0.001	0.002	0.001
0.029	0.198	0.169	0.604
>GTCRTAAA	2-GTCRTAAA	5.860153	-1468.063547	0	T:7780.0(28.10%),B:4168.6(15.32%),P:1e-637	Tpos:458.1,Tstd:405.6,Bpos:282.2,Bstd:174.3,StrandBias:-0.0,Multiplicity:1.37
0.040	0.027	0.932	0.001
0.012	0.038	0.005	0.945
0.016	0.701	0.001	0.282
0.432	0.001	0.566	0.001
0.001	0.001	0.001	0.997
0.992	0.004	0.001	0.003
0.988	0.003	0.001	0.008
0.969	0.007	0.001	0.023
>GCATTCCD	3-GCATTCCD	7.872422	-856.063888	0	T:6509.0(23.51%),B:3861.8(14.19%),P:1e-371	Tpos:441.5,Tstd:396.0,Bpos:280.1,Bstd:171.1,StrandBias:-0.0,Multiplicity:1.28
0.362	0.001	0.621	0.016
0.373	0.615	0.011	0.001
0.968	0.030	0.001	0.001
0.005	0.001	0.001	0.993
0.001	0.009	0.001	0.989
0.001	0.997	0.001	0.001
0.308	0.685	0.006	0.001
0.334	0.001	0.388	0.277
>TTTATTGT	4-TTTATTGT	8.168854	-791.736212	0	T:4078.0(14.73%),B:2083.1(7.65%),P:1e-343	Tpos:472.5,Tstd:415.1,Bpos:283.8,Bstd:173.7,StrandBias:-0.1,Multiplicity:1.17
0.195	0.212	0.065	0.528
0.001	0.147	0.163	0.689
0.064	0.001	0.001	0.934
0.997	0.001	0.001	0.001
0.001	0.001	0.001	0.997
0.001	0.059	0.379	0.561
0.001	0.001	0.997	0.001
0.001	0.288	0.001	0.710
>YRAGTMAY	5-YRAGTMAY	5.518419	-682.341391	0	T:9230.0(33.34%),B:6411.6(23.56%),P:1e-296	Tpos:446.9,Tstd:403.1,Bpos:281.6,Bstd:172.5,StrandBias:0.0,Multiplicity:1.29
0.001	0.512	0.001	0.486
0.332	0.001	0.474	0.193
0.466	0.298	0.051	0.185
0.199	0.127	0.489	0.185
0.001	0.001	0.001	0.997
0.342	0.398	0.109	0.151
0.997	0.001	0.001	0.001
0.113	0.450	0.065	0.372
>CATTCAGA	6-CATTCAGA	8.236954	-387.730270	0	T:1451.0(5.24%),B:633.5(2.33%),P:1e-168	Tpos:508.7,Tstd:424.3,Bpos:281.9,Bstd:170.8,StrandBias:0.1,Multiplicity:1.18
0.100	0.700	0.100	0.100
0.700	0.100	0.100	0.100
0.100	0.100	0.100	0.700
0.100	0.100	0.100	0.700
0.100	0.700	0.100	0.100
0.700	0.100	0.100	0.100
0.100	0.100	0.700	0.100
0.700	0.100	0.100	0.100
>CCTTAGGC	7-CCTTAGGC	7.704370	-289.808346	0	T:4793.0(17.31%),B:3358.1(12.34%),P:1e-125	Tpos:437.0,Tstd:401.7,Bpos:286.8,Bstd:169.8,StrandBias:-0.0,Multiplicity:1.16
0.001	0.997	0.001	0.001
0.017	0.862	0.007	0.114
0.001	0.088	0.017	0.894
0.065	0.179	0.245	0.511
0.957	0.001	0.041	0.001
0.010	0.001	0.988	0.001
0.001	0.001	0.997	0.001
0.001	0.929	0.053	0.017
>ATAAGTGC	8-ATAAGTGC	8.236954	-286.363301	0	T:619.0(2.24%),B:197.1(0.72%),P:1e-124	Tpos:495.5,Tstd:486.4,Bpos:303.4,Bstd:168.3,StrandBias:0.1,Multiplicity:1.01
0.700	0.100	0.100	0.100
0.100	0.100	0.100	0.700
0.700	0.100	0.100	0.100
0.700	0.100	0.100	0.100
0.100	0.100	0.700	0.100
0.100	0.100	0.100	0.700
0.100	0.100	0.700	0.100
0.100	0.700	0.100	0.100
>ACTTCCTG	9-ACTTCCTG	6.707737	-246.884806	0	T:8990.0(32.47%),B:7210.1(26.49%),P:1e-107	Tpos:440.6,Tstd:402.1,Bpos:281.7,Bstd:167.2,StrandBias:0.0,Multiplicity:1.38
0.881	0.001	0.117	0.001
0.001	0.826	0.103	0.070
0.027	0.001	0.001	0.971
0.001	0.015	0.001	0.983
0.001	0.997	0.001	0.001
0.001	0.997	0.001	0.001
0.001	0.051	0.166	0.782
0.063	0.109	0.774	0.054
>ATWATTCA	10-ATWATTCA	8.051723	-237.931654	0	T:2727.0(9.85%),B:1749.5(6.43%),P:1e-103	Tpos:469.2,Tstd:436.3,Bpos:289.9,Bstd:174.4,StrandBias:-0.0,Multiplicity:1.21
0.908	0.051	0.040	0.001
0.014	0.041	0.279	0.666
0.485	0.001	0.165	0.349
0.884	0.062	0.053	0.001
0.042	0.063	0.032	0.863
0.001	0.025	0.234	0.740
0.011	0.948	0.040	0.001
0.897	0.001	0.101	0.001
>GTACCTTG	11-GTACCTTG	8.236954	-237.902611	0	T:761.0(2.75%),B:306.2(1.13%),P:1e-103	Tpos:528.3,Tstd:407.5,Bpos:291.5,Bstd:172.6,StrandBias:0.0,Multiplicity:1.01
0.100	0.100	0.700	0.100
0.100	0.100	0.100	0.700
0.700	0.100	0.100	0.100
0.100	0.700	0.100	0.100
0.100	0.700	0.100	0.100
0.100	0.100	0.100	0.700
0.100	0.100	0.100	0.700
0.100	0.100	0.700	0.100
>AGGCGTGA	12-AGGCGTGA	6.789289	-233.593929	0	T:2198.0(7.94%),B:1338.4(4.92%),P:1e-101	Tpos:460.8,Tstd:409.5,Bpos:283.1,Bstd:171.9,StrandBias:0.0,Multiplicity:1.05
0.997	0.001	0.001	0.001
0.001	0.229	0.769	0.001
0.001	0.001	0.686	0.312
0.001	0.954	0.001	0.044
0.001	0.001	0.997	0.001
0.001	0.001	0.001	0.997
0.001	0.001	0.591	0.407
0.997	0.001	0.001	0.001
>CTAATTAG	13-CTAATTAG	9.577667	-233.515886	0	T:774.0(2.80%),B:317.4(1.17%),P:1e-101	Tpos:502.1,Tstd:390.0,Bpos:254.3,Bstd:163.4,StrandBias:0.1,Multiplicity:1.03
0.001	0.997	0.001	0.001
0.001	0.001	0.001	0.997
0.997	0.001	0.001	0.001
0.997	0.001	0.001	0.001
0.001	0.001	0.001	0.997
0.001	0.001	0.001	0.997
0.997	0.001	0.001	0.001
0.001	0.225	0.773	0.001
>TGACAGAC	14-TGACAGAC	9.614854	-231.786663	0	T:1783.0(6.44%),B:1023.0(3.76%),P:1e-100	Tpos:455.8,Tstd:426.1,Bpos:286.3,Bstd:165.9,StrandBias:-0.1,Multiplicity:1.05
0.001	0.001	0.001	0.997
0.001	0.001	0.997	0.001
0.997	0.001	0.001	0.001
0.001	0.997	0.001	0.001
0.997	0.001	0.001	0.001
0.267	0.001	0.574	0.158
0.872	0.001	0.126	0.001
0.001	0.997	0.001	0.001
>GGGAATGT	15-GGGAATGT	6.775285	-229.275974	0	T:8863.0(32.01%),B:7150.9(26.28%),P:1e-99	Tpos:448.0,Tstd:426.2,Bpos:284.4,Bstd:170.5,StrandBias:-0.0,Multiplicity:1.29
0.407	0.033	0.559	0.001
0.120	0.097	0.782	0.001
0.001	0.001	0.997	0.001
0.959	0.001	0.001	0.039
0.705	0.001	0.258	0.036
0.100	0.001	0.001	0.898
0.001	0.265	0.685	0.049
0.170	0.169	0.001	0.660
>ATAGCTAA	16-ATAGCTAA	9.629627	-221.672572	0	T:1224.0(4.42%),B:627.9(2.31%),P:1e-96	Tpos:498.2,Tstd:415.2,Bpos:285.5,Bstd:169.9,StrandBias:0.1,Multiplicity:1.12
0.761	0.237	0.001	0.001
0.001	0.001	0.001	0.997
0.997	0.001	0.001	0.001
0.001	0.001	0.997	0.001
0.001	0.997	0.001	0.001
0.001	0.001	0.001	0.997
0.997	0.001	0.001	0.001
0.997	0.001	0.001	0.001
>GCTTCTAA	17-GCTTCTAA	10.742206	-221.123810	0	T:1050.0(3.79%),B:507.1(1.86%),P:1e-96	Tpos:499.4,Tstd:404.6,Bpos:272.8,Bstd:170.9,StrandBias:0.1,Multiplicity:1.07
0.001	0.001	0.997	0.001
0.001	0.721	0.277	0.001
0.001	0.001	0.001	0.997
0.001	0.001	0.001	0.997
0.001	0.997	0.001	0.001
0.001	0.001	0.001	0.997
0.997	0.001	0.001	0.001
0.997	0.001	0.001	0.001
>CGATTTGA	18-CGATTTGA	8.236954	-211.229178	0	T:323.0(1.17%),B:80.0(0.29%),P:1e-91	Tpos:526.3,Tstd:430.6,Bpos:299.0,Bstd:175.9,StrandBias:0.0,Multiplicity:1.01
0.100	0.700	0.100	0.100
0.100	0.100	0.700	0.100
0.700	0.100	0.100	0.100
0.100	0.100	0.100	0.700
0.100	0.100	0.100	0.700
0.100	0.100	0.100	0.700
0.100	0.100	0.700	0.100
0.700	0.100	0.100	0.100
>CCGTTCTA	19-CCGTTCTA	7.661258	-210.023466	0	T:1023.0(3.69%),B:499.5(1.84%),P:1e-91	Tpos:498.4,Tstd:403.9,Bpos:275.3,Bstd:173.8,StrandBias:0.0,Multiplicity:1.23
0.211	0.594	0.072	0.123
0.001	0.997	0.001	0.001
0.001	0.001	0.997	0.001
0.414	0.001	0.001	0.584
0.001	0.001	0.001	0.997
0.170	0.828	0.001	0.001
0.001	0.130	0.243	0.626
0.876	0.001	0.122	0.001
>CATCCGGT	20-CATCCGGT	8.236954	-204.225697	0	T:354.0(1.28%),B:96.6(0.35%),P:1e-88	Tpos:555.1,Tstd:390.5,Bpos:286.6,Bstd:180.7,StrandBias:-0.2,Multiplicity:1.00
0.100	0.700	0.100	0.100
0.700	0.100	0.100	0.100
0.100	0.100	0.100	0.700
0.100	0.700	0.100	0.100
0.100	0.700	0.100	0.100
0.100	0.100	0.700	0.100
0.100	0.100	0.700	0.100
0.100	0.100	0.100	0.700
>ACGCTTTG	21-ACGCTTTG	8.236954	-202.917336	0	T:401.0(1.45%),B:120.3(0.44%),P:1e-88	Tpos:428.1,Tstd:367.5,Bpos:268.6,Bstd:184.5,StrandBias:-0.2,Multiplicity:1.00
0.700	0.100	0.100	0.100
0.100	0.700	0.100	0.100
0.100	0.100	0.700	0.100
0.100	0.700	0.100	0.100
0.100	0.100	0.100	0.700
0.100	0.100	0.100	0.700
0.100	0.100	0.100	0.700
0.100	0.100	0.700	0.100
>TGGATCCA	22-TGGATCCA	8.236954	-179.764342	0	T:586.0(2.12%),B:238.7(0.88%),P:1e-78	Tpos:469.9,Tstd:455.7,Bpos:301.3,Bstd:163.6,StrandBias:0.0,Multiplicity:1.01
0.100	0.100	0.100	0.700
0.100	0.100	0.700	0.100
0.100	0.100	0.700	0.100
0.700	0.100	0.100	0.100
0.100	0.100	0.100	0.700
0.100	0.700	0.100	0.100
0.100	0.700	0.100	0.100
0.700	0.100	0.100	0.100
>AGGGCGTT	23-AGGGCGTT	9.092381	-165.671549	0	T:1644.0(5.94%),B:1012.1(3.72%),P:1e-71	Tpos:469.6,Tstd:418.7,Bpos:290.2,Bstd:169.5,StrandBias:0.0,Multiplicity:1.06
0.899	0.010	0.071	0.020
0.057	0.001	0.920	0.022
0.011	0.009	0.979	0.001
0.127	0.001	0.846	0.026
0.176	0.798	0.025	0.001
0.001	0.001	0.715	0.283
0.001	0.001	0.024	0.974
0.017	0.050	0.033	0.900
>GGGTGGGG	24-GGGTGGGG	8.903138	-103.604223	0	T:6717.0(24.26%),B:5646.0(20.75%),P:1e-44	Tpos:436.4,Tstd:415.4,Bpos:286.0,Bstd:168.3,StrandBias:-0.0,Multiplicity:1.45
0.001	0.001	0.997	0.001
0.001	0.001	0.949	0.049
0.001	0.001	0.997	0.001
0.001	0.001	0.001	0.997
0.001	0.001	0.946	0.052
0.001	0.001	0.781	0.217
0.162	0.001	0.836	0.001
0.001	0.001	0.997	0.001
>CGTTAGAC	25-CGTTAGAC	6.325544	-41.728931	0	T:6952.0(25.11%),B:6222.9(22.87%),P:1e-18	Tpos:454.7,Tstd:423.2,Bpos:285.3,Bstd:172.4,StrandBias:0.0,Multiplicity:1.35
0.306	0.692	0.001	0.001
0.351	0.002	0.646	0.001
0.152	0.213	0.001	0.634
0.001	0.171	0.229	0.599
0.980	0.018	0.001	0.001
0.189	0.149	0.661	0.001
0.996	0.001	0.001	0.002
0.176	0.789	0.001	0.034
