>GATTAAAG	1-GATTAAAG	8.236954	-2121.228274	0	T:13295.0(17.39%),B:7391.6(9.74%),P:1e-921	Tpos:791.7,Tstd:964.6,Bpos:390.2,Bstd:253.6,StrandBias:-0.0,Multiplicity:1.25
0.100	0.100	0.700	0.100
0.700	0.100	0.100	0.100
0.100	0.100	0.100	0.700
0.100	0.100	0.100	0.700
0.700	0.100	0.100	0.100
0.700	0.100	0.100	0.100
0.700	0.100	0.100	0.100
0.100	0.100	0.700	0.100
>TGGTCTAC	2-TGGTCTAC	8.236954	-1705.485808	0	T:12507.0(16.36%),B:7284.8(9.60%),P:1e-740	Tpos:799.3,Tstd:995.2,Bpos:395.4,Bstd:257.4,StrandBias:-0.0,Multiplicity:1.22
0.100	0.100	0.100	0.700
0.100	0.100	0.700	0.100
0.100	0.100	0.700	0.100
0.100	0.100	0.100	0.700
0.100	0.700	0.100	0.100
0.100	0.100	0.100	0.700
0.700	0.100	0.100	0.100
0.100	0.700	0.100	0.100
>AGTTCMAG	3-AGTTCMAG	9.471348	-1525.176916	0	T:22330.0(29.21%),B:15765.1(20.77%),P:1e-662	Tpos:783.9,Tstd:983.3,Bpos:388.2,Bstd:251.2,StrandBias:-0.0,Multiplicity:1.77
0.997	0.001	0.001	0.001
0.001	0.001	0.997	0.001
0.001	0.001	0.001	0.997
0.001	0.001	0.001	0.997
0.001	0.921	0.001	0.077
0.331	0.411	0.219	0.040
0.997	0.001	0.001	0.001
0.001	0.001	0.997	0.001
>GSKMTAYA	4-GSKMTAYA	8.376965	-1374.481942	0	T:13553.0(17.73%),B:8582.1(11.31%),P:1e-596	Tpos:785.5,Tstd:1010.3,Bpos:389.2,Bstd:252.0,StrandBias:-0.0,Multiplicity:1.24
0.001	0.001	0.997	0.001
0.001	0.479	0.519	0.001
0.001	0.001	0.518	0.480
0.479	0.519	0.001	0.001
0.001	0.001	0.001	0.997
0.997	0.001	0.001	0.001
0.001	0.481	0.001	0.517
0.997	0.001	0.001	0.001
>GACAGCCA	5-GACAGCCA	8.236954	-1196.610506	0	T:13845.0(18.11%),B:9112.6(12.00%),P:1e-519	Tpos:773.9,Tstd:984.8,Bpos:393.8,Bstd:250.8,StrandBias:-0.0,Multiplicity:1.21
0.100	0.100	0.700	0.100
0.700	0.100	0.100	0.100
0.100	0.700	0.100	0.100
0.700	0.100	0.100	0.100
0.100	0.100	0.700	0.100
0.100	0.700	0.100	0.100
0.100	0.700	0.100	0.100
0.700	0.100	0.100	0.100
>ASCCTGKC	6-ASCCTGKC	7.073329	-1091.564756	0	T:16740.0(21.90%),B:11760.8(15.49%),P:1e-474	Tpos:762.9,Tstd:993.0,Bpos:388.8,Bstd:246.6,StrandBias:-0.0,Multiplicity:1.26
0.537	0.087	0.153	0.223
0.034	0.456	0.508	0.002
0.001	0.512	0.299	0.188
0.122	0.670	0.001	0.207
0.034	0.114	0.176	0.676
0.001	0.009	0.989	0.001
0.001	0.190	0.347	0.462
0.101	0.694	0.053	0.152
>CGTGGTGG	7-CGTGGTGG	10.252698	-955.350100	0	T:5485.0(7.18%),B:2886.5(3.80%),P:1e-414	Tpos:803.3,Tstd:979.7,Bpos:385.9,Bstd:247.3,StrandBias:0.0,Multiplicity:1.07
0.185	0.813	0.001	0.001
0.001	0.001	0.997	0.001
0.001	0.001	0.001	0.997
0.001	0.001	0.814	0.184
0.001	0.185	0.813	0.001
0.001	0.001	0.001	0.997
0.184	0.001	0.814	0.001
0.001	0.001	0.997	0.001
>AGTTCAAG	8-AGTTCAAG	7.299742	-870.290445	0	T:26695.0(34.92%),B:21264.7(28.01%),P:1e-377	Tpos:759.5,Tstd:986.0,Bpos:386.4,Bstd:241.6,StrandBias:-0.0,Multiplicity:1.19
0.639	0.130	0.188	0.043
0.293	0.001	0.696	0.010
0.050	0.032	0.166	0.752
0.001	0.030	0.052	0.917
0.001	0.813	0.001	0.185
0.494	0.283	0.074	0.148
0.930	0.040	0.001	0.029
0.262	0.001	0.658	0.079
>GAGGCAGG	9-GAGGCAGG	8.236954	-809.686227	0	T:19806.0(25.91%),B:15118.9(19.92%),P:1e-351	Tpos:782.3,Tstd:972.1,Bpos:390.1,Bstd:247.0,StrandBias:0.0,Multiplicity:1.34
0.100	0.100	0.700	0.100
0.700	0.100	0.100	0.100
0.100	0.100	0.700	0.100
0.100	0.100	0.700	0.100
0.100	0.700	0.100	0.100
0.700	0.100	0.100	0.100
0.100	0.100	0.700	0.100
0.100	0.100	0.700	0.100
>GTGGCWCA	10-GTGGCWCA	8.431659	-770.048623	0	T:17103.0(22.37%),B:12803.8(16.87%),P:1e-334	Tpos:765.4,Tstd:1019.8,Bpos:387.6,Bstd:242.7,StrandBias:0.1,Multiplicity:1.27
0.157	0.130	0.689	0.024
0.001	0.158	0.060	0.781
0.161	0.029	0.809	0.001
0.014	0.001	0.984	0.001
0.001	0.997	0.001	0.001
0.386	0.001	0.192	0.421
0.050	0.948	0.001	0.001
0.901	0.028	0.070	0.001
>TGCCTCCC	11-TGCCTCCC	8.236954	-671.217841	0	T:13569.0(17.75%),B:9938.9(13.09%),P:1e-291	Tpos:806.3,Tstd:1003.0,Bpos:387.1,Bstd:249.6,StrandBias:-0.0,Multiplicity:1.19
0.100	0.100	0.100	0.700
0.100	0.100	0.700	0.100
0.100	0.700	0.100	0.100
0.100	0.700	0.100	0.100
0.100	0.100	0.100	0.700
0.100	0.700	0.100	0.100
0.100	0.700	0.100	0.100
0.100	0.700	0.100	0.100
>AAACAAAA	12-AAACAAAA	10.688062	-638.959569	0	T:17970.0(23.51%),B:13933.6(18.36%),P:1e-277	Tpos:737.5,Tstd:961.0,Bpos:388.8,Bstd:259.6,StrandBias:-0.0,Multiplicity:2.14
0.997	0.001	0.001	0.001
0.997	0.001	0.001	0.001
0.997	0.001	0.001	0.001
0.001	0.997	0.001	0.001
0.683	0.315	0.001	0.001
0.997	0.001	0.001	0.001
0.997	0.001	0.001	0.001
0.997	0.001	0.001	0.001
>AAACAAAM	13-AAACAAAM	10.394708	-635.940397	0	T:12368.0(16.18%),B:8979.0(11.83%),P:1e-276	Tpos:731.3,Tstd:930.7,Bpos:390.0,Bstd:261.9,StrandBias:0.0,Multiplicity:2.34
0.997	0.001	0.001	0.001
0.997	0.001	0.001	0.001
0.997	0.001	0.001	0.001
0.073	0.925	0.001	0.001
0.997	0.001	0.001	0.001
0.997	0.001	0.001	0.001
0.997	0.001	0.001	0.001
0.449	0.549	0.001	0.001
>GAGTTCTG	14-GAGTTCTG	8.228081	-591.205229	0	T:18590.0(24.32%),B:14637.7(19.28%),P:1e-256	Tpos:768.0,Tstd:971.7,Bpos:391.8,Bstd:246.5,StrandBias:0.0,Multiplicity:1.46
0.001	0.001	0.997	0.001
0.857	0.001	0.001	0.141
0.122	0.001	0.633	0.244
0.255	0.001	0.001	0.743
0.001	0.001	0.364	0.634
0.101	0.756	0.001	0.142
0.001	0.036	0.001	0.962
0.098	0.001	0.800	0.101
>CCTNAGGC	15-CCTNAGGC	7.975184	-553.631820	0	T:14575.0(19.07%),B:11132.3(14.67%),P:1e-240	Tpos:791.3,Tstd:939.7,Bpos:396.1,Bstd:235.2,StrandBias:-0.0,Multiplicity:1.25
0.018	0.958	0.022	0.002
0.002	0.892	0.021	0.085
0.009	0.331	0.062	0.598
0.179	0.297	0.325	0.199
0.721	0.058	0.220	0.001
0.058	0.011	0.930	0.001
0.020	0.026	0.917	0.037
0.009	0.785	0.184	0.022
>AAGTGCTG	16-AAGTGCTG	8.236954	-532.586274	0	T:9369.0(12.26%),B:6644.9(8.75%),P:1e-231	Tpos:775.5,Tstd:964.7,Bpos:387.3,Bstd:248.5,StrandBias:-0.0,Multiplicity:1.14
0.700	0.100	0.100	0.100
0.700	0.100	0.100	0.100
0.100	0.100	0.700	0.100
0.100	0.100	0.100	0.700
0.100	0.100	0.700	0.100
0.100	0.700	0.100	0.100
0.100	0.100	0.100	0.700
0.100	0.100	0.700	0.100
>GGTTTTTC	17-GGTTTTTC	8.236954	-404.529501	0	T:4967.0(6.50%),B:3245.2(4.28%),P:1e-175	Tpos:761.6,Tstd:968.7,Bpos:392.0,Bstd:255.8,StrandBias:-0.1,Multiplicity:1.07
0.100	0.100	0.700	0.100
0.100	0.100	0.700	0.100
0.100	0.100	0.100	0.700
0.100	0.100	0.100	0.700
0.100	0.100	0.100	0.700
0.100	0.100	0.100	0.700
0.100	0.100	0.100	0.700
0.100	0.700	0.100	0.100
>GATCTCTG	18-GATCTCTG	10.962090	-372.167253	0	T:6683.0(8.74%),B:4733.5(6.24%),P:1e-161	Tpos:733.7,Tstd:935.5,Bpos:390.8,Bstd:238.1,StrandBias:0.0,Multiplicity:1.10
0.001	0.001	0.997	0.001
0.997	0.001	0.001	0.001
0.001	0.001	0.001	0.997
0.001	0.997	0.001	0.001
0.001	0.001	0.001	0.997
0.001	0.997	0.001	0.001
0.001	0.036	0.001	0.962
0.067	0.001	0.931	0.001
>GCCTGGGG	19-GCCTGGGG	10.539997	-371.959758	0	T:7553.0(9.88%),B:5474.1(7.21%),P:1e-161	Tpos:816.2,Tstd:1020.2,Bpos:391.4,Bstd:235.6,StrandBias:-0.0,Multiplicity:1.14
0.001	0.001	0.997	0.001
0.001	0.997	0.001	0.001
0.001	0.997	0.001	0.001
0.001	0.001	0.001	0.997
0.102	0.001	0.726	0.171
0.001	0.057	0.941	0.001
0.141	0.001	0.857	0.001
0.001	0.001	0.997	0.001
>TTAAGGCG	20-TTAAGGCG	6.437307	-264.535324	0	T:10057.0(13.16%),B:7997.0(10.53%),P:1e-114	Tpos:765.5,Tstd:976.2,Bpos:390.1,Bstd:242.9,StrandBias:-0.0,Multiplicity:1.15
0.001	0.001	0.001	0.997
0.001	0.001	0.001	0.997
0.950	0.001	0.048	0.001
0.997	0.001	0.001	0.001
0.001	0.278	0.720	0.001
0.001	0.001	0.997	0.001
0.001	0.997	0.001	0.001
0.001	0.280	0.672	0.047
>CGGGAATT	21-CGGGAATT	7.511766	-238.109268	0	T:7406.0(9.69%),B:5722.7(7.54%),P:1e-103	Tpos:763.4,Tstd:961.4,Bpos:384.4,Bstd:237.4,StrandBias:0.0,Multiplicity:1.10
0.049	0.894	0.015	0.042
0.023	0.160	0.628	0.189
0.068	0.085	0.802	0.045
0.052	0.044	0.899	0.005
0.754	0.172	0.050	0.024
0.765	0.097	0.080	0.058
0.060	0.113	0.213	0.614
0.043	0.083	0.227	0.647
>TGCTCTTA	22-TGCTCTTA	10.625358	-215.905996	0	T:6245.0(8.17%),B:4770.3(6.28%),P:1e-93	Tpos:754.6,Tstd:1024.7,Bpos:388.1,Bstd:240.6,StrandBias:-0.1,Multiplicity:1.11
0.001	0.042	0.001	0.956
0.001	0.001	0.997	0.001
0.001	0.997	0.001	0.001
0.001	0.001	0.001	0.997
0.001	0.997	0.001	0.001
0.001	0.001	0.001	0.997
0.001	0.001	0.001	0.997
0.669	0.329	0.001	0.001
>GAGCCATC	23-GAGCCATC	11.025370	-171.430849	0	T:7815.0(10.22%),B:6326.4(8.33%),P:1e-74	Tpos:740.2,Tstd:1036.6,Bpos:382.5,Bstd:238.1,StrandBias:-0.0,Multiplicity:1.14
0.001	0.001	0.997	0.001
0.997	0.001	0.001	0.001
0.001	0.001	0.997	0.001
0.001	0.997	0.001	0.001
0.001	0.997	0.001	0.001
0.957	0.001	0.041	0.001
0.001	0.001	0.001	0.997
0.001	0.997	0.001	0.001
>ATGTATGT	24-ATGTATGT	9.006618	-26.130056	0	T:6360.0(8.32%),B:5811.3(7.66%),P:1e-11	Tpos:717.0,Tstd:979.0,Bpos:392.7,Bstd:226.9,StrandBias:-0.1,Multiplicity:1.39
0.669	0.001	0.001	0.329
0.001	0.001	0.001	0.997
0.001	0.001	0.593	0.405
0.001	0.001	0.068	0.930
0.997	0.001	0.001	0.001
0.201	0.001	0.088	0.710
0.001	0.001	0.702	0.296
0.001	0.001	0.001	0.997
>AAAAAAAA	25-AAAAAAAA	8.236954	-20.219611	0	T:17885.0(23.40%),B:17079.5(22.50%),P:1e-8	Tpos:832.4,Tstd:1036.1,Bpos:384.7,Bstd:260.4,StrandBias:-0.0,Multiplicity:1.41
0.700	0.100	0.100	0.100
0.700	0.100	0.100	0.100
0.700	0.100	0.100	0.100
0.700	0.100	0.100	0.100
0.700	0.100	0.100	0.100
0.700	0.100	0.100	0.100
0.700	0.100	0.100	0.100
0.700	0.100	0.100	0.100
