>AATCGGAA	1-AATCGGAA	7.777044	-21.650228	0	T:43.0(13.61%),B:2248.7(4.65%),P:1e-9	Tpos:306.0,Tstd:350.4,Bpos:224.0,Bstd:143.5,StrandBias:0.5,Multiplicity:1.07
0.997	0.001	0.001	0.001
0.997	0.001	0.001	0.001
0.028	0.093	0.001	0.878
0.020	0.709	0.056	0.215
0.001	0.066	0.791	0.142
0.001	0.034	0.964	0.001
0.964	0.034	0.001	0.001
0.959	0.039	0.001	0.001
>GAACTGCT	2-GAACTGCT	7.711242	-16.631888	0	T:66.0(20.89%),B:5117.8(10.57%),P:1e-7	Tpos:281.4,Tstd:263.4,Bpos:231.2,Bstd:140.6,StrandBias:-0.4,Multiplicity:1.06
0.113	0.001	0.853	0.033
0.876	0.042	0.081	0.001
0.997	0.001	0.001	0.001
0.091	0.907	0.001	0.001
0.001	0.033	0.001	0.965
0.032	0.214	0.672	0.082
0.024	0.860	0.115	0.001
0.001	0.001	0.020	0.978
>TAGGCGTA	3-TAGGCGTA	6.581986	-14.351248	0	T:69.0(21.84%),B:5801.1(11.98%),P:1e-6	Tpos:473.0,Tstd:779.2,Bpos:226.7,Bstd:139.4,StrandBias:-0.5,Multiplicity:1.28
0.001	0.001	0.395	0.603
0.751	0.001	0.247	0.001
0.255	0.024	0.582	0.139
0.036	0.001	0.665	0.298
0.001	0.594	0.404	0.001
0.291	0.001	0.586	0.122
0.001	0.001	0.381	0.617
0.997	0.001	0.001	0.001
>TATGGCGA	4-TATGGCGA	8.236954	-14.030882	0	T:8.0(2.53%),B:109.8(0.23%),P:1e-6	Tpos:384.3,Tstd:501.9,Bpos:230.5,Bstd:153.5,StrandBias:1.4,Multiplicity:3.12
0.100	0.100	0.100	0.700
0.700	0.100	0.100	0.100
0.100	0.100	0.100	0.700
0.100	0.100	0.700	0.100
0.100	0.100	0.700	0.100
0.100	0.700	0.100	0.100
0.100	0.100	0.700	0.100
0.700	0.100	0.100	0.100
>TTTTCCGT	5-TTTTCCGT	5.525548	-10.895164	0	T:32.0(10.13%),B:2169.0(4.48%),P:1e-4	Tpos:300.2,Tstd:243.1,Bpos:228.7,Bstd:144.0,StrandBias:-0.8,Multiplicity:2.12
0.001	0.001	0.001	0.997
0.001	0.001	0.001	0.997
0.001	0.001	0.001	0.997
0.020	0.001	0.001	0.978
0.001	0.997	0.001	0.001
0.195	0.803	0.001	0.001
0.001	0.001	0.997	0.001
0.001	0.001	0.001	0.997
>AAAACGWG	6-AAAACGWG	9.352732	-9.971064	0	T:18.0(5.70%),B:921.6(1.90%),P:1e-4	Tpos:205.9,Tstd:150.5,Bpos:229.8,Bstd:157.2,StrandBias:1.2,Multiplicity:1.18
0.997	0.001	0.001	0.001
0.997	0.001	0.001	0.001
0.997	0.001	0.001	0.001
0.607	0.391	0.001	0.001
0.001	0.857	0.001	0.141
0.001	0.001	0.997	0.001
0.533	0.001	0.001	0.465
0.001	0.001	0.997	0.001
>GKAGGCCT	7-GKAGGCCT	7.198582	-8.502498	0	T:65.0(20.57%),B:6418.0(13.26%),P:1e-3	Tpos:513.4,Tstd:877.1,Bpos:231.3,Bstd:137.9,StrandBias:0.0,Multiplicity:1.18
0.229	0.114	0.458	0.199
0.216	0.005	0.325	0.455
0.892	0.001	0.106	0.001
0.001	0.003	0.768	0.228
0.001	0.090	0.871	0.038
0.003	0.855	0.103	0.039
0.010	0.988	0.001	0.001
0.002	0.001	0.055	0.942
>AGGTCCTA	8-AGGTCCTA	9.464872	-8.077469	0	T:13.0(4.11%),B:629.5(1.30%),P:1e-3	Tpos:281.1,Tstd:159.1,Bpos:225.1,Bstd:145.3,StrandBias:-1.8,Multiplicity:2.38
0.997	0.001	0.001	0.001
0.001	0.201	0.797	0.001
0.001	0.001	0.997	0.001
0.001	0.001	0.001	0.997
0.001	0.997	0.001	0.001
0.001	0.997	0.001	0.001
0.001	0.001	0.001	0.997
0.997	0.001	0.001	0.001
>GGAATATG	9-GGAATATG	9.595289	-6.964740	0	T:14.0(4.43%),B:801.7(1.66%),P:1e-3	Tpos:220.4,Tstd:190.0,Bpos:231.0,Bstd:139.4,StrandBias:1.2,Multiplicity:1.93
0.001	0.001	0.997	0.001
0.001	0.001	0.997	0.001
0.997	0.001	0.001	0.001
0.997	0.001	0.001	0.001
0.001	0.001	0.001	0.997
0.997	0.001	0.001	0.001
0.001	0.001	0.001	0.997
0.229	0.001	0.769	0.001
>CAATCATA	10-CAATCATA	6.198497	-6.023742	0	T:67.0(21.20%),B:7323.2(15.13%),P:1e-2	Tpos:705.0,Tstd:1058.7,Bpos:229.4,Bstd:138.7,StrandBias:-0.3,Multiplicity:2.01
0.043	0.738	0.058	0.161
0.856	0.036	0.040	0.068
0.845	0.075	0.034	0.046
0.031	0.180	0.050	0.739
0.264	0.548	0.085	0.103
0.842	0.081	0.017	0.060
0.083	0.061	0.056	0.800
0.649	0.079	0.055	0.217
>AAATGAGA	11-AAATGAGA	8.236954	-4.420502	0	T:14.0(4.43%),B:1074.6(2.22%),P:1e-1	Tpos:292.1,Tstd:199.7,Bpos:225.4,Bstd:138.9,StrandBias:1.5,Multiplicity:3.00
0.700	0.100	0.100	0.100
0.700	0.100	0.100	0.100
0.700	0.100	0.100	0.100
0.100	0.100	0.100	0.700
0.100	0.100	0.700	0.100
0.700	0.100	0.100	0.100
0.100	0.100	0.700	0.100
0.700	0.100	0.100	0.100
>TCTTTCTT	12-TCTTTCTT	8.236954	-0.212206	0	T:15.0(4.75%),B:2779.2(5.74%),P:1e0	Tpos:327.8,Tstd:174.3,Bpos:220.6,Bstd:136.3,StrandBias:2.3,Multiplicity:4.00
0.100	0.100	0.100	0.700
0.100	0.700	0.100	0.100
0.100	0.100	0.100	0.700
0.100	0.100	0.100	0.700
0.100	0.100	0.100	0.700
0.100	0.700	0.100	0.100
0.100	0.100	0.100	0.700
0.100	0.100	0.100	0.700
