>AGAGGGCG	1-AGAGGGCG	8.262111	-318.191454	0	T:4739.0(23.68%),B:4922.3(16.74%),P:1e-138	Tpos:342.4,Tstd:243.3,Bpos:254.2,Bstd:156.2,StrandBias:-0.0,Multiplicity:1.20
0.997	0.001	0.001	0.001
0.001	0.001	0.997	0.001
0.789	0.001	0.209	0.001
0.001	0.001	0.997	0.001
0.001	0.001	0.997	0.001
0.001	0.001	0.997	0.001
0.001	0.997	0.001	0.001
0.288	0.001	0.710	0.001
>GTCACGTG	2-GTCACGTG	9.706744	-307.697265	0	T:1201.0(6.00%),B:801.9(2.73%),P:1e-133	Tpos:373.5,Tstd:219.1,Bpos:239.7,Bstd:144.5,StrandBias:-0.0,Multiplicity:1.11
0.256	0.001	0.742	0.001
0.001	0.001	0.001	0.997
0.001	0.997	0.001	0.001
0.997	0.001	0.001	0.001
0.001	0.997	0.001	0.001
0.001	0.001	0.997	0.001
0.001	0.001	0.001	0.997
0.001	0.001	0.997	0.001
>GAATTCCG	3-GAATTCCG	4.968149	-142.471574	0	T:7707.0(38.51%),B:9674.2(32.91%),P:1e-61	Tpos:341.7,Tstd:265.6,Bpos:264.4,Bstd:168.2,StrandBias:-0.0,Multiplicity:1.40
0.122	0.095	0.673	0.110
0.666	0.140	0.114	0.080
0.797	0.071	0.047	0.085
0.108	0.041	0.024	0.827
0.052	0.148	0.072	0.728
0.020	0.841	0.072	0.067
0.077	0.735	0.132	0.056
0.079	0.110	0.736	0.075
>AGGGGCGT	4-AGGGGCGT	7.227272	-141.894476	0	T:4364.0(21.81%),B:5064.7(17.23%),P:1e-61	Tpos:375.4,Tstd:255.9,Bpos:249.4,Bstd:157.4,StrandBias:0.1,Multiplicity:1.35
0.896	0.055	0.001	0.048
0.086	0.016	0.820	0.078
0.032	0.001	0.966	0.001
0.026	0.030	0.933	0.011
0.024	0.036	0.915	0.025
0.001	0.930	0.001	0.068
0.001	0.001	0.924	0.074
0.017	0.030	0.200	0.753
>CACCTAGT	5-CACCTAGT	7.144498	-140.461137	0	T:2603.0(13.01%),B:2768.3(9.42%),P:1e-61	Tpos:316.0,Tstd:241.8,Bpos:268.6,Bstd:158.3,StrandBias:0.0,Multiplicity:1.08
0.012	0.965	0.011	0.012
0.902	0.079	0.018	0.001
0.001	0.788	0.041	0.170
0.001	0.970	0.012	0.017
0.001	0.036	0.001	0.962
0.793	0.001	0.127	0.079
0.001	0.036	0.921	0.042
0.021	0.053	0.019	0.907
>CGSNTTTD	6-CGSNTTTD	4.788522	-123.412792	0	T:9300.0(46.47%),B:12071.4(41.06%),P:1e-53	Tpos:356.0,Tstd:284.3,Bpos:265.1,Bstd:174.9,StrandBias:0.0,Multiplicity:1.61
0.028	0.839	0.132	0.001
0.001	0.001	0.997	0.001
0.001	0.432	0.566	0.001
0.252	0.236	0.221	0.291
0.179	0.183	0.181	0.457
0.106	0.271	0.001	0.622
0.286	0.001	0.231	0.482
0.292	0.128	0.248	0.333
>RCGHTWNM	7-RCGHTWNM	4.005417	-108.626691	0	T:7564.0(37.80%),B:9680.8(32.93%),P:1e-47	Tpos:356.3,Tstd:288.8,Bpos:264.3,Bstd:174.1,StrandBias:0.0,Multiplicity:1.43
0.343	0.079	0.379	0.199
0.001	0.997	0.001	0.001
0.043	0.001	0.955	0.001
0.334	0.296	0.163	0.207
0.243	0.180	0.155	0.423
0.415	0.193	0.089	0.303
0.300	0.180	0.257	0.263
0.366	0.246	0.176	0.212
>YCCGCCCT	8-YCCGCCCT	6.825844	-107.525800	0	T:5672.0(28.34%),B:7029.5(23.91%),P:1e-46	Tpos:362.5,Tstd:259.3,Bpos:263.4,Bstd:161.3,StrandBias:0.0,Multiplicity:1.37
0.042	0.458	0.001	0.500
0.159	0.770	0.070	0.001
0.001	0.721	0.277	0.001
0.398	0.001	0.600	0.001
0.001	0.834	0.086	0.079
0.058	0.793	0.001	0.148
0.213	0.675	0.015	0.097
0.159	0.030	0.001	0.810
>MGGTGTGG	9-MGGTGTGG	7.341061	-99.205678	0	T:3342.0(16.70%),B:3901.6(13.27%),P:1e-43	Tpos:340.7,Tstd:268.2,Bpos:268.0,Bstd:158.9,StrandBias:-0.1,Multiplicity:1.15
0.419	0.346	0.190	0.045
0.001	0.086	0.912	0.001
0.001	0.178	0.702	0.119
0.037	0.110	0.001	0.852
0.057	0.230	0.712	0.001
0.098	0.001	0.001	0.900
0.110	0.089	0.800	0.001
0.028	0.028	0.753	0.191
>CAAGGTCA	10-CAAGGTCA	6.568539	-94.686506	0	T:2516.0(12.57%),B:2833.3(9.64%),P:1e-41	Tpos:323.0,Tstd:259.3,Bpos:261.1,Bstd:163.6,StrandBias:0.1,Multiplicity:1.12
0.119	0.879	0.001	0.001
0.997	0.001	0.001	0.001
0.997	0.001	0.001	0.001
0.001	0.001	0.997	0.001
0.001	0.001	0.997	0.001
0.001	0.001	0.001	0.997
0.001	0.997	0.001	0.001
0.743	0.001	0.093	0.163
>CGGTTCCT	11-CGGTTCCT	4.104309	-92.360330	0	T:7558.0(37.77%),B:9784.6(33.28%),P:1e-40	Tpos:341.2,Tstd:269.1,Bpos:270.9,Bstd:170.8,StrandBias:0.0,Multiplicity:1.35
0.245	0.487	0.155	0.113
0.133	0.278	0.562	0.027
0.147	0.200	0.451	0.202
0.152	0.186	0.120	0.542
0.057	0.172	0.169	0.602
0.197	0.433	0.130	0.240
0.067	0.498	0.239	0.195
0.251	0.180	0.128	0.441
>AACAATAG	12-AACAATAG	9.546062	-76.231621	0	T:523.0(2.61%),B:433.6(1.47%),P:1e-33	Tpos:344.5,Tstd:245.5,Bpos:278.9,Bstd:169.8,StrandBias:0.1,Multiplicity:1.05
0.780	0.001	0.001	0.218
0.997	0.001	0.001	0.001
0.001	0.997	0.001	0.001
0.997	0.001	0.001	0.001
0.997	0.001	0.001	0.001
0.001	0.001	0.001	0.997
0.997	0.001	0.001	0.001
0.001	0.001	0.997	0.001
>SGAGRCTT	13-SGAGRCTT	6.131551	-74.868447	0	T:5466.0(27.31%),B:6956.5(23.66%),P:1e-32	Tpos:331.4,Tstd:269.3,Bpos:262.8,Bstd:164.7,StrandBias:-0.0,Multiplicity:1.22
0.007	0.544	0.422	0.027
0.093	0.272	0.634	0.001
0.843	0.047	0.022	0.088
0.068	0.038	0.887	0.007
0.404	0.077	0.296	0.223
0.037	0.588	0.121	0.254
0.031	0.126	0.037	0.806
0.125	0.110	0.074	0.691
>GCACTTAT	14-GCACTTAT	8.236954	-71.855608	0	T:276.0(1.38%),B:183.4(0.62%),P:1e-31	Tpos:344.5,Tstd:376.1,Bpos:272.6,Bstd:160.7,StrandBias:0.2,Multiplicity:1.01
0.100	0.100	0.700	0.100
0.100	0.700	0.100	0.100
0.700	0.100	0.100	0.100
0.100	0.700	0.100	0.100
0.100	0.100	0.100	0.700
0.100	0.100	0.100	0.700
0.700	0.100	0.100	0.100
0.100	0.100	0.100	0.700
>TGTAATGC	15-TGTAATGC	8.236954	-69.238571	0	T:284.0(1.42%),B:194.9(0.66%),P:1e-30	Tpos:376.9,Tstd:280.6,Bpos:273.9,Bstd:156.3,StrandBias:0.2,Multiplicity:1.06
0.100	0.100	0.100	0.700
0.100	0.100	0.700	0.100
0.100	0.100	0.100	0.700
0.700	0.100	0.100	0.100
0.700	0.100	0.100	0.100
0.100	0.100	0.100	0.700
0.100	0.100	0.700	0.100
0.100	0.700	0.100	0.100
>GCGTTAGT	16-GCGTTAGT	1.899465	-64.434795	0	T:5679.0(28.38%),B:7334.1(24.95%),P:1e-27	Tpos:333.5,Tstd:258.8,Bpos:266.2,Bstd:167.4,StrandBias:-0.0,Multiplicity:1.20
0.001	0.092	0.906	0.001
0.001	0.997	0.001	0.001
0.001	0.094	0.904	0.001
0.010	0.001	0.001	0.988
0.001	0.001	0.001	0.997
0.872	0.001	0.001	0.126
0.001	0.001	0.997	0.001
0.001	0.001	0.001	0.997
>GTTACCTA	17-GTTACCTA	9.599646	-64.118802	0	T:408.0(2.04%),B:330.5(1.12%),P:1e-27	Tpos:335.4,Tstd:247.3,Bpos:278.0,Bstd:164.4,StrandBias:-0.3,Multiplicity:1.01
0.230	0.001	0.768	0.001
0.001	0.001	0.001	0.997
0.001	0.001	0.001	0.997
0.997	0.001	0.001	0.001
0.001	0.997	0.001	0.001
0.001	0.997	0.001	0.001
0.001	0.001	0.001	0.997
0.997	0.001	0.001	0.001
>GAGGTTAC	18-GAGGTTAC	7.510468	-59.680972	0	T:779.0(3.89%),B:767.8(2.61%),P:1e-25	Tpos:330.8,Tstd:248.5,Bpos:267.7,Bstd:162.0,StrandBias:0.0,Multiplicity:1.03
0.001	0.001	0.997	0.001
0.997	0.001	0.001	0.001
0.001	0.083	0.915	0.001
0.001	0.001	0.997	0.001
0.001	0.342	0.001	0.656
0.001	0.001	0.001	0.997
0.997	0.001	0.001	0.001
0.001	0.997	0.001	0.001
>ATTTGCAT	19-ATTTGCAT	4.845646	-54.706110	0	T:1518.0(7.59%),B:1714.9(5.83%),P:1e-23	Tpos:342.4,Tstd:298.8,Bpos:263.9,Bstd:162.7,StrandBias:0.1,Multiplicity:1.12
0.997	0.001	0.001	0.001
0.001	0.001	0.001	0.997
0.001	0.038	0.001	0.960
0.001	0.001	0.001	0.997
0.001	0.001	0.997	0.001
0.052	0.946	0.001	0.001
0.997	0.001	0.001	0.001
0.001	0.001	0.001	0.997
>TTCCGTGA	20-TTCCGTGA	8.236954	-53.799376	0	T:207.0(1.03%),B:138.8(0.47%),P:1e-23	Tpos:350.1,Tstd:446.5,Bpos:262.2,Bstd:178.0,StrandBias:0.2,Multiplicity:1.02
0.100	0.100	0.100	0.700
0.100	0.100	0.100	0.700
0.100	0.700	0.100	0.100
0.100	0.700	0.100	0.100
0.100	0.100	0.700	0.100
0.100	0.100	0.100	0.700
0.100	0.100	0.700	0.100
0.700	0.100	0.100	0.100
>GTATTGCA	21-GTATTGCA	8.537658	-51.995599	0	T:746.0(3.73%),B:750.8(2.55%),P:1e-22	Tpos:304.6,Tstd:252.0,Bpos:261.6,Bstd:156.4,StrandBias:0.1,Multiplicity:1.04
0.267	0.001	0.626	0.106
0.001	0.001	0.001	0.997
0.997	0.001	0.001	0.001
0.001	0.250	0.001	0.748
0.001	0.001	0.001	0.997
0.001	0.001	0.997	0.001
0.001	0.997	0.001	0.001
0.997	0.001	0.001	0.001
>TAAAAGAG	22-TAAAAGAG	9.948464	-48.232022	0	T:1108.0(5.54%),B:1215.7(4.14%),P:1e-20	Tpos:329.8,Tstd:270.2,Bpos:258.1,Bstd:167.4,StrandBias:0.1,Multiplicity:1.08
0.001	0.001	0.001	0.997
0.672	0.001	0.326	0.001
0.997	0.001	0.001	0.001
0.997	0.001	0.001	0.001
0.997	0.001	0.001	0.001
0.001	0.001	0.997	0.001
0.997	0.001	0.001	0.001
0.001	0.001	0.997	0.001
>GTGTATGG	23-GTGTATGG	10.878229	-46.540192	0	T:371.0(1.85%),B:323.5(1.10%),P:1e-20	Tpos:333.0,Tstd:298.8,Bpos:266.9,Bstd:153.4,StrandBias:0.0,Multiplicity:1.04
0.001	0.001	0.997	0.001
0.001	0.001	0.001	0.997
0.141	0.001	0.857	0.001
0.001	0.001	0.001	0.997
0.997	0.001	0.001	0.001
0.001	0.001	0.001	0.997
0.001	0.037	0.961	0.001
0.001	0.001	0.997	0.001
>ATGCTCGA	24-ATGCTCGA	9.568739	-44.689718	0	T:215.0(1.07%),B:158.6(0.54%),P:1e-19	Tpos:314.9,Tstd:246.8,Bpos:280.8,Bstd:164.0,StrandBias:0.1,Multiplicity:1.01
0.775	0.001	0.001	0.223
0.001	0.001	0.001	0.997
0.001	0.001	0.997	0.001
0.001	0.997	0.001	0.001
0.001	0.001	0.001	0.997
0.001	0.997	0.001	0.001
0.001	0.001	0.997	0.001
0.997	0.001	0.001	0.001
>AAGCCTTT	25-AAGCCTTT	7.023968	-37.008896	0	T:4343.0(21.70%),B:5693.7(19.37%),P:1e-16	Tpos:325.6,Tstd:263.6,Bpos:262.9,Bstd:162.7,StrandBias:-0.0,Multiplicity:1.16
0.997	0.001	0.001	0.001
0.745	0.001	0.253	0.001
0.001	0.001	0.997	0.001
0.001	0.718	0.280	0.001
0.001	0.997	0.001	0.001
0.001	0.001	0.001	0.997
0.001	0.277	0.001	0.721
0.114	0.001	0.001	0.884
