>TGGAATGT	1-TGGAATGT	5.880870	-173.034037	0	T:567.0(28.67%),B:6009.0(12.95%),P:1e-75	Tpos:299.3,Tstd:296.7,Bpos:206.7,Bstd:130.6,StrandBias:0.2,Multiplicity:1.43
0.332	0.031	0.001	0.636
0.001	0.001	0.997	0.001
0.001	0.001	0.997	0.001
0.997	0.001	0.001	0.001
0.997	0.001	0.001	0.001
0.001	0.001	0.001	0.997
0.001	0.001	0.646	0.352
0.001	0.277	0.001	0.721
>RCGTTCYT	2-RCGTTCYT	5.854854	-97.568776	0	T:598.0(30.23%),B:8154.0(17.58%),P:1e-42	Tpos:275.1,Tstd:379.0,Bpos:210.7,Bstd:137.9,StrandBias:0.3,Multiplicity:1.15
0.403	0.090	0.463	0.045
0.022	0.956	0.021	0.001
0.341	0.001	0.657	0.001
0.001	0.028	0.322	0.649
0.295	0.096	0.001	0.608
0.001	0.624	0.272	0.103
0.001	0.504	0.001	0.494
0.290	0.175	0.001	0.534
>CCATAYAY	3-CCATAYAY	8.635668	-54.598566	0	T:108.0(5.46%),B:803.9(1.73%),P:1e-23	Tpos:283.8,Tstd:460.6,Bpos:213.4,Bstd:119.0,StrandBias:-0.5,Multiplicity:1.10
0.001	0.957	0.041	0.001
0.001	0.645	0.259	0.095
0.714	0.117	0.168	0.001
0.001	0.001	0.001	0.997
0.842	0.001	0.001	0.156
0.001	0.540	0.001	0.458
0.865	0.001	0.095	0.039
0.001	0.501	0.001	0.497
>TAAGTRAT	4-TAAGTRAT	10.355972	-41.385391	0	T:87.0(4.40%),B:678.8(1.46%),P:1e-17	Tpos:214.2,Tstd:167.6,Bpos:208.0,Bstd:133.8,StrandBias:-0.1,Multiplicity:1.29
0.001	0.001	0.001	0.997
0.997	0.001	0.001	0.001
0.997	0.001	0.001	0.001
0.001	0.001	0.997	0.001
0.001	0.001	0.001	0.997
0.490	0.001	0.508	0.001
0.997	0.001	0.001	0.001
0.001	0.001	0.001	0.997
>TGAGATTT	5-TGAGATTT	8.556016	-36.469632	0	T:94.0(4.75%),B:835.2(1.80%),P:1e-15	Tpos:209.8,Tstd:146.6,Bpos:215.9,Bstd:133.9,StrandBias:-0.2,Multiplicity:1.01
0.001	0.001	0.001	0.997
0.001	0.001	0.997	0.001
0.917	0.081	0.001	0.001
0.001	0.001	0.997	0.001
0.997	0.001	0.001	0.001
0.001	0.001	0.001	0.997
0.001	0.001	0.001	0.997
0.001	0.001	0.001	0.997
>GGCCTARA	6-GGCCTARA	6.590593	-35.836903	0	T:454.0(22.95%),B:7385.5(15.92%),P:1e-15	Tpos:293.0,Tstd:353.7,Bpos:209.6,Bstd:134.6,StrandBias:-0.1,Multiplicity:1.18
0.241	0.125	0.541	0.093
0.001	0.056	0.786	0.157
0.001	0.997	0.001	0.001
0.057	0.578	0.364	0.001
0.001	0.001	0.347	0.651
0.997	0.001	0.001	0.001
0.457	0.097	0.445	0.001
0.841	0.157	0.001	0.001
>GAAGTCTG	7-GAAGTCTG	4.078894	-34.604981	0	T:511.0(25.83%),B:8608.1(18.56%),P:1e-15	Tpos:272.9,Tstd:353.1,Bpos:213.4,Bstd:130.8,StrandBias:0.0,Multiplicity:1.17
0.396	0.001	0.602	0.001
0.783	0.001	0.176	0.040
0.997	0.001	0.001	0.001
0.001	0.001	0.997	0.001
0.001	0.001	0.001	0.997
0.156	0.842	0.001	0.001
0.001	0.001	0.045	0.953
0.001	0.001	0.997	0.001
>GCTAARCT	8-GCTAARCT	7.722459	-33.111382	0	T:195.0(9.86%),B:2531.6(5.46%),P:1e-14	Tpos:238.1,Tstd:344.0,Bpos:214.1,Bstd:132.0,StrandBias:0.0,Multiplicity:1.23
0.001	0.161	0.587	0.251
0.001	0.837	0.001	0.161
0.001	0.001	0.250	0.748
0.997	0.001	0.001	0.001
0.997	0.001	0.001	0.001
0.431	0.205	0.363	0.001
0.001	0.929	0.069	0.001
0.001	0.161	0.001	0.837
>TTATAATA	9-TTATAATA	9.317111	-32.369905	0	T:108.0(5.46%),B:1105.6(2.38%),P:1e-14	Tpos:220.3,Tstd:167.8,Bpos:210.6,Bstd:130.7,StrandBias:0.1,Multiplicity:1.33
0.001	0.408	0.001	0.590
0.001	0.001	0.001	0.997
0.997	0.001	0.001	0.001
0.001	0.293	0.243	0.463
0.997	0.001	0.001	0.001
0.997	0.001	0.001	0.001
0.001	0.001	0.001	0.997
0.997	0.001	0.001	0.001
>MATTCWGA	10-MATTCWGA	8.402481	-31.761644	0	T:183.0(9.25%),B:2357.5(5.08%),P:1e-13	Tpos:280.0,Tstd:348.7,Bpos:210.8,Bstd:129.6,StrandBias:0.1,Multiplicity:1.07
0.396	0.454	0.001	0.149
0.836	0.001	0.017	0.146
0.001	0.049	0.001	0.949
0.013	0.001	0.050	0.936
0.016	0.890	0.093	0.001
0.357	0.104	0.060	0.479
0.001	0.001	0.849	0.149
0.748	0.001	0.001	0.250
>CGTTAKTC	11-CGTTAKTC	7.431246	-31.221062	0	T:104.0(5.26%),B:1064.0(2.29%),P:1e-13	Tpos:334.9,Tstd:642.2,Bpos:210.9,Bstd:131.8,StrandBias:0.2,Multiplicity:1.06
0.215	0.783	0.001	0.001
0.372	0.001	0.626	0.001
0.001	0.109	0.215	0.675
0.001	0.001	0.001	0.997
0.867	0.026	0.106	0.001
0.106	0.001	0.521	0.372
0.109	0.137	0.001	0.753
0.026	0.836	0.001	0.137
>TTTGCGTC	12-TTTGCGTC	4.939268	-31.173591	0	T:641.0(32.41%),B:11535.8(24.87%),P:1e-13	Tpos:305.4,Tstd:410.0,Bpos:210.0,Bstd:135.8,StrandBias:0.1,Multiplicity:1.28
0.068	0.074	0.088	0.770
0.034	0.083	0.044	0.839
0.085	0.068	0.042	0.805
0.088	0.136	0.639	0.137
0.081	0.827	0.078	0.014
0.097	0.070	0.767	0.066
0.093	0.149	0.058	0.700
0.146	0.662	0.103	0.089
>TATGGGAG	13-TATGGGAG	8.475881	-30.641315	0	T:78.0(3.94%),B:691.3(1.49%),P:1e-13	Tpos:236.3,Tstd:191.5,Bpos:209.3,Bstd:124.1,StrandBias:0.3,Multiplicity:1.03
0.001	0.001	0.001	0.997
0.997	0.001	0.001	0.001
0.001	0.001	0.001	0.997
0.001	0.001	0.997	0.001
0.001	0.089	0.909	0.001
0.001	0.001	0.997	0.001
0.916	0.082	0.001	0.001
0.001	0.001	0.997	0.001
>TCTACTAA	14-TCTACTAA	9.036764	-30.222732	0	T:53.0(2.68%),B:367.8(0.79%),P:1e-13	Tpos:253.3,Tstd:383.4,Bpos:222.3,Bstd:137.2,StrandBias:-0.4,Multiplicity:1.00
0.001	0.001	0.001	0.997
0.001	0.997	0.001	0.001
0.001	0.001	0.001	0.997
0.997	0.001	0.001	0.001
0.001	0.997	0.001	0.001
0.001	0.001	0.131	0.867
0.997	0.001	0.001	0.001
0.997	0.001	0.001	0.001
>GCCGATTC	15-GCCGATTC	6.338196	-29.440414	0	T:303.0(15.32%),B:4659.3(10.04%),P:1e-12	Tpos:277.4,Tstd:423.2,Bpos:213.0,Bstd:133.1,StrandBias:-0.1,Multiplicity:1.12
0.093	0.025	0.881	0.001
0.001	0.972	0.001	0.026
0.062	0.936	0.001	0.001
0.052	0.052	0.660	0.236
0.793	0.001	0.166	0.040
0.049	0.102	0.001	0.848
0.031	0.046	0.001	0.922
0.001	0.984	0.001	0.014
>TSATTCRC	16-TSATTCRC	6.055107	-29.177997	0	T:648.0(32.76%),B:11803.2(25.44%),P:1e-12	Tpos:276.0,Tstd:303.7,Bpos:210.4,Bstd:127.9,StrandBias:-0.0,Multiplicity:1.30
0.104	0.190	0.001	0.705
0.001	0.435	0.563	0.001
0.801	0.001	0.001	0.197
0.132	0.204	0.184	0.481
0.001	0.020	0.001	0.978
0.001	0.942	0.056	0.001
0.482	0.185	0.332	0.001
0.001	0.533	0.323	0.143
>TTACTATC	17-TTACTATC	10.556829	-28.627595	0	T:40.0(2.02%),B:232.0(0.50%),P:1e-12	Tpos:306.3,Tstd:678.3,Bpos:226.0,Bstd:143.2,StrandBias:-0.3,Multiplicity:1.05
0.001	0.001	0.001	0.997
0.001	0.399	0.001	0.599
0.997	0.001	0.001	0.001
0.001	0.997	0.001	0.001
0.001	0.001	0.001	0.997
0.997	0.001	0.001	0.001
0.001	0.001	0.001	0.997
0.001	0.997	0.001	0.001
>ACGTSGCT	18-ACGTSGCT	6.430256	-28.163024	0	T:264.0(13.35%),B:3959.0(8.53%),P:1e-12	Tpos:231.4,Tstd:192.2,Bpos:216.9,Bstd:133.8,StrandBias:0.3,Multiplicity:1.09
0.872	0.010	0.059	0.059
0.097	0.767	0.135	0.001
0.016	0.060	0.727	0.197
0.008	0.001	0.321	0.670
0.003	0.499	0.436	0.062
0.053	0.001	0.661	0.285
0.360	0.623	0.016	0.001
0.053	0.020	0.024	0.903
>CTAACTCT	19-CTAACTCT	10.561218	-27.669209	0	T:69.0(3.49%),B:606.3(1.31%),P:1e-12	Tpos:223.5,Tstd:301.7,Bpos:216.2,Bstd:131.8,StrandBias:-0.1,Multiplicity:1.00
0.001	0.997	0.001	0.001
0.001	0.001	0.001	0.997
0.997	0.001	0.001	0.001
0.665	0.001	0.001	0.333
0.001	0.997	0.001	0.001
0.001	0.001	0.001	0.997
0.001	0.997	0.001	0.001
0.001	0.001	0.096	0.902
>CGTTTAAC	20-CGTTTAAC	5.325032	-26.767370	0	T:419.0(21.18%),B:7100.3(15.31%),P:1e-11	Tpos:306.5,Tstd:399.9,Bpos:211.9,Bstd:138.2,StrandBias:0.1,Multiplicity:1.22
0.001	0.824	0.174	0.001
0.041	0.001	0.849	0.109
0.100	0.189	0.251	0.460
0.079	0.265	0.094	0.562
0.096	0.071	0.056	0.777
0.885	0.006	0.077	0.032
0.719	0.156	0.069	0.056
0.166	0.559	0.274	0.001
>GCCTGATT	21-GCCTGATT	8.236954	-25.751354	0	T:53.0(2.68%),B:414.2(0.89%),P:1e-11	Tpos:214.7,Tstd:140.7,Bpos:203.0,Bstd:126.9,StrandBias:-0.2,Multiplicity:1.00
0.100	0.100	0.700	0.100
0.100	0.700	0.100	0.100
0.100	0.700	0.100	0.100
0.100	0.100	0.100	0.700
0.100	0.100	0.700	0.100
0.700	0.100	0.100	0.100
0.100	0.100	0.100	0.700
0.100	0.100	0.100	0.700
>ATGTAGTA	22-ATGTAGTA	9.546062	-25.135830	0	T:63.0(3.19%),B:557.3(1.20%),P:1e-10	Tpos:239.8,Tstd:251.8,Bpos:218.2,Bstd:124.8,StrandBias:0.3,Multiplicity:1.00
0.780	0.001	0.218	0.001
0.001	0.001	0.001	0.997
0.001	0.001	0.997	0.001
0.001	0.001	0.001	0.997
0.997	0.001	0.001	0.001
0.001	0.001	0.997	0.001
0.001	0.001	0.001	0.997
0.997	0.001	0.001	0.001
>CTAGCGGC	23-CTAGCGGC	7.214117	-24.274111	0	T:253.0(12.79%),B:3898.8(8.40%),P:1e-10	Tpos:271.6,Tstd:351.4,Bpos:208.2,Bstd:134.0,StrandBias:0.2,Multiplicity:1.11
0.001	0.997	0.001	0.001
0.280	0.001	0.001	0.718
0.997	0.001	0.001	0.001
0.001	0.001	0.997	0.001
0.067	0.931	0.001	0.001
0.001	0.261	0.692	0.046
0.137	0.001	0.660	0.202
0.001	0.952	0.001	0.046
>TATCTCTC	24-TATCTCTC	8.236954	-20.596943	0	T:58.0(2.93%),B:552.6(1.19%),P:1e-8	Tpos:204.6,Tstd:146.6,Bpos:203.0,Bstd:124.2,StrandBias:-0.3,Multiplicity:1.00
0.100	0.100	0.100	0.700
0.700	0.100	0.100	0.100
0.100	0.100	0.100	0.700
0.100	0.700	0.100	0.100
0.100	0.100	0.100	0.700
0.100	0.700	0.100	0.100
0.100	0.100	0.100	0.700
0.100	0.700	0.100	0.100
>TTTCCCGC	25-TTTCCCGC	7.365958	-18.859266	0	T:198.0(10.01%),B:3059.1(6.59%),P:1e-8	Tpos:244.4,Tstd:184.1,Bpos:212.8,Bstd:136.6,StrandBias:-0.0,Multiplicity:1.10
0.001	0.034	0.034	0.931
0.055	0.093	0.022	0.830
0.007	0.053	0.001	0.939
0.055	0.927	0.017	0.001
0.108	0.745	0.023	0.124
0.034	0.929	0.001	0.036
0.089	0.001	0.909	0.001
0.001	0.961	0.037	0.001
