>ACATTCCT	1-ACATTCCT	7.469635	-888.922746	0	T:2754.0(23.59%),B:3789.5(10.11%),P:1e-386	Tpos:340.3,Tstd:228.8,Bpos:245.0,Bstd:145.9,StrandBias:0.0,Multiplicity:1.29
0.578	0.038	0.345	0.039
0.127	0.781	0.088	0.004
0.865	0.021	0.022	0.092
0.079	0.039	0.014	0.868
0.026	0.005	0.039	0.930
0.016	0.906	0.016	0.062
0.001	0.797	0.001	0.201
0.197	0.060	0.275	0.467
>CCTTKAAT	2-CCTTKAAT	7.267717	-476.581192	0	T:4054.0(34.73%),B:8338.8(22.24%),P:1e-206	Tpos:315.3,Tstd:237.5,Bpos:242.7,Bstd:153.1,StrandBias:0.0,Multiplicity:1.75
0.001	0.989	0.009	0.001
0.001	0.997	0.001	0.001
0.001	0.001	0.001	0.997
0.020	0.005	0.126	0.849
0.001	0.011	0.534	0.454
0.997	0.001	0.001	0.001
0.987	0.011	0.001	0.001
0.001	0.336	0.001	0.662
>DCCACRCC	3-DCCACRCC	8.178724	-412.120884	0	T:2151.0(18.43%),B:3650.9(9.74%),P:1e-178	Tpos:311.5,Tstd:232.0,Bpos:237.2,Bstd:146.6,StrandBias:0.0,Multiplicity:1.18
0.346	0.001	0.376	0.278
0.072	0.812	0.088	0.028
0.087	0.911	0.001	0.001
0.927	0.071	0.001	0.001
0.176	0.822	0.001	0.001
0.378	0.152	0.469	0.001
0.001	0.847	0.151	0.001
0.101	0.871	0.027	0.001
>AACCCTGT	4-AACCCTGT	8.236954	-396.075749	0	T:1676.0(14.36%),B:2591.0(6.91%),P:1e-172	Tpos:292.4,Tstd:244.7,Bpos:243.4,Bstd:157.9,StrandBias:0.0,Multiplicity:1.07
0.700	0.100	0.100	0.100
0.700	0.100	0.100	0.100
0.100	0.700	0.100	0.100
0.100	0.700	0.100	0.100
0.100	0.700	0.100	0.100
0.100	0.100	0.100	0.700
0.100	0.100	0.700	0.100
0.100	0.100	0.100	0.700
>CGGAATTC	5-CGGAATTC	7.038883	-330.237138	0	T:2594.0(22.22%),B:5067.7(13.52%),P:1e-143	Tpos:309.1,Tstd:229.6,Bpos:244.0,Bstd:153.2,StrandBias:-0.0,Multiplicity:1.14
0.158	0.631	0.064	0.147
0.306	0.041	0.529	0.124
0.064	0.060	0.856	0.020
0.909	0.030	0.047	0.014
0.837	0.031	0.024	0.108
0.234	0.029	0.042	0.695
0.023	0.061	0.069	0.847
0.026	0.698	0.084	0.192
>TAGACYTG	6-TAGACYTG	7.959513	-288.592855	0	T:2784.0(23.85%),B:5761.7(15.37%),P:1e-125	Tpos:299.5,Tstd:228.2,Bpos:240.8,Bstd:156.7,StrandBias:0.0,Multiplicity:1.44
0.001	0.001	0.001	0.997
0.881	0.117	0.001	0.001
0.001	0.001	0.997	0.001
0.496	0.239	0.265	0.001
0.001	0.896	0.001	0.102
0.001	0.526	0.001	0.472
0.374	0.001	0.029	0.596
0.255	0.001	0.743	0.001
>GAGGCAAA	7-GAGGCAAA	9.476476	-172.949157	0	T:2365.0(20.26%),B:5256.3(14.02%),P:1e-75	Tpos:297.8,Tstd:230.3,Bpos:245.0,Bstd:150.2,StrandBias:0.0,Multiplicity:1.15
0.001	0.001	0.997	0.001
0.997	0.001	0.001	0.001
0.001	0.001	0.997	0.001
0.001	0.001	0.997	0.001
0.001	0.997	0.001	0.001
0.706	0.292	0.001	0.001
0.589	0.001	0.409	0.001
0.700	0.001	0.298	0.001
>AAATTCCT	8-AAATTCCT	8.139571	-166.795732	0	T:1934.0(16.57%),B:4122.5(11.00%),P:1e-72	Tpos:326.3,Tstd:241.5,Bpos:240.3,Bstd:146.4,StrandBias:0.1,Multiplicity:1.20
0.997	0.001	0.001	0.001
0.801	0.001	0.148	0.050
0.829	0.169	0.001	0.001
0.001	0.001	0.001	0.997
0.001	0.001	0.001	0.997
0.001	0.997	0.001	0.001
0.001	0.848	0.001	0.150
0.001	0.094	0.001	0.904
>ATAAGTGC	9-ATAAGTGC	8.236954	-161.744214	0	T:284.0(2.43%),B:256.6(0.68%),P:1e-70	Tpos:290.0,Tstd:334.2,Bpos:235.7,Bstd:143.5,StrandBias:0.1,Multiplicity:1.01
0.700	0.100	0.100	0.100
0.100	0.100	0.100	0.700
0.700	0.100	0.100	0.100
0.700	0.100	0.100	0.100
0.100	0.100	0.700	0.100
0.100	0.100	0.100	0.700
0.100	0.100	0.700	0.100
0.100	0.700	0.100	0.100
>ATTAAGGG	10-ATTAAGGG	9.729912	-149.965812	0	T:548.0(4.69%),B:776.1(2.07%),P:1e-65	Tpos:299.5,Tstd:220.6,Bpos:235.5,Bstd:144.7,StrandBias:0.1,Multiplicity:1.01
0.997	0.001	0.001	0.001
0.001	0.001	0.001	0.997
0.001	0.001	0.001	0.997
0.736	0.001	0.262	0.001
0.997	0.001	0.001	0.001
0.001	0.001	0.997	0.001
0.001	0.001	0.997	0.001
0.001	0.001	0.997	0.001
>AAAAACAA	11-AAAAACAA	7.952832	-147.874407	0	T:3944.0(33.78%),B:9993.8(26.66%),P:1e-64	Tpos:296.2,Tstd:247.2,Bpos:240.2,Bstd:167.8,StrandBias:0.0,Multiplicity:2.86
0.608	0.390	0.001	0.001
0.826	0.172	0.001	0.001
0.997	0.001	0.001	0.001
0.997	0.001	0.001	0.001
0.761	0.237	0.001	0.001
0.170	0.828	0.001	0.001
0.802	0.196	0.001	0.001
0.826	0.171	0.002	0.001
>ASTRCTGG	12-ASTRCTGG	8.209448	-143.645202	0	T:1998.0(17.11%),B:4433.7(11.83%),P:1e-62	Tpos:301.6,Tstd:228.8,Bpos:241.9,Bstd:152.6,StrandBias:0.0,Multiplicity:1.10
0.971	0.001	0.027	0.001
0.087	0.409	0.414	0.090
0.067	0.001	0.001	0.931
0.441	0.215	0.300	0.044
0.001	0.902	0.022	0.075
0.001	0.049	0.078	0.872
0.163	0.116	0.665	0.056
0.001	0.043	0.955	0.001
>TCACTYTG	13-TCACTYTG	10.303604	-136.719448	0	T:1743.0(14.93%),B:3784.3(10.09%),P:1e-59	Tpos:307.0,Tstd:236.4,Bpos:242.8,Bstd:153.3,StrandBias:0.1,Multiplicity:1.08
0.001	0.001	0.001	0.997
0.001	0.997	0.001	0.001
0.997	0.001	0.001	0.001
0.001	0.997	0.001	0.001
0.001	0.001	0.001	0.997
0.001	0.465	0.001	0.533
0.001	0.001	0.001	0.997
0.001	0.001	0.997	0.001
>TTAGCTAT	14-TTAGCTAT	8.236954	-133.109295	0	T:303.0(2.60%),B:329.7(0.88%),P:1e-57	Tpos:278.5,Tstd:224.0,Bpos:239.5,Bstd:139.8,StrandBias:-0.2,Multiplicity:1.05
0.100	0.100	0.100	0.700
0.100	0.100	0.100	0.700
0.700	0.100	0.100	0.100
0.100	0.100	0.700	0.100
0.100	0.700	0.100	0.100
0.100	0.100	0.100	0.700
0.700	0.100	0.100	0.100
0.100	0.100	0.100	0.700
>ATGTCAAA	15-ATGTCAAA	8.236954	-132.456521	0	T:436.0(3.73%),B:586.5(1.56%),P:1e-57	Tpos:294.4,Tstd:237.1,Bpos:234.4,Bstd:147.4,StrandBias:0.2,Multiplicity:1.03
0.700	0.100	0.100	0.100
0.100	0.100	0.100	0.700
0.100	0.100	0.700	0.100
0.100	0.100	0.100	0.700
0.100	0.700	0.100	0.100
0.700	0.100	0.100	0.100
0.700	0.100	0.100	0.100
0.700	0.100	0.100	0.100
>CASAGATC	16-CASAGATC	10.216006	-131.838936	0	T:1059.0(9.07%),B:2028.6(5.41%),P:1e-57	Tpos:285.6,Tstd:221.3,Bpos:244.5,Bstd:143.8,StrandBias:-0.1,Multiplicity:1.04
0.001	0.997	0.001	0.001
0.997	0.001	0.001	0.001
0.001	0.572	0.426	0.001
0.997	0.001	0.001	0.001
0.001	0.001	0.997	0.001
0.997	0.001	0.001	0.001
0.001	0.001	0.001	0.997
0.001	0.997	0.001	0.001
>GGAGCATT	17-GGAGCATT	8.236954	-116.505735	0	T:335.0(2.87%),B:419.4(1.12%),P:1e-50	Tpos:301.6,Tstd:229.0,Bpos:241.3,Bstd:137.1,StrandBias:0.1,Multiplicity:1.01
0.100	0.100	0.700	0.100
0.100	0.100	0.700	0.100
0.700	0.100	0.100	0.100
0.100	0.100	0.700	0.100
0.100	0.700	0.100	0.100
0.700	0.100	0.100	0.100
0.100	0.100	0.100	0.700
0.100	0.100	0.100	0.700
>CGYSTGCC	18-CGYSTGCC	8.434461	-111.882328	0	T:1092.0(9.35%),B:2207.2(5.89%),P:1e-48	Tpos:301.5,Tstd:247.3,Bpos:243.9,Bstd:158.7,StrandBias:-0.0,Multiplicity:1.11
0.169	0.686	0.143	0.002
0.001	0.001	0.997	0.001
0.001	0.464	0.001	0.534
0.060	0.429	0.435	0.075
0.057	0.001	0.001	0.941
0.047	0.001	0.910	0.042
0.114	0.657	0.001	0.228
0.024	0.917	0.022	0.037
>TCTGAATG	19-TCTGAATG	8.236954	-106.891130	0	T:501.0(4.29%),B:792.7(2.11%),P:1e-46	Tpos:289.2,Tstd:239.1,Bpos:244.2,Bstd:141.9,StrandBias:0.1,Multiplicity:1.04
0.100	0.100	0.100	0.700
0.100	0.700	0.100	0.100
0.100	0.100	0.100	0.700
0.100	0.100	0.700	0.100
0.700	0.100	0.100	0.100
0.700	0.100	0.100	0.100
0.100	0.100	0.100	0.700
0.100	0.100	0.700	0.100
>GACTAAGT	20-GACTAAGT	8.236954	-104.235592	0	T:251.0(2.15%),B:283.2(0.76%),P:1e-45	Tpos:267.4,Tstd:204.6,Bpos:239.4,Bstd:148.2,StrandBias:-0.1,Multiplicity:1.00
0.100	0.100	0.700	0.100
0.700	0.100	0.100	0.100
0.100	0.700	0.100	0.100
0.100	0.100	0.100	0.700
0.700	0.100	0.100	0.100
0.700	0.100	0.100	0.100
0.100	0.100	0.700	0.100
0.100	0.100	0.100	0.700
>TTATACAG	21-TTATACAG	5.282986	-91.850635	0	T:563.0(4.82%),B:985.6(2.63%),P:1e-39	Tpos:277.8,Tstd:236.3,Bpos:244.0,Bstd:146.8,StrandBias:0.0,Multiplicity:1.03
0.001	0.001	0.001	0.997
0.001	0.001	0.001	0.997
0.997	0.001	0.001	0.001
0.001	0.001	0.001	0.997
0.845	0.001	0.153	0.001
0.001	0.997	0.001	0.001
0.978	0.001	0.020	0.001
0.001	0.001	0.997	0.001
>GTCGAGTC	22-GTCGAGTC	8.736278	-87.932520	0	T:158.0(1.35%),B:146.9(0.39%),P:1e-38	Tpos:241.4,Tstd:197.7,Bpos:260.4,Bstd:170.0,StrandBias:0.2,Multiplicity:1.01
0.001	0.001	0.997	0.001
0.001	0.001	0.001	0.997
0.001	0.997	0.001	0.001
0.001	0.001	0.997	0.001
0.997	0.001	0.001	0.001
0.097	0.001	0.901	0.001
0.001	0.001	0.001	0.997
0.001	0.997	0.001	0.001
>CTAAGCTT	23-CTAAGCTT	10.862298	-76.796845	0	T:314.0(2.69%),B:469.5(1.25%),P:1e-33	Tpos:322.1,Tstd:236.3,Bpos:250.9,Bstd:138.5,StrandBias:0.1,Multiplicity:1.09
0.001	0.997	0.001	0.001
0.001	0.001	0.001	0.997
0.997	0.001	0.001	0.001
0.813	0.001	0.001	0.185
0.001	0.001	0.997	0.001
0.001	0.997	0.001	0.001
0.001	0.001	0.001	0.997
0.001	0.001	0.001	0.997
>TCGAGCAT	24-TCGAGCAT	8.236954	-68.951637	0	T:108.0(0.93%),B:90.7(0.24%),P:1e-29	Tpos:222.3,Tstd:228.4,Bpos:258.4,Bstd:136.0,StrandBias:-0.1,Multiplicity:1.01
0.100	0.100	0.100	0.700
0.100	0.700	0.100	0.100
0.100	0.100	0.700	0.100
0.700	0.100	0.100	0.100
0.100	0.100	0.700	0.100
0.100	0.700	0.100	0.100
0.700	0.100	0.100	0.100
0.100	0.100	0.100	0.700
>TTGCTTTA	25-TTGCTTTA	8.236954	-60.982579	0	T:435.0(3.73%),B:801.2(2.14%),P:1e-26	Tpos:266.5,Tstd:230.2,Bpos:245.6,Bstd:143.5,StrandBias:-0.0,Multiplicity:1.25
0.100	0.100	0.100	0.700
0.100	0.100	0.100	0.700
0.100	0.100	0.700	0.100
0.100	0.700	0.100	0.100
0.100	0.100	0.100	0.700
0.100	0.100	0.100	0.700
0.100	0.100	0.100	0.700
0.700	0.100	0.100	0.100
