>GRCGTAAH	1-GRCGTAAH	3.657443	-34.295512	0	T:379.0(67.20%),B:23869.4(50.63%),P:1e-14	Tpos:295.0,Tstd:550.4,Bpos:174.0,Bstd:124.3,StrandBias:0.0,Multiplicity:1.81
0.128	0.121	0.509	0.242
0.265	0.199	0.350	0.186
0.035	0.797	0.001	0.167
0.066	0.258	0.621	0.055
0.205	0.086	0.230	0.478
0.474	0.196	0.244	0.085
0.434	0.131	0.245	0.189
0.322	0.252	0.117	0.309
>TATGGCGA	2-TATGGCGA	10.888999	-34.020646	0	T:17.0(3.01%),B:87.0(0.18%),P:1e-14	Tpos:440.6,Tstd:464.5,Bpos:166.8,Bstd:141.6,StrandBias:1.1,Multiplicity:2.59
0.001	0.001	0.001	0.997
0.997	0.001	0.001	0.001
0.001	0.001	0.001	0.997
0.001	0.001	0.997	0.001
0.001	0.001	0.997	0.001
0.001	0.997	0.001	0.001
0.163	0.001	0.835	0.001
0.997	0.001	0.001	0.001
>GGCGGRRY	3-GGCGGRRY	8.262369	-29.581295	0	T:131.0(23.23%),B:5694.2(12.08%),P:1e-12	Tpos:190.7,Tstd:311.4,Bpos:164.4,Bstd:121.0,StrandBias:-0.1,Multiplicity:1.44
0.034	0.001	0.964	0.001
0.001	0.112	0.886	0.001
0.001	0.634	0.001	0.364
0.001	0.025	0.973	0.001
0.012	0.001	0.897	0.090
0.572	0.001	0.426	0.001
0.441	0.001	0.557	0.001
0.006	0.497	0.001	0.496
>CGCGATTA	4-CGCGATTA	4.661587	-21.706183	0	T:212.0(37.59%),B:12122.1(25.71%),P:1e-9	Tpos:382.2,Tstd:715.6,Bpos:179.1,Bstd:127.1,StrandBias:-0.3,Multiplicity:1.43
0.076	0.726	0.116	0.082
0.001	0.096	0.822	0.081
0.088	0.779	0.090	0.043
0.090	0.176	0.618	0.116
0.616	0.140	0.150	0.094
0.086	0.168	0.106	0.640
0.154	0.045	0.051	0.750
0.691	0.039	0.034	0.236
>TCTTTCGT	5-TCTTTCGT	7.334325	-21.224531	0	T:61.0(10.82%),B:2138.5(4.54%),P:1e-9	Tpos:411.1,Tstd:772.2,Bpos:172.2,Bstd:127.5,StrandBias:0.4,Multiplicity:1.10
0.001	0.144	0.001	0.854
0.001	0.755	0.001	0.243
0.001	0.001	0.001	0.997
0.001	0.029	0.001	0.969
0.001	0.257	0.051	0.691
0.001	0.997	0.001	0.001
0.001	0.001	0.939	0.059
0.031	0.182	0.001	0.786
>ATTCGCGT	6-ATTCGCGT	4.160272	-19.990941	0	T:224.0(39.72%),B:13260.4(28.13%),P:1e-8	Tpos:312.1,Tstd:622.1,Bpos:181.2,Bstd:129.5,StrandBias:-0.1,Multiplicity:1.29
0.502	0.222	0.273	0.003
0.299	0.015	0.170	0.516
0.267	0.131	0.094	0.508
0.269	0.554	0.001	0.176
0.001	0.134	0.677	0.188
0.106	0.470	0.227	0.197
0.149	0.182	0.564	0.105
0.363	0.001	0.081	0.555
>ATCMCGCC	7-ATCMCGCC	7.818088	-17.889499	0	T:132.0(23.40%),B:6863.0(14.56%),P:1e-7	Tpos:218.5,Tstd:316.0,Bpos:164.2,Bstd:119.2,StrandBias:0.4,Multiplicity:1.38
0.869	0.001	0.123	0.007
0.001	0.279	0.003	0.717
0.001	0.936	0.020	0.043
0.490	0.508	0.001	0.001
0.001	0.997	0.001	0.001
0.001	0.001	0.997	0.001
0.015	0.946	0.038	0.001
0.001	0.997	0.001	0.001
>GCCAATCA	8-GCCAATCA	3.592183	-14.765426	0	T:110.0(19.50%),B:5722.7(12.14%),P:1e-6	Tpos:315.1,Tstd:644.7,Bpos:152.7,Bstd:107.6,StrandBias:0.1,Multiplicity:1.43
0.081	0.095	0.823	0.001
0.001	0.997	0.001	0.001
0.001	0.997	0.001	0.001
0.997	0.001	0.001	0.001
0.997	0.001	0.001	0.001
0.001	0.001	0.001	0.997
0.244	0.754	0.001	0.001
0.746	0.001	0.252	0.001
>AGCGACGT	9-AGCGACGT	6.585527	-14.739369	0	T:63.0(11.17%),B:2688.4(5.70%),P:1e-6	Tpos:241.0,Tstd:310.4,Bpos:181.7,Bstd:126.9,StrandBias:0.4,Multiplicity:1.06
0.997	0.001	0.001	0.001
0.185	0.116	0.698	0.001
0.001	0.773	0.166	0.060
0.001	0.001	0.997	0.001
0.931	0.001	0.001	0.067
0.106	0.803	0.001	0.090
0.001	0.038	0.931	0.030
0.001	0.001	0.001	0.997
>GGTGGGGC	10-GGTGGGGC	9.549592	-14.674633	0	T:80.0(14.18%),B:3750.4(7.96%),P:1e-6	Tpos:169.2,Tstd:175.7,Bpos:170.7,Bstd:112.9,StrandBias:-0.2,Multiplicity:1.09
0.001	0.001	0.997	0.001
0.001	0.001	0.997	0.001
0.001	0.383	0.001	0.615
0.001	0.001	0.943	0.055
0.001	0.001	0.997	0.001
0.387	0.001	0.611	0.001
0.032	0.001	0.966	0.001
0.001	0.997	0.001	0.001
>TTTCGTTC	11-TTTCGTTC	7.094142	-12.523129	0	T:75.0(13.30%),B:3642.2(7.73%),P:1e-5	Tpos:348.0,Tstd:491.1,Bpos:174.9,Bstd:130.8,StrandBias:0.6,Multiplicity:2.06
0.001	0.162	0.049	0.788
0.001	0.040	0.127	0.832
0.143	0.001	0.021	0.835
0.001	0.850	0.148	0.001
0.001	0.001	0.753	0.245
0.111	0.001	0.054	0.834
0.001	0.001	0.218	0.780
0.001	0.887	0.001	0.111
>TGTAGGAC	12-TGTAGGAC	10.785125	-8.931433	0	T:12.0(2.13%),B:270.7(0.57%),P:1e-3	Tpos:353.9,Tstd:297.4,Bpos:184.6,Bstd:119.0,StrandBias:1.1,Multiplicity:3.33
0.001	0.001	0.001	0.997
0.001	0.001	0.888	0.110
0.001	0.001	0.001	0.997
0.997	0.001	0.001	0.001
0.001	0.001	0.997	0.001
0.153	0.001	0.845	0.001
0.997	0.001	0.001	0.001
0.001	0.997	0.001	0.001
>GGCGGGGC	13-GGCGGGGC	7.535511	-8.665789	0	T:209.0(37.06%),B:14114.9(29.94%),P:1e-3	Tpos:184.5,Tstd:186.4,Bpos:165.3,Bstd:116.3,StrandBias:-0.3,Multiplicity:1.62
0.001	0.001	0.997	0.001
0.001	0.001	0.955	0.043
0.180	0.818	0.001	0.001
0.001	0.001	0.997	0.001
0.173	0.001	0.825	0.001
0.001	0.001	0.997	0.001
0.001	0.001	0.997	0.001
0.001	0.997	0.001	0.001
>AAATGCAC	14-AAATGCAC	10.800912	-8.637068	0	T:14.0(2.48%),B:366.4(0.78%),P:1e-3	Tpos:501.4,Tstd:679.2,Bpos:173.2,Bstd:112.7,StrandBias:-0.3,Multiplicity:1.93
0.997	0.001	0.001	0.001
0.997	0.001	0.001	0.001
0.997	0.001	0.001	0.001
0.001	0.001	0.001	0.997
0.151	0.001	0.847	0.001
0.001	0.997	0.001	0.001
0.997	0.001	0.001	0.001
0.001	0.900	0.001	0.098
>TTTTCAGT	15-TTTTCAGT	8.236954	-7.687533	0	T:19.0(3.37%),B:655.3(1.39%),P:1e-3	Tpos:341.2,Tstd:304.5,Bpos:186.1,Bstd:126.9,StrandBias:-0.2,Multiplicity:3.79
0.100	0.100	0.100	0.700
0.100	0.100	0.100	0.700
0.100	0.100	0.100	0.700
0.100	0.100	0.100	0.700
0.100	0.700	0.100	0.100
0.700	0.100	0.100	0.100
0.100	0.100	0.700	0.100
0.100	0.100	0.100	0.700
>AAAATGAG	16-AAAATGAG	9.667233	-7.297466	0	T:22.0(3.90%),B:842.3(1.79%),P:1e-3	Tpos:363.2,Tstd:354.8,Bpos:179.9,Bstd:124.7,StrandBias:0.9,Multiplicity:4.00
0.997	0.001	0.001	0.001
0.997	0.001	0.001	0.001
0.997	0.001	0.001	0.001
0.997	0.001	0.001	0.001
0.001	0.374	0.001	0.624
0.001	0.001	0.997	0.001
0.656	0.001	0.001	0.342
0.001	0.001	0.997	0.001
>GTAACTCA	17-GTAACTCA	8.236954	-6.078500	0	T:9.0(1.60%),B:233.5(0.50%),P:1e-2	Tpos:412.6,Tstd:1052.7,Bpos:175.1,Bstd:111.7,StrandBias:3.7,Multiplicity:1.56
0.100	0.100	0.700	0.100
0.100	0.100	0.100	0.700
0.700	0.100	0.100	0.100
0.700	0.100	0.100	0.100
0.100	0.700	0.100	0.100
0.100	0.100	0.100	0.700
0.100	0.700	0.100	0.100
0.700	0.100	0.100	0.100
