>GGCGGGGC	1-GGCGGGGC	7.514536	-334.613512	0	T:4724.0(43.74%),B:12251.9(31.90%),P:1e-145	Tpos:312.8,Tstd:222.4,Bpos:220.1,Bstd:142.1,StrandBias:-0.0,Multiplicity:2.10
0.023	0.001	0.975	0.001
0.001	0.001	0.997	0.001
0.025	0.597	0.001	0.377
0.001	0.001	0.979	0.019
0.011	0.012	0.628	0.349
0.355	0.001	0.601	0.043
0.224	0.067	0.621	0.088
0.098	0.599	0.001	0.302
>GGCGKAGT	2-GGCGKAGT	5.976940	-184.017980	0	T:4125.0(38.19%),B:11386.8(29.65%),P:1e-79	Tpos:304.1,Tstd:242.6,Bpos:235.6,Bstd:152.0,StrandBias:-0.0,Multiplicity:1.30
0.071	0.001	0.673	0.255
0.030	0.054	0.646	0.270
0.001	0.806	0.001	0.192
0.001	0.001	0.997	0.001
0.055	0.115	0.384	0.446
0.512	0.001	0.301	0.186
0.295	0.001	0.664	0.040
0.001	0.173	0.001	0.825
>ATGCAAAT	3-ATGCAAAT	9.394081	-157.432253	0	T:762.0(7.05%),B:1356.3(3.53%),P:1e-68	Tpos:293.8,Tstd:227.4,Bpos:232.9,Bstd:146.5,StrandBias:-0.1,Multiplicity:1.10
0.997	0.001	0.001	0.001
0.001	0.029	0.001	0.969
0.001	0.001	0.710	0.288
0.001	0.997	0.001	0.001
0.667	0.001	0.001	0.331
0.997	0.001	0.001	0.001
0.997	0.001	0.001	0.001
0.001	0.001	0.001	0.997
>GAATTCCG	4-GAATTCCG	6.169592	-153.673412	0	T:2355.0(21.80%),B:5944.4(15.48%),P:1e-66	Tpos:297.6,Tstd:231.3,Bpos:233.3,Bstd:150.6,StrandBias:-0.0,Multiplicity:1.22
0.237	0.159	0.470	0.134
0.565	0.194	0.147	0.094
0.680	0.137	0.074	0.109
0.019	0.059	0.015	0.907
0.001	0.107	0.040	0.852
0.001	0.986	0.001	0.012
0.074	0.854	0.018	0.054
0.105	0.075	0.611	0.209
>CCTYAGGC	5-CCTYAGGC	8.038825	-149.663724	0	T:3189.0(29.53%),B:8617.4(22.44%),P:1e-64	Tpos:317.4,Tstd:226.5,Bpos:239.7,Bstd:144.3,StrandBias:-0.1,Multiplicity:1.29
0.001	0.997	0.001	0.001
0.001	0.899	0.001	0.099
0.001	0.330	0.062	0.607
0.011	0.463	0.139	0.386
0.997	0.001	0.001	0.001
0.053	0.001	0.945	0.001
0.051	0.001	0.947	0.001
0.001	0.611	0.387	0.001
>CTATTGTT	6-CTATTGTT	9.726087	-134.708996	0	T:399.0(3.69%),B:562.0(1.46%),P:1e-58	Tpos:280.1,Tstd:199.8,Bpos:229.8,Bstd:150.1,StrandBias:-0.0,Multiplicity:1.10
0.001	0.997	0.001	0.001
0.001	0.001	0.001	0.997
0.997	0.001	0.001	0.001
0.001	0.001	0.001	0.997
0.001	0.001	0.001	0.997
0.001	0.001	0.997	0.001
0.001	0.001	0.001	0.997
0.001	0.261	0.001	0.737
>GATTGGCC	7-GATTGGCC	6.499662	-120.585762	0	T:1906.0(17.65%),B:4808.1(12.52%),P:1e-52	Tpos:309.9,Tstd:221.1,Bpos:215.9,Bstd:137.3,StrandBias:-0.1,Multiplicity:1.28
0.130	0.162	0.643	0.065
0.904	0.016	0.035	0.045
0.114	0.052	0.013	0.821
0.059	0.081	0.012	0.848
0.206	0.109	0.628	0.057
0.040	0.047	0.860	0.053
0.054	0.737	0.097	0.112
0.055	0.561	0.134	0.250
>CAAGGTCA	8-CAAGGTCA	6.417588	-120.461354	0	T:998.0(9.24%),B:2137.7(5.57%),P:1e-52	Tpos:292.5,Tstd:217.5,Bpos:242.2,Bstd:148.8,StrandBias:-0.1,Multiplicity:1.11
0.001	0.997	0.001	0.001
0.909	0.001	0.001	0.089
0.997	0.001	0.001	0.001
0.001	0.001	0.997	0.001
0.001	0.001	0.997	0.001
0.001	0.001	0.001	0.997
0.001	0.927	0.001	0.071
0.883	0.001	0.115	0.001
>GGCGGAAA	9-GGCGGAAA	7.363897	-102.533030	0	T:1565.0(14.49%),B:3904.9(10.17%),P:1e-44	Tpos:313.1,Tstd:247.8,Bpos:232.4,Bstd:155.8,StrandBias:0.1,Multiplicity:1.13
0.067	0.001	0.897	0.035
0.048	0.107	0.826	0.019
0.001	0.941	0.001	0.057
0.001	0.034	0.940	0.025
0.039	0.001	0.944	0.016
0.750	0.033	0.164	0.053
0.901	0.001	0.097	0.001
0.815	0.139	0.045	0.001
>TGTAATGC	10-TGTAATGC	8.236954	-100.699089	0	T:199.0(1.84%),B:218.7(0.57%),P:1e-43	Tpos:304.3,Tstd:230.9,Bpos:241.7,Bstd:141.8,StrandBias:0.1,Multiplicity:1.09
0.100	0.100	0.100	0.700
0.100	0.100	0.700	0.100
0.100	0.100	0.100	0.700
0.700	0.100	0.100	0.100
0.700	0.100	0.100	0.100
0.100	0.100	0.100	0.700
0.100	0.100	0.700	0.100
0.100	0.700	0.100	0.100
>NAACGCGN	11-NAACGCGN	5.071285	-91.447345	0	T:3955.0(36.62%),B:11766.9(30.64%),P:1e-39	Tpos:305.8,Tstd:240.5,Bpos:237.1,Bstd:159.5,StrandBias:0.0,Multiplicity:1.44
0.256	0.188	0.286	0.269
0.864	0.080	0.030	0.026
0.906	0.009	0.044	0.041
0.174	0.668	0.051	0.107
0.044	0.098	0.809	0.049
0.029	0.956	0.011	0.004
0.069	0.106	0.798	0.027
0.227	0.243	0.286	0.243
>AACAAAGG	12-AACAAAGG	7.776071	-83.122771	0	T:1649.0(15.27%),B:4319.5(11.25%),P:1e-36	Tpos:294.3,Tstd:231.0,Bpos:239.6,Bstd:151.9,StrandBias:-0.0,Multiplicity:1.18
0.815	0.001	0.112	0.072
0.902	0.001	0.019	0.078
0.001	0.997	0.001	0.001
0.997	0.001	0.001	0.001
0.997	0.001	0.001	0.001
0.845	0.016	0.043	0.096
0.226	0.009	0.764	0.001
0.052	0.038	0.894	0.016
>ACCTATTC	13-ACCTATTC	10.042100	-75.175871	0	T:302.0(2.80%),B:496.3(1.29%),P:1e-32	Tpos:285.8,Tstd:201.9,Bpos:239.8,Bstd:143.3,StrandBias:0.0,Multiplicity:1.15
0.997	0.001	0.001	0.001
0.001	0.640	0.358	0.001
0.001	0.997	0.001	0.001
0.001	0.001	0.001	0.997
0.997	0.001	0.001	0.001
0.001	0.001	0.001	0.997
0.001	0.001	0.001	0.997
0.001	0.997	0.001	0.001
>AACGCTCT	14-AACGCTCT	5.249007	-72.044404	0	T:3285.0(30.41%),B:9757.8(25.41%),P:1e-31	Tpos:298.2,Tstd:246.5,Bpos:238.0,Bstd:150.5,StrandBias:0.0,Multiplicity:1.23
0.733	0.037	0.097	0.133
0.681	0.110	0.105	0.104
0.095	0.802	0.060	0.043
0.060	0.062	0.774	0.104
0.062	0.693	0.110	0.135
0.086	0.151	0.029	0.734
0.051	0.793	0.065	0.091
0.046	0.099	0.062	0.793
>GGGTGTGW	15-GGGTGTGW	7.914316	-71.729633	0	T:1673.0(15.49%),B:4499.6(11.72%),P:1e-31	Tpos:301.0,Tstd:241.9,Bpos:238.3,Bstd:141.2,StrandBias:-0.0,Multiplicity:1.13
0.001	0.080	0.918	0.001
0.001	0.156	0.842	0.001
0.001	0.001	0.894	0.104
0.091	0.001	0.001	0.907
0.096	0.004	0.823	0.077
0.072	0.001	0.208	0.719
0.272	0.001	0.726	0.001
0.536	0.001	0.001	0.462
>ACATTCGT	16-ACATTCGT	6.591058	-69.184134	0	T:831.0(7.69%),B:1955.7(5.09%),P:1e-30	Tpos:280.8,Tstd:222.4,Bpos:236.2,Bstd:143.9,StrandBias:-0.0,Multiplicity:1.08
0.997	0.001	0.001	0.001
0.001	0.952	0.046	0.001
0.997	0.001	0.001	0.001
0.001	0.001	0.001	0.997
0.001	0.001	0.001	0.997
0.001	0.997	0.001	0.001
0.001	0.269	0.729	0.001
0.086	0.001	0.001	0.912
>TTCCCTAG	17-TTCCCTAG	7.991833	-64.163754	0	T:614.0(5.68%),B:1364.5(3.55%),P:1e-27	Tpos:278.1,Tstd:205.3,Bpos:244.5,Bstd:149.0,StrandBias:0.2,Multiplicity:1.05
0.058	0.049	0.001	0.892
0.051	0.001	0.056	0.892
0.313	0.599	0.087	0.001
0.207	0.547	0.190	0.056
0.001	0.770	0.032	0.197
0.138	0.001	0.001	0.860
0.944	0.054	0.001	0.001
0.201	0.001	0.797	0.001
>CGCATGCG	18-CGCATGCG	8.256621	-60.971781	0	T:1319.0(12.21%),B:3494.4(9.10%),P:1e-26	Tpos:304.2,Tstd:219.8,Bpos:219.7,Bstd:142.1,StrandBias:0.0,Multiplicity:1.27
0.051	0.835	0.113	0.001
0.001	0.001	0.997	0.001
0.001	0.976	0.001	0.022
0.709	0.140	0.001	0.150
0.001	0.196	0.001	0.802
0.001	0.001	0.997	0.001
0.001	0.997	0.001	0.001
0.052	0.001	0.946	0.001
>AGRYTWAA	19-AGRYTWAA	6.023767	-58.997607	0	T:4070.0(37.68%),B:12618.3(32.85%),P:1e-25	Tpos:300.9,Tstd:249.9,Bpos:237.8,Bstd:152.7,StrandBias:0.0,Multiplicity:1.33
0.610	0.388	0.001	0.001
0.001	0.001	0.997	0.001
0.450	0.075	0.474	0.001
0.001	0.437	0.001	0.561
0.001	0.001	0.105	0.893
0.452	0.001	0.001	0.546
0.543	0.390	0.001	0.066
0.555	0.001	0.313	0.131
>VACGTSWC	20-VACGTSWC	6.408331	-54.733871	0	T:1980.0(18.33%),B:5668.8(14.76%),P:1e-23	Tpos:304.3,Tstd:228.8,Bpos:225.9,Bstd:145.1,StrandBias:0.0,Multiplicity:1.19
0.295	0.385	0.248	0.072
0.655	0.001	0.343	0.001
0.001	0.997	0.001	0.001
0.001	0.001	0.997	0.001
0.179	0.001	0.001	0.819
0.118	0.376	0.505	0.001
0.494	0.001	0.144	0.361
0.048	0.574	0.001	0.377
>GCACTTAT	21-GCACTTAT	8.236954	-53.116709	0	T:132.0(1.22%),B:170.9(0.44%),P:1e-23	Tpos:332.4,Tstd:316.4,Bpos:239.9,Bstd:129.8,StrandBias:0.3,Multiplicity:1.00
0.100	0.100	0.700	0.100
0.100	0.700	0.100	0.100
0.700	0.100	0.100	0.100
0.100	0.700	0.100	0.100
0.100	0.100	0.100	0.700
0.100	0.100	0.100	0.700
0.700	0.100	0.100	0.100
0.100	0.100	0.100	0.700
>CTCTTTCA	22-CTCTTTCA	9.975698	-46.779340	0	T:582.0(5.39%),B:1380.4(3.59%),P:1e-20	Tpos:285.2,Tstd:235.2,Bpos:240.5,Bstd:150.4,StrandBias:0.0,Multiplicity:1.07
0.001	0.997	0.001	0.001
0.001	0.001	0.001	0.997
0.001	0.997	0.001	0.001
0.001	0.001	0.001	0.997
0.001	0.001	0.001	0.997
0.001	0.001	0.001	0.997
0.001	0.663	0.001	0.335
0.997	0.001	0.001	0.001
>TGAATTCT	23-TGAATTCT	8.261313	-43.633649	0	T:496.0(4.59%),B:1153.0(3.00%),P:1e-18	Tpos:282.4,Tstd:233.2,Bpos:233.5,Bstd:153.2,StrandBias:-0.1,Multiplicity:1.11
0.001	0.084	0.001	0.914
0.282	0.001	0.716	0.001
0.997	0.001	0.001	0.001
0.997	0.001	0.001	0.001
0.001	0.001	0.001	0.997
0.001	0.001	0.001	0.997
0.001	0.997	0.001	0.001
0.001	0.001	0.001	0.997
>TAWGGATC	24-TAWGGATC	8.132222	-39.478380	0	T:320.0(2.96%),B:681.9(1.78%),P:1e-17	Tpos:304.5,Tstd:241.0,Bpos:229.8,Bstd:150.8,StrandBias:0.1,Multiplicity:1.05
0.001	0.244	0.001	0.754
0.754	0.001	0.244	0.001
0.539	0.032	0.001	0.428
0.135	0.066	0.798	0.001
0.001	0.032	0.786	0.181
0.844	0.001	0.001	0.154
0.001	0.001	0.001	0.997
0.011	0.667	0.001	0.321
>TTAGCTAT	25-TTAGCTAT	8.236954	-39.177512	0	T:159.0(1.47%),B:265.5(0.69%),P:1e-17	Tpos:292.0,Tstd:218.9,Bpos:252.0,Bstd:151.9,StrandBias:0.2,Multiplicity:1.05
0.100	0.100	0.100	0.700
0.100	0.100	0.100	0.700
0.700	0.100	0.100	0.100
0.100	0.100	0.700	0.100
0.100	0.700	0.100	0.100
0.100	0.100	0.100	0.700
0.700	0.100	0.100	0.100
0.100	0.100	0.100	0.700
