>CCGCCCCT	1-CCGCCCCT	5.112023	-39.861235	0	T:572.0(39.31%),B:13721.2(28.79%),P:1e-17	Tpos:256.0,Tstd:263.1,Bpos:192.2,Bstd:132.3,StrandBias:0.0,Multiplicity:1.60
0.354	0.644	0.001	0.001
0.001	0.997	0.001	0.001
0.001	0.001	0.997	0.001
0.138	0.860	0.001	0.001
0.001	0.997	0.001	0.001
0.001	0.990	0.001	0.008
0.001	0.799	0.001	0.199
0.276	0.001	0.001	0.722
>CGAATTCG	2-CGAATTCG	4.807527	-27.084982	0	T:591.0(40.62%),B:15207.5(31.91%),P:1e-11	Tpos:266.5,Tstd:360.3,Bpos:203.5,Bstd:138.8,StrandBias:0.0,Multiplicity:1.34
0.069	0.716	0.142	0.073
0.099	0.075	0.792	0.034
0.802	0.086	0.086	0.026
0.842	0.032	0.022	0.104
0.043	0.107	0.126	0.724
0.033	0.110	0.134	0.723
0.081	0.738	0.122	0.059
0.065	0.113	0.672	0.150
>ATTGGCGA	3-ATTGGCGA	7.332135	-25.653917	0	T:146.0(10.03%),B:2636.7(5.53%),P:1e-11	Tpos:343.3,Tstd:552.9,Bpos:182.4,Bstd:128.5,StrandBias:0.1,Multiplicity:1.11
0.943	0.001	0.039	0.017
0.071	0.030	0.062	0.837
0.001	0.001	0.136	0.862
0.001	0.013	0.976	0.010
0.001	0.026	0.972	0.001
0.036	0.962	0.001	0.001
0.001	0.075	0.566	0.358
0.896	0.001	0.081	0.022
>AGCGCTYC	4-AGCGCTYC	6.453824	-23.937780	0	T:303.0(20.82%),B:6901.9(14.48%),P:1e-10	Tpos:247.2,Tstd:239.1,Bpos:204.4,Bstd:137.0,StrandBias:0.1,Multiplicity:1.18
0.997	0.001	0.001	0.001
0.039	0.062	0.643	0.256
0.001	0.913	0.001	0.085
0.001	0.001	0.958	0.040
0.032	0.462	0.194	0.312
0.001	0.001	0.001	0.997
0.001	0.437	0.001	0.561
0.168	0.612	0.044	0.176
>CCTACGGT	5-CCTACGGT	7.185126	-23.287799	0	T:207.0(14.23%),B:4304.8(9.03%),P:1e-10	Tpos:354.5,Tstd:575.8,Bpos:205.0,Bstd:135.9,StrandBias:-0.2,Multiplicity:1.16
0.001	0.997	0.001	0.001
0.001	0.932	0.001	0.066
0.001	0.001	0.144	0.854
0.997	0.001	0.001	0.001
0.001	0.545	0.277	0.177
0.081	0.001	0.917	0.001
0.027	0.001	0.835	0.137
0.120	0.001	0.001	0.878
>ASCGGGTT	6-ASCGGGTT	5.388200	-23.143343	0	T:493.0(33.88%),B:12529.4(26.29%),P:1e-10	Tpos:267.4,Tstd:342.6,Bpos:206.8,Bstd:136.3,StrandBias:0.0,Multiplicity:1.29
0.771	0.001	0.227	0.001
0.080	0.333	0.388	0.199
0.129	0.782	0.088	0.001
0.120	0.323	0.556	0.001
0.240	0.013	0.744	0.003
0.216	0.238	0.542	0.004
0.355	0.001	0.001	0.643
0.156	0.144	0.099	0.601
>ACGCCTAC	7-ACGCCTAC	5.803146	-22.058772	0	T:412.0(28.32%),B:10188.7(21.38%),P:1e-9	Tpos:276.4,Tstd:419.3,Bpos:195.5,Bstd:132.2,StrandBias:0.1,Multiplicity:1.33
0.622	0.151	0.078	0.149
0.071	0.717	0.173	0.039
0.001	0.107	0.839	0.053
0.010	0.886	0.026	0.078
0.099	0.737	0.073	0.091
0.068	0.158	0.037	0.737
0.737	0.104	0.067	0.092
0.061	0.732	0.122	0.085
>CGCCCTCT	8-CGCCCTCT	7.531457	-22.027374	0	T:473.0(32.51%),B:12016.4(25.21%),P:1e-9	Tpos:236.0,Tstd:176.7,Bpos:191.3,Bstd:129.0,StrandBias:0.0,Multiplicity:1.35
0.001	0.791	0.001	0.207
0.001	0.001	0.997	0.001
0.001	0.997	0.001	0.001
0.001	0.839	0.001	0.159
0.001	0.648	0.125	0.226
0.001	0.256	0.001	0.742
0.001	0.778	0.001	0.220
0.408	0.001	0.001	0.590
>TCGTAGTT	9-TCGTAGTT	5.358936	-21.579392	0	T:298.0(20.48%),B:6912.7(14.51%),P:1e-9	Tpos:349.4,Tstd:641.5,Bpos:204.0,Bstd:138.9,StrandBias:-0.2,Multiplicity:1.16
0.079	0.097	0.081	0.743
0.037	0.790	0.058	0.115
0.076	0.089	0.750	0.085
0.124	0.118	0.106	0.652
0.740	0.060	0.048	0.152
0.042	0.056	0.809	0.093
0.037	0.170	0.037	0.756
0.045	0.111	0.074	0.770
>GTCGGAAA	10-GTCGGAAA	6.687365	-21.016511	0	T:252.0(17.32%),B:5657.0(11.87%),P:1e-9	Tpos:238.5,Tstd:272.5,Bpos:204.9,Bstd:139.7,StrandBias:0.1,Multiplicity:1.10
0.001	0.001	0.827	0.171
0.097	0.115	0.107	0.681
0.001	0.871	0.074	0.054
0.041	0.035	0.858	0.066
0.003	0.007	0.989	0.001
0.927	0.013	0.052	0.008
0.928	0.001	0.070	0.001
0.979	0.001	0.001	0.019
>ATTCGACA	11-ATTCGACA	3.565412	-20.271656	0	T:107.0(7.35%),B:1886.1(3.96%),P:1e-8	Tpos:289.3,Tstd:309.3,Bpos:209.8,Bstd:143.1,StrandBias:0.0,Multiplicity:1.06
0.696	0.001	0.001	0.302
0.372	0.001	0.001	0.626
0.086	0.001	0.361	0.552
0.001	0.997	0.001	0.001
0.001	0.001	0.997	0.001
0.997	0.001	0.001	0.001
0.008	0.990	0.001	0.001
0.997	0.001	0.001	0.001
>TWTTGCGA	12-TWTTGCGA	8.083628	-19.550470	0	T:35.0(2.41%),B:353.2(0.74%),P:1e-8	Tpos:391.9,Tstd:415.3,Bpos:210.3,Bstd:145.5,StrandBias:0.2,Multiplicity:1.66
0.001	0.001	0.001	0.997
0.540	0.001	0.001	0.458
0.001	0.001	0.158	0.840
0.046	0.048	0.171	0.735
0.043	0.001	0.857	0.099
0.001	0.997	0.001	0.001
0.047	0.001	0.951	0.001
0.787	0.211	0.001	0.001
>ATTAGGTC	13-ATTAGGTC	5.331641	-18.927191	0	T:270.0(18.56%),B:6297.2(13.21%),P:1e-8	Tpos:339.1,Tstd:617.5,Bpos:202.4,Bstd:132.7,StrandBias:-0.0,Multiplicity:1.21
0.717	0.089	0.054	0.140
0.053	0.092	0.103	0.752
0.078	0.044	0.009	0.869
0.663	0.110	0.093	0.134
0.087	0.120	0.723	0.070
0.073	0.113	0.717	0.097
0.033	0.150	0.051	0.766
0.071	0.803	0.079	0.047
>CGTCCTAA	14-CGTCCTAA	9.242971	-15.422072	0	T:24.0(1.65%),B:222.5(0.47%),P:1e-6	Tpos:283.0,Tstd:211.9,Bpos:204.9,Bstd:139.5,StrandBias:-0.4,Multiplicity:1.17
0.001	0.997	0.001	0.001
0.001	0.001	0.997	0.001
0.001	0.001	0.001	0.997
0.001	0.837	0.161	0.001
0.001	0.997	0.001	0.001
0.001	0.001	0.001	0.997
0.997	0.001	0.001	0.001
0.997	0.001	0.001	0.001
>CGCATAAT	15-CGCATAAT	7.436993	-15.222322	0	T:66.0(4.54%),B:1089.0(2.29%),P:1e-6	Tpos:251.2,Tstd:157.2,Bpos:198.9,Bstd:132.1,StrandBias:0.3,Multiplicity:1.05
0.001	0.997	0.001	0.001
0.001	0.001	0.997	0.001
0.001	0.920	0.055	0.024
0.997	0.001	0.001	0.001
0.001	0.001	0.092	0.906
0.496	0.260	0.242	0.001
0.775	0.138	0.001	0.086
0.124	0.001	0.001	0.874
>ACTGACDA	16-ACTGACDA	7.759701	-8.719399	0	T:81.0(5.57%),B:1738.7(3.65%),P:1e-3	Tpos:358.7,Tstd:342.6,Bpos:206.6,Bstd:132.1,StrandBias:0.2,Multiplicity:1.56
0.997	0.001	0.001	0.001
0.001	0.997	0.001	0.001
0.001	0.001	0.106	0.892
0.001	0.001	0.771	0.227
0.997	0.001	0.001	0.001
0.140	0.858	0.001	0.001
0.376	0.001	0.372	0.251
0.997	0.001	0.001	0.001
>TCTTACGT	17-TCTTACGT	8.374101	-5.129180	0	T:35.0(2.41%),B:720.1(1.51%),P:1e-2	Tpos:353.8,Tstd:805.6,Bpos:194.2,Bstd:141.0,StrandBias:0.0,Multiplicity:1.03
0.001	0.001	0.001	0.997
0.001	0.997	0.001	0.001
0.319	0.001	0.001	0.679
0.001	0.001	0.001	0.997
0.663	0.001	0.001	0.335
0.001	0.997	0.001	0.001
0.001	0.001	0.652	0.346
0.228	0.001	0.001	0.770
>GAAAGAAA	18-GAAAGAAA	3.824324	-4.052196	0	T:282.0(19.38%),B:8212.5(17.23%),P:1e-1	Tpos:301.9,Tstd:390.9,Bpos:205.5,Bstd:142.3,StrandBias:-0.3,Multiplicity:1.54
0.001	0.001	0.997	0.001
0.753	0.112	0.134	0.001
0.889	0.001	0.001	0.109
0.990	0.008	0.001	0.001
0.001	0.110	0.888	0.001
0.997	0.001	0.001	0.001
0.997	0.001	0.001	0.001
0.997	0.001	0.001	0.001
>GAAAATGA	19-GAAAATGA	8.236954	-3.654283	0	T:30.0(2.06%),B:667.2(1.40%),P:1e-1	Tpos:442.0,Tstd:396.7,Bpos:204.5,Bstd:136.5,StrandBias:1.4,Multiplicity:2.13
0.100	0.100	0.700	0.100
0.700	0.100	0.100	0.100
0.700	0.100	0.100	0.100
0.700	0.100	0.100	0.100
0.700	0.100	0.100	0.100
0.100	0.100	0.100	0.700
0.100	0.100	0.700	0.100
0.700	0.100	0.100	0.100
