>TRATTAGC	1-TRATTAGC	7.122151	-190.331670	0	T:3592.0(22.25%),B:5434.2(16.38%),P:1e-82	Tpos:1320.1,Tstd:2946.0,Bpos:406.6,Bstd:264.9,StrandBias:0.0,Multiplicity:1.36
0.079	0.278	0.179	0.464
0.336	0.143	0.349	0.172
0.997	0.001	0.001	0.001
0.001	0.001	0.001	0.997
0.001	0.004	0.048	0.947
0.477	0.052	0.275	0.196
0.165	0.021	0.785	0.029
0.039	0.959	0.001	0.001
>TTAACACC	2-TTAACACC	7.752578	-162.044071	0	T:1615.0(10.00%),B:2098.6(6.33%),P:1e-70	Tpos:1276.7,Tstd:2814.2,Bpos:414.1,Bstd:270.9,StrandBias:0.0,Multiplicity:1.14
0.001	0.053	0.010	0.936
0.048	0.019	0.001	0.932
0.678	0.263	0.001	0.058
0.865	0.001	0.095	0.039
0.042	0.956	0.001	0.001
0.997	0.001	0.001	0.001
0.001	0.900	0.068	0.031
0.001	0.946	0.001	0.052
>YTAATCCG	3-YTAATCCG	6.634462	-139.671646	0	T:1995.0(12.36%),B:2824.6(8.52%),P:1e-60	Tpos:1491.5,Tstd:3591.1,Bpos:416.4,Bstd:283.3,StrandBias:-0.1,Multiplicity:1.17
0.088	0.412	0.153	0.347
0.006	0.190	0.048	0.756
0.989	0.001	0.001	0.009
0.793	0.036	0.170	0.001
0.245	0.062	0.211	0.482
0.162	0.781	0.047	0.010
0.161	0.691	0.001	0.147
0.001	0.045	0.727	0.227
>GCGAATTA	4-GCGAATTA	6.642271	-122.999625	0	T:1483.0(9.19%),B:2015.5(6.08%),P:1e-53	Tpos:1816.6,Tstd:3557.5,Bpos:416.2,Bstd:297.3,StrandBias:-0.0,Multiplicity:1.22
0.187	0.199	0.613	0.001
0.001	0.958	0.040	0.001
0.001	0.001	0.997	0.001
0.503	0.320	0.176	0.001
0.579	0.047	0.001	0.373
0.130	0.001	0.001	0.868
0.183	0.001	0.107	0.709
0.432	0.262	0.106	0.200
>CGCGTTAA	5-CGCGTTAA	6.371504	-116.100655	0	T:1323.0(8.20%),B:1772.5(5.34%),P:1e-50	Tpos:1556.8,Tstd:2977.5,Bpos:409.4,Bstd:295.3,StrandBias:-0.1,Multiplicity:1.16
0.129	0.674	0.141	0.056
0.041	0.042	0.864	0.053
0.078	0.670	0.125	0.127
0.098	0.110	0.644	0.148
0.074	0.056	0.070	0.800
0.087	0.061	0.071	0.781
0.813	0.041	0.063	0.083
0.756	0.060	0.102	0.082
>ATTTACAT	6-ATTTACAT	8.160403	-111.238920	0	T:2195.0(13.60%),B:3306.0(9.97%),P:1e-48	Tpos:1478.7,Tstd:3337.8,Bpos:421.5,Bstd:278.5,StrandBias:0.0,Multiplicity:1.29
0.993	0.005	0.001	0.001
0.001	0.001	0.001	0.997
0.001	0.180	0.001	0.818
0.361	0.062	0.001	0.576
0.750	0.001	0.248	0.001
0.239	0.759	0.001	0.001
0.997	0.001	0.001	0.001
0.146	0.001	0.243	0.610
>CTCCCCCA	7-CTCCCCCA	10.295541	-91.651778	0	T:2373.0(14.70%),B:3735.2(11.26%),P:1e-39	Tpos:1499.5,Tstd:3147.8,Bpos:437.1,Bstd:268.8,StrandBias:0.0,Multiplicity:1.27
0.001	0.881	0.001	0.117
0.280	0.001	0.197	0.522
0.001	0.997	0.001	0.001
0.001	0.997	0.001	0.001
0.001	0.997	0.001	0.001
0.001	0.997	0.001	0.001
0.001	0.997	0.001	0.001
0.997	0.001	0.001	0.001
>TAAATTCT	8-TAAATTCT	9.302016	-86.864867	0	T:1071.0(6.63%),B:1459.5(4.40%),P:1e-37	Tpos:1638.8,Tstd:3589.0,Bpos:422.6,Bstd:299.8,StrandBias:0.0,Multiplicity:1.15
0.001	0.001	0.001	0.997
0.792	0.001	0.206	0.001
0.997	0.001	0.001	0.001
0.997	0.001	0.001	0.001
0.001	0.001	0.001	0.997
0.001	0.215	0.001	0.783
0.001	0.997	0.001	0.001
0.001	0.001	0.001	0.997
>CCTTTGTT	9-CCTTTGTT	8.807648	-86.714581	0	T:1714.0(10.62%),B:2574.1(7.76%),P:1e-37	Tpos:1302.2,Tstd:3057.4,Bpos:422.5,Bstd:278.2,StrandBias:0.0,Multiplicity:1.16
0.001	0.843	0.155	0.001
0.001	0.955	0.043	0.001
0.001	0.066	0.001	0.932
0.001	0.001	0.001	0.997
0.001	0.001	0.001	0.997
0.001	0.001	0.997	0.001
0.098	0.001	0.001	0.900
0.060	0.110	0.001	0.829
>CCGGAAWW	10-CCGGAAWW	4.864398	-69.051517	0	T:3947.0(24.45%),B:6872.5(20.72%),P:1e-29	Tpos:1414.2,Tstd:3017.5,Bpos:421.8,Bstd:272.2,StrandBias:0.0,Multiplicity:1.42
0.143	0.460	0.184	0.213
0.081	0.666	0.240	0.013
0.001	0.170	0.815	0.014
0.190	0.261	0.474	0.074
0.585	0.058	0.174	0.183
0.640	0.075	0.187	0.098
0.365	0.077	0.199	0.360
0.295	0.184	0.177	0.344
>YCCGCCYW	11-YCCGCCYW	7.820551	-65.208486	0	T:5253.0(32.54%),B:9465.0(28.53%),P:1e-28	Tpos:998.3,Tstd:2247.6,Bpos:414.3,Bstd:260.3,StrandBias:-0.0,Multiplicity:1.52
0.224	0.397	0.001	0.378
0.276	0.673	0.001	0.050
0.001	0.997	0.001	0.001
0.001	0.068	0.930	0.001
0.001	0.997	0.001	0.001
0.047	0.845	0.001	0.107
0.001	0.550	0.001	0.448
0.438	0.134	0.001	0.427
>NCGGAWTH	12-NCGGAWTH	5.636567	-63.932476	0	T:546.0(3.38%),B:677.7(2.04%),P:1e-27	Tpos:1729.7,Tstd:3175.8,Bpos:415.1,Bstd:293.1,StrandBias:0.0,Multiplicity:1.08
0.198	0.304	0.303	0.195
0.067	0.621	0.257	0.055
0.001	0.168	0.745	0.086
0.192	0.214	0.496	0.098
0.730	0.058	0.090	0.122
0.463	0.044	0.084	0.409
0.225	0.022	0.190	0.563
0.303	0.247	0.085	0.365
>CGCTTTCA	13-CGCTTTCA	6.720557	-62.582860	0	T:3136.0(19.43%),B:5370.7(16.19%),P:1e-27	Tpos:1541.4,Tstd:2957.2,Bpos:425.7,Bstd:287.8,StrandBias:0.0,Multiplicity:1.34
0.128	0.851	0.001	0.020
0.022	0.088	0.863	0.027
0.019	0.632	0.224	0.125
0.031	0.001	0.001	0.967
0.001	0.001	0.001	0.997
0.079	0.083	0.141	0.697
0.130	0.486	0.258	0.126
0.555	0.165	0.154	0.126
>WGGGGGGK	14-WGGGGGGK	7.075669	-56.175997	0	T:3093.0(19.16%),B:5344.5(16.11%),P:1e-24	Tpos:1405.3,Tstd:2964.4,Bpos:426.0,Bstd:272.6,StrandBias:-0.0,Multiplicity:1.25
0.518	0.077	0.025	0.380
0.263	0.008	0.689	0.040
0.155	0.068	0.674	0.103
0.011	0.143	0.845	0.001
0.072	0.036	0.833	0.059
0.018	0.347	0.527	0.108
0.001	0.001	0.644	0.354
0.131	0.001	0.391	0.477
>CCGCCCCT	15-CCGCCCCT	9.481514	-56.098240	0	T:3543.0(21.95%),B:6211.4(18.73%),P:1e-24	Tpos:936.3,Tstd:1884.3,Bpos:415.5,Bstd:253.5,StrandBias:0.1,Multiplicity:1.44
0.001	0.997	0.001	0.001
0.001	0.997	0.001	0.001
0.001	0.001	0.997	0.001
0.001	0.997	0.001	0.001
0.001	0.997	0.001	0.001
0.001	0.849	0.001	0.149
0.001	0.997	0.001	0.001
0.240	0.001	0.001	0.758
>RATTMCGB	16-RATTMCGB	6.756796	-53.373214	0	T:1157.0(7.17%),B:1761.3(5.31%),P:1e-23	Tpos:1487.5,Tstd:3014.5,Bpos:432.3,Bstd:286.6,StrandBias:0.0,Multiplicity:1.10
0.534	0.009	0.443	0.014
0.620	0.203	0.023	0.154
0.001	0.001	0.001	0.997
0.001	0.001	0.001	0.997
0.349	0.462	0.065	0.124
0.293	0.601	0.105	0.001
0.015	0.243	0.720	0.022
0.055	0.381	0.301	0.264
>CGMTWRRT	17-CGMTWRRT	6.740277	-51.056701	0	T:2218.0(13.74%),B:3726.6(11.23%),P:1e-22	Tpos:1625.4,Tstd:3197.1,Bpos:412.3,Bstd:275.6,StrandBias:-0.1,Multiplicity:1.26
0.001	0.997	0.001	0.001
0.001	0.001	0.997	0.001
0.490	0.508	0.001	0.001
0.275	0.001	0.001	0.723
0.470	0.001	0.001	0.528
0.540	0.001	0.458	0.001
0.386	0.101	0.512	0.001
0.052	0.001	0.296	0.651
>CCTGCTGT	18-CCTGCTGT	8.298067	-47.315137	0	T:3965.0(24.56%),B:7123.5(21.47%),P:1e-20	Tpos:1112.9,Tstd:2529.7,Bpos:439.0,Bstd:260.3,StrandBias:-0.0,Multiplicity:1.30
0.001	0.997	0.001	0.001
0.001	0.997	0.001	0.001
0.001	0.132	0.001	0.866
0.001	0.001	0.997	0.001
0.001	0.997	0.001	0.001
0.001	0.001	0.044	0.954
0.001	0.001	0.997	0.001
0.251	0.001	0.254	0.494
>WTCAAACG	19-WTCAAACG	6.234901	-43.645765	0	T:855.0(5.30%),B:1279.7(3.86%),P:1e-18	Tpos:1780.2,Tstd:3250.7,Bpos:405.4,Bstd:297.8,StrandBias:-0.0,Multiplicity:1.16
0.366	0.214	0.034	0.386
0.401	0.001	0.001	0.597
0.010	0.545	0.376	0.069
0.559	0.162	0.111	0.168
0.808	0.065	0.119	0.008
0.400	0.205	0.205	0.190
0.233	0.556	0.210	0.001
0.001	0.029	0.969	0.001
>AGGCTTAA	20-AGGCTTAA	7.333364	-41.271914	0	T:980.0(6.07%),B:1514.7(4.57%),P:1e-17	Tpos:1489.8,Tstd:3307.5,Bpos:424.1,Bstd:287.2,StrandBias:0.0,Multiplicity:1.10
0.664	0.160	0.127	0.049
0.093	0.129	0.660	0.118
0.102	0.095	0.756	0.047
0.117	0.771	0.035	0.077
0.024	0.078	0.077	0.821
0.082	0.052	0.038	0.828
0.684	0.102	0.036	0.178
0.816	0.034	0.128	0.022
>SRCGTSAC	21-SRCGTSAC	7.978675	-37.640341	0	T:1429.0(8.85%),B:2358.6(7.11%),P:1e-16	Tpos:925.1,Tstd:2219.6,Bpos:391.9,Bstd:233.7,StrandBias:0.0,Multiplicity:1.15
0.074	0.330	0.450	0.146
0.541	0.001	0.457	0.001
0.001	0.997	0.001	0.001
0.001	0.001	0.997	0.001
0.001	0.001	0.001	0.997
0.056	0.335	0.432	0.176
0.648	0.065	0.216	0.071
0.001	0.899	0.001	0.099
>GCTTGCGC	22-GCTTGCGC	9.560455	-31.287410	0	T:1112.0(6.89%),B:1820.8(5.49%),P:1e-13	Tpos:866.9,Tstd:2403.8,Bpos:391.6,Bstd:240.3,StrandBias:-0.0,Multiplicity:1.14
0.001	0.001	0.997	0.001
0.001	0.997	0.001	0.001
0.418	0.001	0.001	0.580
0.399	0.001	0.001	0.599
0.001	0.001	0.997	0.001
0.001	0.997	0.001	0.001
0.001	0.001	0.997	0.001
0.001	0.878	0.001	0.120
>WGGGGGGG	23-WGGGGGGG	7.999272	-26.142896	0	T:4026.0(24.94%),B:7518.2(22.66%),P:1e-11	Tpos:1534.9,Tstd:3247.1,Bpos:421.5,Bstd:264.5,StrandBias:-0.0,Multiplicity:1.54
0.381	0.001	0.119	0.498
0.021	0.001	0.956	0.022
0.012	0.010	0.945	0.033
0.001	0.073	0.925	0.001
0.020	0.262	0.717	0.001
0.001	0.256	0.742	0.001
0.141	0.001	0.648	0.210
0.001	0.001	0.867	0.131
>TTTCGCAG	24-TTTCGCAG	7.126175	-18.627826	0	T:620.0(3.84%),B:1010.5(3.05%),P:1e-8	Tpos:1594.1,Tstd:2776.9,Bpos:448.2,Bstd:285.9,StrandBias:-0.0,Multiplicity:1.07
0.054	0.174	0.083	0.689
0.053	0.089	0.045	0.813
0.066	0.078	0.119	0.737
0.094	0.760	0.073	0.073
0.061	0.050	0.747	0.142
0.070	0.794	0.070	0.066
0.767	0.067	0.086	0.080
0.102	0.133	0.695	0.070
>AAASCCCG	25-AAASCCCG	7.538321	-18.047937	0	T:1292.0(8.00%),B:2279.1(6.87%),P:1e-7	Tpos:1789.2,Tstd:3697.4,Bpos:437.8,Bstd:285.5,StrandBias:0.0,Multiplicity:1.17
0.997	0.001	0.001	0.001
0.997	0.001	0.001	0.001
0.745	0.185	0.001	0.069
0.089	0.369	0.336	0.207
0.086	0.871	0.042	0.001
0.020	0.521	0.184	0.275
0.001	0.781	0.217	0.001
0.001	0.245	0.457	0.296
