>CCTNAGGC	1-CCTNAGGC	7.179668	-237.015118	0	T:4276.0(37.72%),B:10744.6(28.32%),P:1e-102	Tpos:379.9,Tstd:250.0,Bpos:297.3,Bstd:177.5,StrandBias:0.0,Multiplicity:1.37
0.021	0.949	0.010	0.020
0.001	0.879	0.044	0.076
0.003	0.230	0.105	0.662
0.200	0.271	0.286	0.242
0.757	0.040	0.202	0.001
0.066	0.027	0.901	0.006
0.002	0.048	0.930	0.020
0.034	0.680	0.244	0.042
>ACATTCCT	2-ACATTCCT	7.776968	-159.039566	0	T:1614.0(14.24%),B:3460.3(9.12%),P:1e-69	Tpos:359.0,Tstd:278.3,Bpos:289.4,Bstd:174.7,StrandBias:0.1,Multiplicity:1.17
0.627	0.022	0.350	0.001
0.081	0.598	0.305	0.016
0.937	0.001	0.042	0.020
0.046	0.073	0.001	0.880
0.001	0.001	0.001	0.997
0.027	0.957	0.001	0.015
0.001	0.727	0.065	0.207
0.279	0.074	0.051	0.596
>CCACACCC	3-CCACACCC	7.555518	-154.272282	0	T:3353.0(29.58%),B:8552.0(22.54%),P:1e-66	Tpos:374.4,Tstd:282.4,Bpos:280.0,Bstd:172.3,StrandBias:0.0,Multiplicity:1.33
0.112	0.801	0.001	0.086
0.001	0.997	0.001	0.001
0.997	0.001	0.001	0.001
0.001	0.997	0.001	0.001
0.758	0.001	0.240	0.001
0.001	0.997	0.001	0.001
0.001	0.997	0.001	0.001
0.001	0.844	0.001	0.154
>AATTCCGG	4-AATTCCGG	5.624807	-116.160553	0	T:2906.0(25.64%),B:7522.8(19.83%),P:1e-50	Tpos:379.9,Tstd:268.8,Bpos:283.6,Bstd:175.9,StrandBias:0.0,Multiplicity:1.36
0.503	0.150	0.208	0.139
0.514	0.210	0.001	0.275
0.186	0.001	0.001	0.812
0.008	0.167	0.159	0.666
0.093	0.741	0.122	0.044
0.001	0.804	0.194	0.001
0.001	0.088	0.734	0.177
0.049	0.232	0.479	0.240
>AGATAAGR	5-AGATAAGR	7.873375	-101.877215	0	T:1319.0(11.64%),B:2981.6(7.86%),P:1e-44	Tpos:371.0,Tstd:282.1,Bpos:287.2,Bstd:174.3,StrandBias:0.0,Multiplicity:1.16
0.772	0.001	0.001	0.226
0.001	0.001	0.997	0.001
0.997	0.001	0.001	0.001
0.001	0.001	0.001	0.997
0.850	0.001	0.001	0.148
0.978	0.020	0.001	0.001
0.001	0.267	0.731	0.001
0.399	0.236	0.365	0.001
>GCATTCYW	6-GCATTCYW	7.236168	-87.072772	0	T:1846.0(16.28%),B:4605.0(12.14%),P:1e-37	Tpos:360.3,Tstd:317.7,Bpos:288.1,Bstd:180.1,StrandBias:0.0,Multiplicity:1.11
0.068	0.051	0.851	0.030
0.249	0.584	0.166	0.001
0.817	0.001	0.181	0.001
0.037	0.001	0.001	0.961
0.001	0.001	0.001	0.997
0.001	0.944	0.054	0.001
0.001	0.431	0.255	0.313
0.431	0.096	0.001	0.471
>GCCTTCGG	7-GCCTTCGG	6.738666	-78.771969	0	T:4135.0(36.48%),B:11784.6(31.06%),P:1e-34	Tpos:369.7,Tstd:265.7,Bpos:296.5,Bstd:183.5,StrandBias:0.0,Multiplicity:1.38
0.001	0.001	0.959	0.039
0.032	0.881	0.029	0.058
0.001	0.967	0.015	0.017
0.001	0.060	0.001	0.938
0.022	0.157	0.114	0.707
0.001	0.847	0.151	0.001
0.087	0.045	0.818	0.050
0.001	0.041	0.945	0.013
>GCCCCRCC	8-GCCCCRCC	7.440449	-78.543570	0	T:4238.0(37.39%),B:12118.8(31.94%),P:1e-34	Tpos:386.5,Tstd:263.1,Bpos:274.4,Bstd:167.3,StrandBias:0.0,Multiplicity:1.86
0.117	0.001	0.819	0.063
0.001	0.738	0.001	0.260
0.036	0.652	0.032	0.280
0.110	0.740	0.149	0.001
0.154	0.717	0.082	0.047
0.505	0.001	0.416	0.078
0.056	0.919	0.001	0.024
0.001	0.923	0.001	0.075
>TGACCTTG	9-TGACCTTG	8.074941	-71.355898	0	T:1369.0(12.08%),B:3343.5(8.81%),P:1e-30	Tpos:363.4,Tstd:283.4,Bpos:291.3,Bstd:177.8,StrandBias:-0.0,Multiplicity:1.11
0.001	0.001	0.001	0.997
0.129	0.001	0.869	0.001
0.830	0.001	0.001	0.168
0.001	0.997	0.001	0.001
0.001	0.997	0.001	0.001
0.001	0.001	0.001	0.997
0.001	0.069	0.001	0.929
0.001	0.001	0.997	0.001
>TTTABCGC	10-TTTABCGC	5.370041	-67.996528	0	T:3737.0(32.97%),B:10655.5(28.09%),P:1e-29	Tpos:372.8,Tstd:314.6,Bpos:284.9,Bstd:188.1,StrandBias:0.0,Multiplicity:1.27
0.216	0.007	0.028	0.749
0.019	0.076	0.011	0.894
0.211	0.001	0.111	0.677
0.598	0.196	0.040	0.166
0.045	0.328	0.346	0.281
0.075	0.731	0.193	0.001
0.001	0.033	0.965	0.001
0.241	0.619	0.020	0.120
>AATCCGGT	11-AATCCGGT	5.162618	-62.410082	0	T:3913.0(34.52%),B:11298.5(29.78%),P:1e-27	Tpos:372.8,Tstd:295.7,Bpos:298.8,Bstd:188.5,StrandBias:-0.0,Multiplicity:1.37
0.820	0.001	0.098	0.081
0.549	0.135	0.264	0.052
0.278	0.019	0.041	0.662
0.062	0.815	0.051	0.072
0.053	0.945	0.001	0.001
0.021	0.028	0.950	0.001
0.158	0.172	0.455	0.215
0.051	0.304	0.023	0.622
>GTAACGCT	12-GTAACGCT	5.331713	-52.359309	0	T:3310.0(29.20%),B:9519.5(25.09%),P:1e-22	Tpos:362.3,Tstd:284.2,Bpos:287.6,Bstd:183.8,StrandBias:-0.0,Multiplicity:1.23
0.123	0.081	0.727	0.069
0.114	0.096	0.203	0.587
0.686	0.117	0.081	0.116
0.801	0.091	0.031	0.077
0.028	0.874	0.029	0.069
0.065	0.028	0.760	0.147
0.073	0.774	0.023	0.130
0.073	0.032	0.098	0.797
>GCCTCTAG	13-GCCTCTAG	8.859075	-39.681922	0	T:802.0(7.07%),B:1971.5(5.20%),P:1e-17	Tpos:364.5,Tstd:270.0,Bpos:277.9,Bstd:178.9,StrandBias:0.0,Multiplicity:1.05
0.001	0.001	0.997	0.001
0.001	0.997	0.001	0.001
0.001	0.667	0.001	0.331
0.001	0.001	0.095	0.903
0.001	0.997	0.001	0.001
0.001	0.001	0.001	0.997
0.997	0.001	0.001	0.001
0.181	0.001	0.817	0.001
>CAAKCYTY	14-CAAKCYTY	6.392144	-39.061408	0	T:2782.0(24.54%),B:8051.7(21.22%),P:1e-16	Tpos:358.2,Tstd:289.6,Bpos:289.5,Bstd:183.9,StrandBias:0.0,Multiplicity:1.16
0.001	0.754	0.244	0.001
0.576	0.001	0.422	0.001
0.758	0.001	0.240	0.001
0.001	0.001	0.496	0.502
0.001	0.997	0.001	0.001
0.082	0.378	0.154	0.385
0.001	0.240	0.110	0.649
0.224	0.377	0.067	0.332
>CTTTGCGT	15-CTTTGCGT	6.327306	-38.492584	0	T:2290.0(20.20%),B:6507.1(17.15%),P:1e-16	Tpos:356.8,Tstd:277.2,Bpos:294.4,Bstd:185.2,StrandBias:0.0,Multiplicity:1.18
0.087	0.603	0.001	0.309
0.075	0.288	0.027	0.610
0.024	0.139	0.142	0.695
0.026	0.001	0.141	0.832
0.001	0.419	0.579	0.001
0.001	0.952	0.046	0.001
0.004	0.001	0.994	0.001
0.042	0.151	0.092	0.715
>TCCGAATG	16-TCCGAATG	7.457007	-37.917493	0	T:942.0(8.31%),B:2395.6(6.31%),P:1e-16	Tpos:367.0,Tstd:293.9,Bpos:287.9,Bstd:183.8,StrandBias:0.1,Multiplicity:1.04
0.001	0.001	0.001	0.997
0.001	0.997	0.001	0.001
0.001	0.917	0.001	0.081
0.001	0.001	0.997	0.001
0.800	0.198	0.001	0.001
0.997	0.001	0.001	0.001
0.290	0.001	0.001	0.708
0.001	0.200	0.583	0.216
>ASTTCGYT	17-ASTTCGYT	5.480073	-35.751687	0	T:4103.0(36.19%),B:12367.6(32.60%),P:1e-15	Tpos:359.4,Tstd:294.1,Bpos:289.8,Bstd:184.0,StrandBias:-0.0,Multiplicity:1.34
0.871	0.001	0.127	0.001
0.031	0.551	0.417	0.001
0.001	0.001	0.205	0.793
0.310	0.001	0.109	0.580
0.265	0.621	0.113	0.001
0.001	0.093	0.889	0.017
0.083	0.371	0.125	0.421
0.140	0.107	0.009	0.744
>GSCCTGGA	18-GSCCTGGA	8.060167	-35.664340	0	T:2688.0(23.71%),B:7810.0(20.59%),P:1e-15	Tpos:358.1,Tstd:278.4,Bpos:293.2,Bstd:178.2,StrandBias:-0.1,Multiplicity:1.17
0.001	0.001	0.997	0.001
0.001	0.526	0.472	0.001
0.001	0.877	0.001	0.121
0.001	0.799	0.001	0.199
0.001	0.001	0.001	0.997
0.001	0.001	0.844	0.154
0.001	0.001	0.997	0.001
0.957	0.001	0.041	0.001
>CGCGTTTA	19-CGCGTTTA	5.461938	-34.480479	0	T:3866.0(34.10%),B:11621.2(30.63%),P:1e-14	Tpos:372.2,Tstd:294.0,Bpos:289.0,Bstd:191.7,StrandBias:-0.0,Multiplicity:1.36
0.062	0.778	0.133	0.027
0.074	0.001	0.741	0.184
0.130	0.609	0.156	0.105
0.001	0.120	0.743	0.136
0.058	0.118	0.112	0.712
0.001	0.014	0.001	0.984
0.096	0.009	0.014	0.881
0.554	0.167	0.100	0.179
>CAMTCCCG	20-CAMTCCCG	7.349778	-33.947941	0	T:1603.0(14.14%),B:4437.3(11.70%),P:1e-14	Tpos:372.9,Tstd:296.7,Bpos:293.1,Bstd:177.8,StrandBias:0.0,Multiplicity:1.09
0.036	0.779	0.184	0.001
0.898	0.100	0.001	0.001
0.429	0.546	0.024	0.001
0.001	0.068	0.105	0.826
0.020	0.945	0.034	0.001
0.108	0.812	0.001	0.079
0.001	0.991	0.001	0.007
0.001	0.036	0.744	0.219
>GTCACGTG	21-GTCACGTG	7.734363	-33.173130	0	T:591.0(5.21%),B:1421.0(3.75%),P:1e-14	Tpos:368.6,Tstd:261.4,Bpos:264.7,Bstd:158.8,StrandBias:-0.2,Multiplicity:1.08
0.183	0.214	0.476	0.127
0.160	0.193	0.001	0.646
0.001	0.772	0.063	0.164
0.817	0.001	0.181	0.001
0.104	0.841	0.001	0.054
0.068	0.001	0.930	0.001
0.001	0.294	0.001	0.704
0.087	0.092	0.782	0.039
>AAATTCGT	22-AAATTCGT	6.039409	-32.609918	0	T:1222.0(10.78%),B:3290.8(8.67%),P:1e-14	Tpos:364.4,Tstd:291.4,Bpos:283.8,Bstd:193.9,StrandBias:-0.2,Multiplicity:1.07
0.997	0.001	0.001	0.001
0.787	0.001	0.094	0.118
0.997	0.001	0.001	0.001
0.305	0.001	0.001	0.693
0.001	0.073	0.098	0.828
0.001	0.997	0.001	0.001
0.001	0.001	0.966	0.032
0.101	0.168	0.001	0.730
>CCACCCTA	23-CCACCCTA	8.130192	-26.724850	0	T:754.0(6.65%),B:1955.8(5.16%),P:1e-11	Tpos:349.8,Tstd:273.3,Bpos:283.8,Bstd:173.0,StrandBias:0.1,Multiplicity:1.05
0.001	0.997	0.001	0.001
0.001	0.927	0.071	0.001
0.743	0.001	0.001	0.255
0.001	0.997	0.001	0.001
0.001	0.997	0.001	0.001
0.001	0.997	0.001	0.001
0.001	0.001	0.001	0.997
0.997	0.001	0.001	0.001
>GTTATCAG	24-GTTATCAG	8.354802	-25.459685	0	T:267.0(2.36%),B:576.9(1.52%),P:1e-11	Tpos:375.9,Tstd:382.1,Bpos:295.5,Bstd:170.4,StrandBias:0.0,Multiplicity:1.01
0.001	0.001	0.997	0.001
0.001	0.001	0.001	0.997
0.256	0.001	0.001	0.742
0.997	0.001	0.001	0.001
0.001	0.001	0.001	0.997
0.001	0.997	0.001	0.001
0.909	0.089	0.001	0.001
0.001	0.001	0.997	0.001
>CAAAACAA	25-CAAAACAA	10.698941	-12.583050	0	T:844.0(7.45%),B:2422.5(6.39%),P:1e-5	Tpos:345.6,Tstd:298.8,Bpos:284.1,Bstd:192.3,StrandBias:0.2,Multiplicity:1.51
0.001	0.813	0.185	0.001
0.938	0.001	0.060	0.001
0.997	0.001	0.001	0.001
0.900	0.001	0.098	0.001
0.997	0.001	0.001	0.001
0.001	0.997	0.001	0.001
0.997	0.001	0.001	0.001
0.997	0.001	0.001	0.001
