>GTCCATTG	1-GTCCATTG	5.222419	-50.081308	0	T:201.0(35.08%),B:8651.1(18.00%),P:1e-21	Tpos:263.7,Tstd:385.7,Bpos:216.9,Bstd:148.9,StrandBias:0.2,Multiplicity:1.15
0.001	0.422	0.576	0.001
0.001	0.001	0.010	0.988
0.001	0.997	0.001	0.001
0.008	0.990	0.001	0.001
0.970	0.001	0.028	0.001
0.126	0.001	0.001	0.872
0.001	0.001	0.001	0.997
0.001	0.001	0.590	0.408
>AATTCCTC	2-AATTCCTC	6.954906	-44.928962	0	T:210.0(36.65%),B:9642.4(20.06%),P:1e-19	Tpos:295.4,Tstd:540.2,Bpos:218.8,Bstd:151.3,StrandBias:-0.0,Multiplicity:1.41
0.642	0.207	0.001	0.150
0.950	0.001	0.048	0.001
0.035	0.001	0.001	0.963
0.078	0.001	0.001	0.920
0.001	0.870	0.093	0.036
0.035	0.959	0.005	0.001
0.033	0.001	0.008	0.958
0.205	0.733	0.061	0.001
>MGAATGGA	3-MGAATGGA	8.111107	-40.278511	0	T:148.0(25.83%),B:5985.0(12.45%),P:1e-17	Tpos:276.2,Tstd:534.1,Bpos:220.1,Bstd:157.6,StrandBias:0.2,Multiplicity:1.41
0.474	0.524	0.001	0.001
0.125	0.219	0.655	0.001
0.997	0.001	0.001	0.001
0.997	0.001	0.001	0.001
0.001	0.001	0.001	0.997
0.001	0.001	0.715	0.283
0.001	0.001	0.997	0.001
0.627	0.371	0.001	0.001
>TTGTGWAG	4-TTGTGWAG	7.273971	-39.140575	0	T:164.0(28.62%),B:7066.4(14.70%),P:1e-16	Tpos:376.1,Tstd:794.2,Bpos:222.0,Bstd:146.3,StrandBias:-0.3,Multiplicity:1.25
0.001	0.001	0.041	0.957
0.001	0.021	0.077	0.901
0.001	0.028	0.745	0.226
0.210	0.015	0.182	0.593
0.078	0.242	0.679	0.001
0.399	0.080	0.106	0.416
0.859	0.044	0.096	0.001
0.243	0.055	0.701	0.001
>TATTGACG	5-TATTGACG	6.942148	-38.452620	0	T:89.0(15.53%),B:2747.3(5.72%),P:1e-16	Tpos:287.1,Tstd:562.2,Bpos:222.7,Bstd:154.2,StrandBias:-0.6,Multiplicity:1.01
0.001	0.001	0.001	0.997
0.878	0.001	0.120	0.001
0.001	0.001	0.001	0.997
0.001	0.001	0.001	0.997
0.001	0.001	0.997	0.001
0.997	0.001	0.001	0.001
0.001	0.864	0.134	0.001
0.001	0.001	0.997	0.001
>TCGATCTT	6-TCGATCTT	5.987742	-37.820408	0	T:301.0(52.53%),B:17004.0(35.38%),P:1e-16	Tpos:259.5,Tstd:371.7,Bpos:222.7,Bstd:151.2,StrandBias:-0.2,Multiplicity:1.55
0.042	0.105	0.089	0.764
0.215	0.456	0.069	0.259
0.058	0.245	0.695	0.002
0.875	0.021	0.004	0.100
0.003	0.133	0.203	0.661
0.069	0.798	0.039	0.094
0.007	0.153	0.016	0.824
0.027	0.029	0.013	0.931
>GATTAWSG	7-GATTAWSG	5.747262	-37.268527	0	T:79.0(13.79%),B:2297.2(4.78%),P:1e-16	Tpos:252.0,Tstd:461.1,Bpos:223.3,Bstd:150.6,StrandBias:-1.1,Multiplicity:1.05
0.001	0.001	0.997	0.001
0.997	0.001	0.001	0.001
0.001	0.001	0.001	0.997
0.001	0.001	0.001	0.997
0.981	0.001	0.001	0.017
0.562	0.001	0.001	0.436
0.001	0.490	0.508	0.001
0.001	0.001	0.997	0.001
>GTAGTACT	8-GTAGTACT	10.450735	-35.189862	0	T:43.0(7.50%),B:792.5(1.65%),P:1e-15	Tpos:181.4,Tstd:103.6,Bpos:219.8,Bstd:154.6,StrandBias:-0.7,Multiplicity:1.07
0.001	0.001	0.997	0.001
0.001	0.001	0.207	0.791
0.997	0.001	0.001	0.001
0.001	0.319	0.679	0.001
0.001	0.001	0.001	0.997
0.997	0.001	0.001	0.001
0.001	0.997	0.001	0.001
0.001	0.001	0.001	0.997
>CCTATTTA	9-CCTATTTA	7.743020	-34.894253	0	T:125.0(21.82%),B:4954.3(10.31%),P:1e-15	Tpos:367.9,Tstd:706.6,Bpos:221.6,Bstd:145.4,StrandBias:0.1,Multiplicity:1.15
0.001	0.708	0.153	0.138
0.001	0.759	0.008	0.232
0.001	0.003	0.001	0.995
0.660	0.001	0.338	0.001
0.275	0.151	0.001	0.573
0.001	0.001	0.001	0.997
0.047	0.299	0.019	0.635
0.899	0.001	0.099	0.001
>GATCCATC	10-GATCCATC	8.905748	-31.269041	0	T:78.0(13.61%),B:2519.2(5.24%),P:1e-13	Tpos:272.0,Tstd:404.9,Bpos:222.2,Bstd:162.0,StrandBias:-0.0,Multiplicity:1.08
0.001	0.001	0.997	0.001
0.921	0.001	0.077	0.001
0.001	0.001	0.001	0.997
0.001	0.997	0.001	0.001
0.001	0.997	0.001	0.001
0.749	0.001	0.001	0.249
0.060	0.001	0.001	0.938
0.176	0.822	0.001	0.001
>GKGWTTSC	11-GKGWTTSC	8.297651	-30.372776	0	T:132.0(23.04%),B:5709.3(11.88%),P:1e-13	Tpos:234.3,Tstd:180.5,Bpos:222.9,Bstd:151.1,StrandBias:0.0,Multiplicity:1.09
0.001	0.012	0.806	0.181
0.001	0.005	0.514	0.480
0.001	0.001	0.997	0.001
0.518	0.003	0.001	0.478
0.001	0.031	0.011	0.957
0.001	0.042	0.001	0.956
0.001	0.471	0.527	0.001
0.001	0.720	0.260	0.019
>CCATTTGT	12-CCATTTGT	6.912871	-28.807671	0	T:232.0(40.49%),B:12758.2(26.54%),P:1e-12	Tpos:247.1,Tstd:430.3,Bpos:221.3,Bstd:148.6,StrandBias:-0.4,Multiplicity:1.22
0.025	0.972	0.002	0.001
0.098	0.869	0.032	0.001
0.809	0.001	0.093	0.097
0.175	0.033	0.033	0.759
0.001	0.001	0.029	0.969
0.001	0.175	0.007	0.817
0.001	0.001	0.711	0.287
0.171	0.175	0.196	0.457
>CTGGATAT	13-CTGGATAT	6.819221	-28.580117	0	T:76.0(13.26%),B:2550.1(5.31%),P:1e-12	Tpos:227.1,Tstd:405.8,Bpos:224.4,Bstd:148.8,StrandBias:-0.2,Multiplicity:1.20
0.001	0.997	0.001	0.001
0.001	0.001	0.001	0.997
0.001	0.020	0.978	0.001
0.001	0.001	0.997	0.001
0.711	0.287	0.001	0.001
0.001	0.001	0.001	0.997
0.997	0.001	0.001	0.001
0.001	0.001	0.001	0.997
>CGTGGAAA	14-CGTGGAAA	9.039295	-28.367657	0	T:42.0(7.33%),B:930.1(1.94%),P:1e-12	Tpos:249.3,Tstd:210.1,Bpos:218.8,Bstd:152.4,StrandBias:0.6,Multiplicity:1.43
0.001	0.997	0.001	0.001
0.001	0.001	0.997	0.001
0.001	0.001	0.001	0.997
0.001	0.001	0.997	0.001
0.056	0.001	0.942	0.001
0.997	0.001	0.001	0.001
0.997	0.001	0.001	0.001
0.859	0.001	0.001	0.139
>CTGATAGG	15-CTGATAGG	8.360908	-28.204794	0	T:103.0(17.98%),B:4096.3(8.52%),P:1e-12	Tpos:304.2,Tstd:449.8,Bpos:220.5,Bstd:149.1,StrandBias:-0.2,Multiplicity:1.03
0.001	0.997	0.001	0.001
0.001	0.001	0.001	0.997
0.001	0.001	0.997	0.001
0.997	0.001	0.001	0.001
0.122	0.001	0.001	0.876
0.903	0.001	0.001	0.095
0.001	0.001	0.997	0.001
0.202	0.001	0.796	0.001
>TTTAGCTC	16-TTTAGCTC	9.454872	-28.017911	0	T:74.0(12.91%),B:2473.7(5.15%),P:1e-12	Tpos:201.1,Tstd:141.2,Bpos:223.0,Bstd:155.0,StrandBias:-0.3,Multiplicity:1.05
0.001	0.001	0.001	0.997
0.001	0.001	0.001	0.997
0.001	0.001	0.001	0.997
0.997	0.001	0.001	0.001
0.001	0.001	0.997	0.001
0.001	0.799	0.199	0.001
0.001	0.001	0.001	0.997
0.001	0.997	0.001	0.001
>ACCAGTTG	17-ACCAGTTG	8.665638	-26.342344	0	T:75.0(13.09%),B:2618.0(5.45%),P:1e-11	Tpos:340.4,Tstd:718.2,Bpos:215.2,Bstd:156.5,StrandBias:-0.3,Multiplicity:1.04
0.997	0.001	0.001	0.001
0.001	0.997	0.001	0.001
0.001	0.997	0.001	0.001
0.960	0.014	0.025	0.001
0.080	0.001	0.918	0.001
0.151	0.001	0.001	0.847
0.120	0.001	0.001	0.878
0.001	0.001	0.997	0.001
>TTCGTTGA	18-TTCGTTGA	8.011548	-25.248079	0	T:175.0(30.54%),B:9046.1(18.82%),P:1e-10	Tpos:255.0,Tstd:368.6,Bpos:221.0,Bstd:156.5,StrandBias:-0.3,Multiplicity:1.57
0.006	0.006	0.007	0.981
0.047	0.006	0.001	0.946
0.001	0.637	0.201	0.161
0.001	0.089	0.610	0.300
0.006	0.001	0.024	0.969
0.001	0.001	0.078	0.920
0.014	0.001	0.984	0.001
0.997	0.001	0.001	0.001
>TATGYCGA	19-TATGYCGA	5.418267	-24.545934	0	T:128.0(22.34%),B:5939.5(12.36%),P:1e-10	Tpos:383.0,Tstd:526.8,Bpos:221.9,Bstd:144.6,StrandBias:0.3,Multiplicity:1.39
0.001	0.001	0.001	0.997
0.518	0.348	0.064	0.070
0.130	0.001	0.001	0.868
0.001	0.001	0.997	0.001
0.001	0.426	0.199	0.375
0.001	0.997	0.001	0.001
0.001	0.001	0.997	0.001
0.462	0.001	0.249	0.288
>SAAAATCA	20-SAAAATCA	9.876218	-23.351643	0	T:64.0(11.17%),B:2188.5(4.55%),P:1e-10	Tpos:271.7,Tstd:249.9,Bpos:221.6,Bstd:155.4,StrandBias:0.6,Multiplicity:1.15
0.001	0.438	0.560	0.001
0.952	0.002	0.045	0.001
0.997	0.001	0.001	0.001
0.763	0.001	0.001	0.235
0.953	0.045	0.001	0.001
0.001	0.001	0.001	0.997
0.001	0.997	0.001	0.001
0.773	0.225	0.001	0.001
>AATAGYGG	21-AATAGYGG	7.339500	-22.731499	0	T:97.0(16.93%),B:4133.4(8.60%),P:1e-9	Tpos:238.7,Tstd:225.6,Bpos:226.1,Bstd:144.8,StrandBias:-0.4,Multiplicity:1.11
0.997	0.001	0.001	0.001
0.997	0.001	0.001	0.001
0.099	0.001	0.001	0.899
0.712	0.001	0.001	0.286
0.030	0.001	0.944	0.025
0.001	0.560	0.001	0.438
0.001	0.001	0.925	0.073
0.001	0.001	0.957	0.041
>AATAACCC	22-AATAACCC	9.722249	-22.711346	0	T:56.0(9.77%),B:1801.1(3.75%),P:1e-9	Tpos:302.1,Tstd:713.9,Bpos:221.7,Bstd:154.4,StrandBias:1.3,Multiplicity:1.20
0.997	0.001	0.001	0.001
0.997	0.001	0.001	0.001
0.001	0.260	0.001	0.738
0.997	0.001	0.001	0.001
0.997	0.001	0.001	0.001
0.001	0.997	0.001	0.001
0.001	0.997	0.001	0.001
0.001	0.997	0.001	0.001
>ATCTGGGT	23-ATCTGGGT	11.056237	-20.544890	0	T:43.0(7.50%),B:1251.3(2.60%),P:1e-8	Tpos:241.8,Tstd:332.0,Bpos:226.4,Bstd:140.8,StrandBias:-1.0,Multiplicity:1.14
0.997	0.001	0.001	0.001
0.001	0.001	0.001	0.997
0.001	0.997	0.001	0.001
0.001	0.001	0.001	0.997
0.001	0.011	0.987	0.001
0.001	0.001	0.997	0.001
0.001	0.001	0.997	0.001
0.001	0.001	0.001	0.997
>CACCCGAA	24-CACCCGAA	9.261659	-18.534523	0	T:47.0(8.20%),B:1546.5(3.22%),P:1e-8	Tpos:226.2,Tstd:275.0,Bpos:224.6,Bstd:155.8,StrandBias:0.0,Multiplicity:1.30
0.001	0.997	0.001	0.001
0.997	0.001	0.001	0.001
0.358	0.640	0.001	0.001
0.001	0.997	0.001	0.001
0.001	0.613	0.001	0.385
0.001	0.001	0.997	0.001
0.997	0.001	0.001	0.001
0.743	0.001	0.001	0.255
>GACCAATT	25-GACCAATT	8.236954	-16.706725	0	T:35.0(6.11%),B:1029.4(2.14%),P:1e-7	Tpos:183.1,Tstd:149.0,Bpos:224.3,Bstd:170.6,StrandBias:-0.1,Multiplicity:1.00
0.100	0.100	0.700	0.100
0.700	0.100	0.100	0.100
0.100	0.700	0.100	0.100
0.100	0.700	0.100	0.100
0.700	0.100	0.100	0.100
0.700	0.100	0.100	0.100
0.100	0.100	0.100	0.700
0.100	0.100	0.100	0.700
