>TATGGCGA	1-TATGGCGA	8.236954	-17.345474	0	T:8.0(3.65%),B:102.3(0.21%),P:1e-7	Tpos:455.5,Tstd:557.0,Bpos:272.6,Bstd:178.9,StrandBias:1.8,Multiplicity:2.88
0.100	0.100	0.100	0.700
0.700	0.100	0.100	0.100
0.100	0.100	0.100	0.700
0.100	0.100	0.700	0.100
0.100	0.100	0.700	0.100
0.100	0.700	0.100	0.100
0.100	0.100	0.700	0.100
0.700	0.100	0.100	0.100
>CGTGATTT	2-CGTGATTT	6.976960	-13.228810	0	T:32.0(14.61%),B:2836.7(5.84%),P:1e-5	Tpos:449.1,Tstd:724.9,Bpos:255.3,Bstd:166.9,StrandBias:0.0,Multiplicity:1.35
0.115	0.883	0.001	0.001
0.001	0.001	0.997	0.001
0.001	0.006	0.160	0.833
0.188	0.244	0.488	0.081
0.929	0.001	0.056	0.014
0.004	0.001	0.103	0.892
0.175	0.001	0.001	0.823
0.001	0.001	0.067	0.931
>GATCCTAC	3-GATCCTAC	10.814809	-12.711254	0	T:10.0(4.57%),B:327.1(0.67%),P:1e-5	Tpos:548.9,Tstd:895.3,Bpos:254.6,Bstd:163.7,StrandBias:0.0,Multiplicity:1.00
0.001	0.001	0.997	0.001
0.856	0.001	0.001	0.142
0.001	0.001	0.001	0.997
0.001	0.903	0.001	0.095
0.001	0.997	0.001	0.001
0.001	0.001	0.001	0.997
0.997	0.001	0.001	0.001
0.001	0.997	0.001	0.001
>AATTATTA	4-AATTATTA	9.104512	-11.048138	0	T:22.0(10.05%),B:1742.8(3.59%),P:1e-4	Tpos:803.0,Tstd:1002.7,Bpos:259.2,Bstd:163.3,StrandBias:0.5,Multiplicity:1.41
0.859	0.001	0.001	0.139
0.911	0.071	0.017	0.001
0.001	0.001	0.001	0.997
0.233	0.008	0.001	0.758
0.997	0.001	0.001	0.001
0.001	0.046	0.026	0.927
0.001	0.008	0.119	0.872
0.694	0.017	0.288	0.001
>TAGGACCT	5-TAGGACCT	8.304702	-10.269559	0	T:18.0(8.22%),B:1314.4(2.70%),P:1e-4	Tpos:513.1,Tstd:722.9,Bpos:253.4,Bstd:158.9,StrandBias:1.8,Multiplicity:2.22
0.001	0.001	0.001	0.997
0.997	0.001	0.001	0.001
0.001	0.001	0.997	0.001
0.001	0.001	0.997	0.001
0.997	0.001	0.001	0.001
0.001	0.997	0.001	0.001
0.001	0.647	0.289	0.063
0.001	0.001	0.001	0.997
>GTTGGKTG	6-GTTGGKTG	7.643420	-10.179630	0	T:47.0(21.46%),B:5751.2(11.83%),P:1e-4	Tpos:822.4,Tstd:1181.0,Bpos:257.3,Bstd:161.9,StrandBias:-0.8,Multiplicity:1.76
0.134	0.001	0.864	0.001
0.029	0.064	0.024	0.883
0.001	0.030	0.001	0.968
0.001	0.025	0.620	0.354
0.001	0.045	0.893	0.061
0.033	0.062	0.472	0.433
0.001	0.025	0.001	0.973
0.019	0.001	0.683	0.297
>ACCGCCCA	7-ACCGCCCA	6.450311	-9.240690	0	T:75.0(34.25%),B:11159.6(22.96%),P:1e-4	Tpos:362.5,Tstd:752.5,Bpos:246.6,Bstd:160.7,StrandBias:0.3,Multiplicity:1.52
0.542	0.298	0.001	0.159
0.307	0.625	0.001	0.067
0.002	0.910	0.075	0.013
0.001	0.001	0.957	0.041
0.083	0.904	0.012	0.001
0.001	0.889	0.001	0.109
0.065	0.781	0.048	0.106
0.866	0.014	0.002	0.118
>TTTTCAGT	8-TTTTCAGT	7.030195	-7.804763	0	T:26.0(11.87%),B:2798.6(5.76%),P:1e-3	Tpos:377.5,Tstd:318.1,Bpos:260.2,Bstd:165.9,StrandBias:-0.8,Multiplicity:2.08
0.001	0.001	0.001	0.997
0.001	0.001	0.001	0.997
0.001	0.001	0.001	0.997
0.120	0.001	0.001	0.878
0.001	0.997	0.001	0.001
0.937	0.042	0.020	0.001
0.001	0.001	0.997	0.001
0.001	0.001	0.001	0.997
>TTAGGCCT	9-TTAGGCCT	8.393161	-7.729209	0	T:18.0(8.22%),B:1617.9(3.33%),P:1e-3	Tpos:797.6,Tstd:1139.3,Bpos:257.7,Bstd:164.6,StrandBias:-0.4,Multiplicity:1.56
0.037	0.134	0.001	0.828
0.028	0.001	0.001	0.970
0.987	0.001	0.001	0.011
0.001	0.001	0.959	0.039
0.001	0.026	0.919	0.054
0.001	0.737	0.261	0.001
0.001	0.835	0.001	0.163
0.037	0.086	0.074	0.803
>CCGCCTAT	10-CCGCCTAT	7.879556	-6.905824	0	T:7.0(3.20%),B:341.0(0.70%),P:1e-2	Tpos:147.6,Tstd:111.3,Bpos:264.7,Bstd:165.2,StrandBias:0.4,Multiplicity:1.00
0.097	0.744	0.001	0.158
0.001	0.973	0.025	0.001
0.001	0.001	0.937	0.061
0.104	0.518	0.337	0.041
0.046	0.764	0.001	0.189
0.044	0.349	0.039	0.568
0.530	0.242	0.006	0.222
0.001	0.187	0.045	0.767
>GAYYMCGC	11-GAYYMCGC	6.919975	-5.893411	0	T:33.0(15.07%),B:4409.6(9.07%),P:1e-2	Tpos:378.2,Tstd:676.8,Bpos:254.8,Bstd:167.3,StrandBias:0.1,Multiplicity:1.30
0.142	0.152	0.462	0.244
0.666	0.001	0.264	0.069
0.001	0.498	0.001	0.500
0.055	0.442	0.001	0.502
0.448	0.548	0.001	0.003
0.126	0.774	0.001	0.099
0.001	0.001	0.959	0.039
0.067	0.931	0.001	0.001
>AAATGAGA	12-AAATGAGA	4.123750	-3.818730	0	T:36.0(16.44%),B:5673.3(11.67%),P:1e-1	Tpos:367.3,Tstd:317.1,Bpos:258.1,Bstd:162.5,StrandBias:0.9,Multiplicity:2.03
0.997	0.001	0.001	0.001
0.997	0.001	0.001	0.001
0.997	0.001	0.001	0.001
0.001	0.100	0.001	0.898
0.001	0.001	0.997	0.001
0.960	0.038	0.001	0.001
0.001	0.001	0.997	0.001
0.997	0.001	0.001	0.001
>TCTTTCTT	13-TCTTTCTT	8.236954	-0.106849	0	T:11.0(5.02%),B:3370.2(6.93%),P:1e0	Tpos:368.9,Tstd:198.0,Bpos:256.6,Bstd:159.1,StrandBias:1.5,Multiplicity:6.00
0.100	0.100	0.100	0.700
0.100	0.700	0.100	0.100
0.100	0.100	0.100	0.700
0.100	0.100	0.100	0.700
0.100	0.100	0.100	0.700
0.100	0.700	0.100	0.100
0.100	0.100	0.100	0.700
0.100	0.100	0.100	0.700
