>GAGTTCAA	1-GAGTTCAA	10.304737	-96.357042	0	T:3437.0(7.86%),B:2722.7(6.23%),P:1e-41	Tpos:305.4,Tstd:302.5,Bpos:223.6,Bstd:132.8,StrandBias:-0.0,Multiplicity:1.09
0.001	0.001	0.997	0.001
0.976	0.001	0.022	0.001
0.001	0.001	0.982	0.016
0.001	0.008	0.009	0.982
0.001	0.006	0.001	0.992
0.001	0.925	0.032	0.042
0.531	0.221	0.219	0.029
0.997	0.001	0.001	0.001
>AGTTCCAG	2-AGTTCCAG	8.266542	-60.679996	0	T:4656.0(10.65%),B:3995.7(9.14%),P:1e-26	Tpos:311.9,Tstd:309.7,Bpos:225.1,Bstd:132.7,StrandBias:0.0,Multiplicity:1.11
0.997	0.001	0.001	0.001
0.074	0.001	0.924	0.001
0.081	0.001	0.001	0.917
0.087	0.001	0.001	0.911
0.001	0.997	0.001	0.001
0.001	0.852	0.081	0.066
0.954	0.044	0.001	0.001
0.001	0.001	0.997	0.001
>TCCCAGCA	3-TCCCAGCA	10.773930	-60.535153	0	T:5460.0(12.49%),B:4749.3(10.86%),P:1e-26	Tpos:306.5,Tstd:296.8,Bpos:227.0,Bstd:134.6,StrandBias:0.0,Multiplicity:1.12
0.001	0.078	0.001	0.920
0.001	0.997	0.001	0.001
0.001	0.920	0.001	0.078
0.001	0.937	0.001	0.061
0.997	0.001	0.001	0.001
0.068	0.001	0.930	0.001
0.001	0.997	0.001	0.001
0.997	0.001	0.001	0.001
>CTGGTCTA	4-CTGGTCTA	10.881408	-54.119160	0	T:3129.0(7.16%),B:2614.3(5.98%),P:1e-23	Tpos:310.2,Tstd:296.1,Bpos:230.4,Bstd:132.8,StrandBias:0.1,Multiplicity:1.08
0.001	0.997	0.001	0.001
0.001	0.001	0.001	0.997
0.098	0.001	0.900	0.001
0.080	0.001	0.918	0.001
0.001	0.001	0.001	0.997
0.001	0.997	0.001	0.001
0.001	0.001	0.001	0.997
0.997	0.001	0.001	0.001
>GTGGCTCA	5-GTGGCTCA	10.547338	-43.652045	0	T:2615.0(5.98%),B:2192.9(5.02%),P:1e-18	Tpos:311.0,Tstd:326.5,Bpos:225.1,Bstd:132.7,StrandBias:0.0,Multiplicity:1.07
0.170	0.001	0.828	0.001
0.001	0.001	0.001	0.997
0.001	0.024	0.974	0.001
0.001	0.001	0.997	0.001
0.001	0.997	0.001	0.001
0.121	0.001	0.075	0.803
0.001	0.997	0.001	0.001
0.908	0.090	0.001	0.001
>ACCCTGTC	6-ACCCTGTC	8.389571	-42.348792	0	T:4693.0(10.74%),B:4140.5(9.47%),P:1e-18	Tpos:310.3,Tstd:362.9,Bpos:231.2,Bstd:132.2,StrandBias:0.0,Multiplicity:1.08
0.997	0.001	0.001	0.001
0.001	0.997	0.001	0.001
0.001	0.997	0.001	0.001
0.001	0.957	0.041	0.001
0.001	0.001	0.001	0.997
0.074	0.001	0.835	0.090
0.074	0.001	0.001	0.924
0.144	0.854	0.001	0.001
>GGCTGGAG	7-GGCTGGAG	9.086507	-37.560170	0	T:3494.0(7.99%),B:3042.8(6.96%),P:1e-16	Tpos:306.3,Tstd:309.4,Bpos:225.3,Bstd:131.3,StrandBias:-0.0,Multiplicity:1.08
0.001	0.001	0.997	0.001
0.001	0.001	0.997	0.001
0.001	0.997	0.001	0.001
0.001	0.001	0.001	0.997
0.164	0.001	0.834	0.001
0.001	0.001	0.997	0.001
0.837	0.001	0.001	0.161
0.001	0.001	0.997	0.001
>CCCKGGCT	8-CCCKGGCT	8.781497	-32.150905	0	T:3889.0(8.90%),B:3451.0(7.89%),P:1e-13	Tpos:317.8,Tstd:307.6,Bpos:227.7,Bstd:133.1,StrandBias:-0.0,Multiplicity:1.07
0.059	0.730	0.210	0.001
0.031	0.967	0.001	0.001
0.185	0.708	0.066	0.041
0.073	0.050	0.481	0.397
0.001	0.001	0.997	0.001
0.034	0.071	0.579	0.316
0.035	0.940	0.024	0.001
0.056	0.020	0.001	0.923
>AGGCGTGT	9-AGGCGTGT	8.736278	-30.821867	0	T:646.0(1.48%),B:475.4(1.09%),P:1e-13	Tpos:301.2,Tstd:296.9,Bpos:224.5,Bstd:126.9,StrandBias:-0.2,Multiplicity:1.05
0.997	0.001	0.001	0.001
0.001	0.001	0.997	0.001
0.001	0.001	0.997	0.001
0.001	0.997	0.001	0.001
0.001	0.001	0.997	0.001
0.001	0.001	0.001	0.997
0.097	0.001	0.901	0.001
0.001	0.001	0.001	0.997
>GATGGTTG	10-GATGGTTG	8.664530	-29.319681	0	T:2753.0(6.30%),B:2399.0(5.49%),P:1e-12	Tpos:308.1,Tstd:305.4,Bpos:225.1,Bstd:129.5,StrandBias:-0.1,Multiplicity:1.30
0.001	0.001	0.997	0.001
0.997	0.001	0.001	0.001
0.001	0.035	0.001	0.963
0.001	0.001	0.997	0.001
0.001	0.001	0.997	0.001
0.291	0.001	0.001	0.707
0.001	0.143	0.084	0.772
0.001	0.079	0.919	0.001
>ACCATATG	11-ACCATATG	7.505862	-26.951168	0	T:6263.0(14.33%),B:5766.2(13.19%),P:1e-11	Tpos:311.7,Tstd:444.8,Bpos:228.9,Bstd:132.8,StrandBias:0.0,Multiplicity:1.13
0.517	0.309	0.001	0.173
0.156	0.629	0.214	0.001
0.001	0.997	0.001	0.001
0.997	0.001	0.001	0.001
0.001	0.156	0.007	0.836
0.834	0.123	0.042	0.001
0.009	0.124	0.001	0.866
0.001	0.005	0.993	0.001
>TGCCTGCC	12-TGCCTGCC	8.169913	-26.932142	0	T:4383.0(10.03%),B:3960.7(9.06%),P:1e-11	Tpos:308.2,Tstd:311.4,Bpos:228.9,Bstd:132.4,StrandBias:-0.0,Multiplicity:1.20
0.001	0.199	0.001	0.799
0.001	0.001	0.997	0.001
0.001	0.997	0.001	0.001
0.131	0.867	0.001	0.001
0.001	0.001	0.079	0.919
0.001	0.001	0.997	0.001
0.001	0.997	0.001	0.001
0.001	0.997	0.001	0.001
>GAGGCAGA	13-GAGGCAGA	9.155400	-26.650228	0	T:4643.0(10.62%),B:4211.8(9.63%),P:1e-11	Tpos:302.9,Tstd:289.1,Bpos:228.2,Bstd:134.3,StrandBias:-0.0,Multiplicity:1.28
0.001	0.028	0.943	0.028
0.970	0.001	0.028	0.001
0.322	0.054	0.576	0.048
0.044	0.048	0.860	0.048
0.423	0.575	0.001	0.001
0.689	0.118	0.192	0.001
0.001	0.191	0.807	0.001
0.997	0.001	0.001	0.001
>AAGGTGTG	14-AAGGTGTG	8.554037	-26.364779	0	T:4423.0(10.12%),B:4003.4(9.16%),P:1e-11	Tpos:305.3,Tstd:314.2,Bpos:227.7,Bstd:132.8,StrandBias:0.1,Multiplicity:1.11
0.809	0.189	0.001	0.001
0.823	0.050	0.126	0.001
0.001	0.060	0.938	0.001
0.088	0.001	0.910	0.001
0.001	0.001	0.001	0.997
0.001	0.001	0.997	0.001
0.001	0.001	0.080	0.918
0.001	0.001	0.997	0.001
>AAGAGCAG	15-AAGAGCAG	10.468841	-22.018851	0	T:2957.0(6.76%),B:2642.9(6.05%),P:1e-9	Tpos:307.6,Tstd:294.4,Bpos:228.8,Bstd:131.0,StrandBias:0.1,Multiplicity:1.05
0.997	0.001	0.001	0.001
0.997	0.001	0.001	0.001
0.001	0.001	0.997	0.001
0.881	0.117	0.001	0.001
0.001	0.001	0.997	0.001
0.001	0.907	0.001	0.091
0.965	0.001	0.033	0.001
0.001	0.293	0.705	0.001
>AAGACAGC	16-AAGACAGC	9.553840	-21.611659	0	T:3879.0(8.87%),B:3524.2(8.06%),P:1e-9	Tpos:325.9,Tstd:641.3,Bpos:228.8,Bstd:132.0,StrandBias:0.0,Multiplicity:1.07
0.997	0.001	0.001	0.001
0.997	0.001	0.001	0.001
0.001	0.001	0.782	0.216
0.997	0.001	0.001	0.001
0.299	0.699	0.001	0.001
0.997	0.001	0.001	0.001
0.001	0.001	0.997	0.001
0.064	0.934	0.001	0.001
>TCGTTTCG	17-TCGTTTCG	7.022790	-20.195460	0	T:4565.0(10.44%),B:4196.4(9.60%),P:1e-8	Tpos:305.2,Tstd:302.3,Bpos:231.5,Bstd:132.1,StrandBias:0.0,Multiplicity:1.44
0.038	0.045	0.045	0.872
0.001	0.670	0.015	0.314
0.001	0.059	0.938	0.002
0.001	0.001	0.003	0.995
0.001	0.261	0.031	0.707
0.171	0.085	0.082	0.662
0.001	0.687	0.001	0.311
0.024	0.094	0.835	0.047
>ATTTATTT	18-ATTTATTT	10.708765	-19.738629	0	T:4609.0(10.54%),B:4244.0(9.71%),P:1e-8	Tpos:314.1,Tstd:302.4,Bpos:225.8,Bstd:132.3,StrandBias:-0.0,Multiplicity:1.66
0.738	0.001	0.105	0.156
0.001	0.001	0.001	0.997
0.001	0.001	0.001	0.997
0.001	0.001	0.056	0.942
0.997	0.001	0.001	0.001
0.001	0.001	0.001	0.997
0.001	0.001	0.001	0.997
0.001	0.001	0.001	0.997
>TATATATA	19-TATATATA	8.126860	-15.403306	0	T:5251.0(12.01%),B:4913.4(11.24%),P:1e-6	Tpos:309.9,Tstd:321.8,Bpos:220.0,Bstd:130.7,StrandBias:-0.0,Multiplicity:1.45
0.001	0.090	0.047	0.862
0.829	0.128	0.042	0.001
0.001	0.161	0.001	0.837
0.969	0.029	0.001	0.001
0.001	0.100	0.001	0.898
0.956	0.042	0.001	0.001
0.001	0.001	0.001	0.997
0.997	0.001	0.001	0.001
>GACGGCTC	20-GACGGCTC	6.537181	-12.528800	0	T:4680.0(10.71%),B:4395.6(10.06%),P:1e-5	Tpos:329.8,Tstd:316.1,Bpos:226.1,Bstd:130.8,StrandBias:0.1,Multiplicity:1.12
0.094	0.088	0.711	0.107
0.741	0.163	0.053	0.043
0.059	0.828	0.025	0.088
0.139	0.049	0.765	0.047
0.138	0.091	0.749	0.022
0.056	0.647	0.137	0.160
0.078	0.088	0.066	0.768
0.091	0.798	0.048	0.063
>AAAAAAAA	21-AAAAAAAA	8.236954	-10.179213	0	T:7825.0(17.90%),B:7511.9(17.18%),P:1e-4	Tpos:311.3,Tstd:311.0,Bpos:226.7,Bstd:133.4,StrandBias:0.1,Multiplicity:1.23
0.700	0.100	0.100	0.100
0.700	0.100	0.100	0.100
0.700	0.100	0.100	0.100
0.700	0.100	0.100	0.100
0.700	0.100	0.100	0.100
0.700	0.100	0.100	0.100
0.700	0.100	0.100	0.100
0.700	0.100	0.100	0.100
>GTAGGTAG	22-GTAGGTAG	7.986813	-6.330049	0	T:1296.0(2.96%),B:1195.4(2.73%),P:1e-2	Tpos:296.4,Tstd:283.5,Bpos:235.3,Bstd:129.3,StrandBias:-0.4,Multiplicity:1.22
0.001	0.001	0.881	0.117
0.001	0.001	0.001	0.997
0.929	0.069	0.001	0.001
0.001	0.001	0.997	0.001
0.001	0.001	0.997	0.001
0.001	0.001	0.001	0.997
0.836	0.162	0.001	0.001
0.001	0.104	0.894	0.001
>GGGGGGGG	23-GGGGGGGG	10.521125	-2.726259	0	T:1720.0(3.93%),B:1659.8(3.80%),P:1e-1	Tpos:306.3,Tstd:286.1,Bpos:229.6,Bstd:128.5,StrandBias:0.0,Multiplicity:1.08
0.001	0.057	0.881	0.061
0.001	0.034	0.964	0.001
0.001	0.063	0.935	0.001
0.001	0.109	0.889	0.001
0.001	0.075	0.923	0.001
0.001	0.079	0.919	0.001
0.001	0.001	0.997	0.001
0.001	0.050	0.948	0.001
>GAAAGAAA	24-GAAAGAAA	8.236954	-0.837763	0	T:3587.0(8.21%),B:3577.2(8.18%),P:1e0	Tpos:318.7,Tstd:312.2,Bpos:231.1,Bstd:129.1,StrandBias:0.1,Multiplicity:2.26
0.100	0.100	0.700	0.100
0.700	0.100	0.100	0.100
0.700	0.100	0.100	0.100
0.700	0.100	0.100	0.100
0.100	0.100	0.700	0.100
0.700	0.100	0.100	0.100
0.700	0.100	0.100	0.100
0.700	0.100	0.100	0.100
>CTTCTTCT	25-CTTCTTCT	8.236954	-0.165566	0	T:2018.0(4.62%),B:2063.4(4.72%),P:1e0	Tpos:312.1,Tstd:307.9,Bpos:227.6,Bstd:128.8,StrandBias:-0.3,Multiplicity:1.16
0.100	0.700	0.100	0.100
0.100	0.100	0.100	0.700
0.100	0.100	0.100	0.700
0.100	0.700	0.100	0.100
0.100	0.100	0.100	0.700
0.100	0.100	0.100	0.700
0.100	0.700	0.100	0.100
0.100	0.100	0.100	0.700
