>ACATTCCT	1-ACATTCCT	8.087714	-96.742347	0	T:373.0(20.04%),B:4492.3(9.53%),P:1e-42	Tpos:327.0,Tstd:265.1,Bpos:234.0,Bstd:140.6,StrandBias:-0.4,Multiplicity:1.23
0.851	0.001	0.147	0.001
0.116	0.796	0.087	0.001
0.971	0.001	0.001	0.027
0.001	0.001	0.001	0.997
0.001	0.001	0.041	0.957
0.038	0.960	0.001	0.001
0.001	0.923	0.001	0.075
0.137	0.014	0.032	0.817
>GCGATAAA	2-GCGATAAA	5.722080	-46.066804	0	T:653.0(35.09%),B:11966.0(25.38%),P:1e-20	Tpos:318.7,Tstd:320.8,Bpos:231.9,Bstd:143.9,StrandBias:-0.0,Multiplicity:1.47
0.092	0.066	0.806	0.036
0.162	0.540	0.071	0.227
0.198	0.141	0.581	0.080
0.801	0.043	0.121	0.035
0.104	0.018	0.099	0.779
0.892	0.023	0.039	0.046
0.866	0.050	0.037	0.047
0.743	0.041	0.136	0.080
>YCACGCCC	3-YCACGCCC	6.735759	-42.656687	0	T:935.0(50.24%),B:18862.9(40.01%),P:1e-18	Tpos:285.0,Tstd:256.2,Bpos:223.5,Bstd:141.1,StrandBias:0.0,Multiplicity:1.97
0.001	0.558	0.001	0.440
0.001	0.664	0.001	0.334
0.658	0.340	0.001	0.001
0.138	0.860	0.001	0.001
0.348	0.001	0.650	0.001
0.001	0.997	0.001	0.001
0.001	0.924	0.074	0.001
0.001	0.667	0.074	0.258
>CGTTATCT	4-CGTTATCT	5.744870	-37.848179	0	T:497.0(26.71%),B:8851.7(18.78%),P:1e-16	Tpos:318.9,Tstd:341.9,Bpos:232.2,Bstd:141.6,StrandBias:-0.0,Multiplicity:1.23
0.180	0.623	0.091	0.106
0.104	0.196	0.600	0.100
0.040	0.167	0.057	0.736
0.130	0.019	0.035	0.816
0.877	0.051	0.032	0.040
0.060	0.082	0.050	0.808
0.080	0.819	0.092	0.009
0.071	0.142	0.056	0.731
>CCTAAGGC	5-CCTAAGGC	7.285316	-29.772305	0	T:337.0(18.11%),B:5747.3(12.19%),P:1e-12	Tpos:274.9,Tstd:195.5,Bpos:234.6,Bstd:140.5,StrandBias:0.0,Multiplicity:1.15
0.001	0.997	0.001	0.001
0.017	0.919	0.001	0.063
0.060	0.046	0.039	0.855
0.515	0.193	0.188	0.104
0.916	0.001	0.082	0.001
0.041	0.001	0.957	0.001
0.001	0.001	0.984	0.014
0.034	0.933	0.001	0.032
>AATCCGGY	6-AATCCGGY	5.289343	-29.582495	0	T:618.0(33.21%),B:12062.3(25.59%),P:1e-12	Tpos:300.8,Tstd:331.9,Bpos:235.4,Bstd:146.1,StrandBias:0.0,Multiplicity:1.28
0.838	0.057	0.068	0.037
0.527	0.078	0.046	0.349
0.120	0.152	0.035	0.693
0.056	0.802	0.036	0.106
0.084	0.783	0.081	0.052
0.235	0.052	0.712	0.001
0.029	0.224	0.687	0.060
0.074	0.358	0.149	0.419
>CATTCGCG	7-CATTCGCG	6.398944	-26.161853	0	T:172.0(9.24%),B:2509.0(5.32%),P:1e-11	Tpos:284.3,Tstd:373.1,Bpos:229.7,Bstd:147.4,StrandBias:0.3,Multiplicity:1.09
0.014	0.901	0.024	0.061
0.885	0.045	0.069	0.001
0.001	0.001	0.174	0.824
0.013	0.001	0.067	0.919
0.001	0.963	0.035	0.001
0.037	0.102	0.860	0.001
0.015	0.791	0.048	0.146
0.053	0.001	0.926	0.020
>KGATAATN	8-KGATAATN	5.481319	-26.033851	0	T:588.0(31.60%),B:11589.5(24.58%),P:1e-11	Tpos:346.9,Tstd:515.4,Bpos:234.0,Bstd:139.3,StrandBias:0.1,Multiplicity:1.32
0.224	0.100	0.401	0.275
0.048	0.037	0.851	0.064
0.813	0.049	0.083	0.055
0.035	0.032	0.030	0.903
0.857	0.032	0.012	0.099
0.742	0.050	0.173	0.035
0.011	0.013	0.142	0.834
0.283	0.290	0.258	0.169
>AGGAATTC	9-AGGAATTC	9.394246	-22.566319	0	T:118.0(6.34%),B:1593.3(3.38%),P:1e-9	Tpos:356.4,Tstd:375.5,Bpos:236.9,Bstd:140.1,StrandBias:0.1,Multiplicity:1.07
0.702	0.076	0.066	0.156
0.266	0.001	0.732	0.001
0.001	0.001	0.997	0.001
0.997	0.001	0.001	0.001
0.997	0.001	0.001	0.001
0.001	0.001	0.001	0.997
0.001	0.001	0.001	0.997
0.001	0.997	0.001	0.001
>AAAAGGCG	10-AAAAGGCG	7.222035	-19.612034	0	T:194.0(10.42%),B:3192.4(6.77%),P:1e-8	Tpos:279.6,Tstd:199.6,Bpos:227.1,Bstd:151.1,StrandBias:-0.1,Multiplicity:1.09
0.626	0.211	0.162	0.001
0.955	0.001	0.001	0.043
0.811	0.001	0.134	0.054
0.853	0.016	0.001	0.130
0.179	0.001	0.819	0.001
0.001	0.001	0.997	0.001
0.001	0.932	0.001	0.066
0.001	0.001	0.997	0.001
>GTTCAAGG	11-GTTCAAGG	8.173110	-19.476631	0	T:241.0(12.95%),B:4185.1(8.88%),P:1e-8	Tpos:285.8,Tstd:216.4,Bpos:237.5,Bstd:142.2,StrandBias:0.1,Multiplicity:1.08
0.086	0.001	0.912	0.001
0.001	0.229	0.001	0.769
0.001	0.001	0.109	0.889
0.001	0.997	0.001	0.001
0.997	0.001	0.001	0.001
0.931	0.001	0.001	0.067
0.001	0.001	0.997	0.001
0.001	0.001	0.997	0.001
>CCGGAAAG	12-CCGGAAAG	6.863615	-17.193364	0	T:241.0(12.95%),B:4303.0(9.13%),P:1e-7	Tpos:275.9,Tstd:303.9,Bpos:232.9,Bstd:149.5,StrandBias:0.0,Multiplicity:1.07
0.077	0.689	0.120	0.114
0.001	0.964	0.034	0.001
0.130	0.035	0.834	0.001
0.087	0.059	0.807	0.047
0.900	0.001	0.001	0.098
0.997	0.001	0.001	0.001
0.853	0.145	0.001	0.001
0.078	0.245	0.644	0.033
>CGGGTCTT	13-CGGGTCTT	6.890631	-16.460572	0	T:204.0(10.96%),B:3547.2(7.52%),P:1e-7	Tpos:326.2,Tstd:362.4,Bpos:237.0,Bstd:147.0,StrandBias:0.3,Multiplicity:1.11
0.001	0.997	0.001	0.001
0.001	0.001	0.832	0.166
0.001	0.265	0.733	0.001
0.112	0.091	0.711	0.086
0.117	0.034	0.001	0.848
0.061	0.745	0.048	0.146
0.031	0.001	0.028	0.940
0.188	0.001	0.001	0.810
>TCTGAATG	14-TCTGAATG	8.236954	-16.116632	0	T:68.0(3.65%),B:854.9(1.81%),P:1e-6	Tpos:241.1,Tstd:199.8,Bpos:232.4,Bstd:130.4,StrandBias:0.5,Multiplicity:1.05
0.100	0.100	0.100	0.700
0.100	0.700	0.100	0.100
0.100	0.100	0.100	0.700
0.100	0.100	0.700	0.100
0.700	0.100	0.100	0.100
0.700	0.100	0.100	0.100
0.100	0.100	0.100	0.700
0.100	0.100	0.700	0.100
>TTAAGATG	15-TTAAGATG	4.812198	-14.552343	0	T:64.0(3.44%),B:821.5(1.74%),P:1e-6	Tpos:292.9,Tstd:345.4,Bpos:236.5,Bstd:142.2,StrandBias:0.2,Multiplicity:1.02
0.001	0.001	0.001	0.997
0.001	0.001	0.001	0.997
0.997	0.001	0.001	0.001
0.959	0.039	0.001	0.001
0.001	0.001	0.997	0.001
0.997	0.001	0.001	0.001
0.001	0.049	0.001	0.949
0.001	0.001	0.997	0.001
>TTTTTKGT	16-TTTTTKGT	7.949130	-9.114823	0	T:389.0(20.90%),B:8272.1(17.55%),P:1e-3	Tpos:300.7,Tstd:360.6,Bpos:233.0,Bstd:153.9,StrandBias:-0.3,Multiplicity:1.50
0.001	0.001	0.373	0.625
0.001	0.001	0.234	0.764
0.001	0.001	0.154	0.844
0.306	0.001	0.088	0.605
0.001	0.001	0.001	0.997
0.001	0.123	0.385	0.491
0.001	0.001	0.997	0.001
0.001	0.001	0.082	0.916
>TTCCACGT	17-TTCCACGT	9.011520	-6.516523	0	T:38.0(2.04%),B:566.3(1.20%),P:1e-2	Tpos:383.4,Tstd:302.3,Bpos:227.7,Bstd:147.0,StrandBias:0.1,Multiplicity:1.46
0.112	0.001	0.001	0.886
0.158	0.001	0.001	0.840
0.001	0.997	0.001	0.001
0.001	0.997	0.001	0.001
0.907	0.001	0.091	0.001
0.001	0.997	0.001	0.001
0.001	0.001	0.997	0.001
0.001	0.001	0.001	0.997
