>GCCAATTA	1-GCCAATTA	5.439365	-273.083742	0	T:3441.0(38.04%),B:10753.6(26.83%),P:1e-118	Tpos:294.6,Tstd:298.9,Bpos:215.8,Bstd:145.4,StrandBias:-0.0,Multiplicity:1.50
0.221	0.149	0.586	0.044
0.001	0.843	0.131	0.025
0.025	0.507	0.113	0.355
0.933	0.001	0.039	0.027
0.997	0.001	0.001	0.001
0.001	0.001	0.001	0.997
0.001	0.339	0.050	0.610
0.608	0.169	0.222	0.001
>GGGCGGGG	2-GGGCGGGG	7.904262	-204.399090	0	T:4381.0(48.44%),B:15256.9(38.07%),P:1e-88	Tpos:271.1,Tstd:212.6,Bpos:208.3,Bstd:139.0,StrandBias:0.0,Multiplicity:2.22
0.112	0.001	0.886	0.001
0.001	0.001	0.997	0.001
0.001	0.001	0.997	0.001
0.001	0.791	0.001	0.207
0.001	0.001	0.997	0.001
0.001	0.001	0.919	0.079
0.157	0.001	0.841	0.001
0.077	0.001	0.870	0.052
>ATTTGCAT	3-ATTTGCAT	7.774210	-182.514047	0	T:986.0(10.90%),B:2299.5(5.74%),P:1e-79	Tpos:290.4,Tstd:272.4,Bpos:227.9,Bstd:150.0,StrandBias:-0.0,Multiplicity:1.13
0.997	0.001	0.001	0.001
0.001	0.001	0.001	0.997
0.001	0.001	0.001	0.997
0.058	0.001	0.001	0.940
0.001	0.001	0.997	0.001
0.160	0.838	0.001	0.001
0.997	0.001	0.001	0.001
0.088	0.153	0.001	0.758
>TTAACACC	4-TTAACACC	5.977614	-173.786071	0	T:2102.0(23.24%),B:6321.9(15.78%),P:1e-75	Tpos:277.3,Tstd:238.6,Bpos:227.6,Bstd:146.2,StrandBias:0.1,Multiplicity:1.21
0.015	0.056	0.050	0.879
0.117	0.018	0.001	0.864
0.658	0.203	0.026	0.113
0.759	0.072	0.070	0.099
0.113	0.811	0.044	0.032
0.623	0.102	0.136	0.139
0.063	0.712	0.173	0.052
0.040	0.699	0.118	0.143
>CCTGCTGW	5-CCTGCTGW	7.638276	-151.904230	0	T:1585.0(17.52%),B:4560.8(11.38%),P:1e-65	Tpos:255.1,Tstd:195.0,Bpos:225.9,Bstd:132.8,StrandBias:-0.1,Multiplicity:1.13
0.001	0.997	0.001	0.001
0.001	0.997	0.001	0.001
0.001	0.001	0.001	0.997
0.001	0.001	0.997	0.001
0.001	0.997	0.001	0.001
0.001	0.001	0.072	0.926
0.001	0.001	0.997	0.001
0.329	0.001	0.222	0.448
>GSRRATTA	6-GSRRATTA	6.701107	-151.818355	0	T:647.0(7.15%),B:1363.5(3.40%),P:1e-65	Tpos:266.8,Tstd:203.1,Bpos:216.3,Bstd:145.6,StrandBias:0.0,Multiplicity:1.04
0.002	0.122	0.794	0.082
0.001	0.569	0.429	0.001
0.450	0.171	0.312	0.067
0.252	0.130	0.399	0.219
0.778	0.001	0.001	0.220
0.214	0.001	0.193	0.592
0.047	0.067	0.001	0.885
0.718	0.160	0.121	0.001
>GGGGGGAG	7-GGGGGGAG	7.232253	-139.780876	0	T:4918.0(54.37%),B:18316.6(45.71%),P:1e-60	Tpos:282.9,Tstd:243.1,Bpos:221.8,Bstd:145.0,StrandBias:-0.1,Multiplicity:1.46
0.171	0.001	0.827	0.001
0.001	0.001	0.997	0.001
0.001	0.001	0.997	0.001
0.077	0.130	0.533	0.260
0.001	0.001	0.997	0.001
0.189	0.001	0.629	0.181
0.680	0.001	0.318	0.001
0.216	0.001	0.782	0.001
>CCDTTGTT	8-CCDTTGTT	7.032773	-122.781629	0	T:2197.0(24.29%),B:7138.6(17.81%),P:1e-53	Tpos:271.2,Tstd:222.3,Bpos:222.7,Bstd:145.3,StrandBias:-0.0,Multiplicity:1.24
0.001	0.912	0.086	0.001
0.001	0.542	0.201	0.256
0.308	0.001	0.271	0.420
0.001	0.001	0.001	0.997
0.024	0.001	0.001	0.974
0.001	0.056	0.942	0.001
0.218	0.001	0.001	0.780
0.120	0.337	0.034	0.509
>CCGGAAAT	9-CCGGAAAT	4.782592	-117.693143	0	T:4548.0(50.28%),B:16984.9(42.38%),P:1e-51	Tpos:268.7,Tstd:228.4,Bpos:224.3,Bstd:146.6,StrandBias:0.0,Multiplicity:1.65
0.069	0.658	0.145	0.128
0.030	0.783	0.128	0.059
0.013	0.108	0.854	0.025
0.083	0.097	0.705	0.115
0.851	0.032	0.073	0.044
0.797	0.055	0.095	0.053
0.643	0.054	0.142	0.161
0.103	0.084	0.102	0.711
>CGCGTTAA	10-CGCGTTAA	5.268733	-107.238568	0	T:2309.0(25.53%),B:7745.5(19.33%),P:1e-46	Tpos:279.4,Tstd:298.1,Bpos:223.3,Bstd:151.6,StrandBias:-0.0,Multiplicity:1.18
0.232	0.704	0.031	0.033
0.034	0.042	0.923	0.001
0.099	0.632	0.223	0.046
0.183	0.117	0.459	0.241
0.020	0.063	0.024	0.893
0.039	0.110	0.063	0.788
0.747	0.083	0.070	0.100
0.856	0.038	0.075	0.031
>AGCGAATA	11-AGCGAATA	5.492790	-104.959200	0	T:2006.0(22.18%),B:6570.8(16.40%),P:1e-45	Tpos:279.5,Tstd:237.0,Bpos:226.2,Bstd:147.5,StrandBias:-0.1,Multiplicity:1.20
0.826	0.065	0.053	0.056
0.044	0.151	0.762	0.043
0.026	0.681	0.160	0.133
0.044	0.071	0.866	0.019
0.800	0.031	0.126	0.043
0.730	0.080	0.061	0.129
0.114	0.110	0.033	0.743
0.597	0.150	0.083	0.170
>GCGGYTTT	12-GCGGYTTT	5.761327	-101.022065	0	T:3466.0(38.32%),B:12576.6(31.38%),P:1e-43	Tpos:273.4,Tstd:227.4,Bpos:225.9,Bstd:147.8,StrandBias:0.1,Multiplicity:1.24
0.123	0.127	0.645	0.105
0.151	0.816	0.001	0.032
0.003	0.216	0.595	0.186
0.122	0.013	0.847	0.018
0.060	0.457	0.176	0.308
0.127	0.057	0.001	0.815
0.001	0.016	0.001	0.982
0.080	0.018	0.001	0.901
>CGTTTGAA	13-CGTTTGAA	5.395248	-100.897665	0	T:2508.0(27.73%),B:8618.4(21.51%),P:1e-43	Tpos:275.4,Tstd:213.4,Bpos:225.4,Bstd:148.5,StrandBias:0.1,Multiplicity:1.24
0.053	0.800	0.098	0.049
0.025	0.181	0.629	0.165
0.091	0.050	0.066	0.793
0.043	0.068	0.123	0.766
0.080	0.055	0.067	0.798
0.076	0.192	0.667	0.065
0.777	0.093	0.061	0.069
0.772	0.069	0.090	0.069
>AACCGCCT	14-AACCGCCT	5.566659	-100.577455	0	T:3638.0(40.22%),B:13309.7(33.21%),P:1e-43	Tpos:273.6,Tstd:242.0,Bpos:224.7,Bstd:145.3,StrandBias:0.1,Multiplicity:1.32
0.700	0.124	0.075	0.101
0.654	0.159	0.090	0.097
0.052	0.821	0.062	0.065
0.069	0.761	0.103	0.067
0.018	0.098	0.773	0.111
0.043	0.816	0.067	0.074
0.073	0.782	0.072	0.073
0.048	0.197	0.057	0.698
>TGGGGGAG	15-TGGGGGAG	8.236954	-98.535805	0	T:916.0(10.13%),B:2529.1(6.31%),P:1e-42	Tpos:271.9,Tstd:205.9,Bpos:224.5,Bstd:140.8,StrandBias:-0.0,Multiplicity:1.11
0.100	0.100	0.100	0.700
0.100	0.100	0.700	0.100
0.100	0.100	0.700	0.100
0.100	0.100	0.700	0.100
0.100	0.100	0.700	0.100
0.100	0.100	0.700	0.100
0.700	0.100	0.100	0.100
0.100	0.100	0.700	0.100
>RTTACGCB	16-RTTACGCB	5.335214	-81.740844	0	T:2516.0(27.82%),B:8894.9(22.20%),P:1e-35	Tpos:275.6,Tstd:232.4,Bpos:216.3,Bstd:142.5,StrandBias:-0.0,Multiplicity:1.38
0.407	0.043	0.488	0.061
0.150	0.173	0.021	0.656
0.248	0.261	0.044	0.447
0.870	0.096	0.033	0.001
0.139	0.783	0.060	0.018
0.001	0.001	0.997	0.001
0.048	0.767	0.005	0.180
0.058	0.358	0.310	0.274
>AGAATTTA	17-AGAATTTA	9.700214	-64.274801	0	T:372.0(4.11%),B:883.6(2.20%),P:1e-27	Tpos:262.8,Tstd:322.0,Bpos:221.5,Bstd:155.2,StrandBias:0.2,Multiplicity:1.09
0.918	0.080	0.001	0.001
0.001	0.001	0.997	0.001
0.667	0.001	0.331	0.001
0.997	0.001	0.001	0.001
0.001	0.001	0.001	0.997
0.001	0.001	0.001	0.997
0.001	0.166	0.001	0.832
0.997	0.001	0.001	0.001
>CGCATGCG	18-CGCATGCG	7.915993	-60.105240	0	T:1132.0(12.52%),B:3655.9(9.12%),P:1e-26	Tpos:264.6,Tstd:195.6,Bpos:201.0,Bstd:134.2,StrandBias:-0.0,Multiplicity:1.30
0.001	0.997	0.001	0.001
0.032	0.001	0.944	0.023
0.001	0.997	0.001	0.001
0.997	0.001	0.001	0.001
0.093	0.152	0.172	0.583
0.001	0.001	0.986	0.012
0.001	0.997	0.001	0.001
0.001	0.001	0.920	0.078
>TTACACTC	19-TTACACTC	9.303231	-53.399208	0	T:256.0(2.83%),B:567.3(1.42%),P:1e-23	Tpos:262.9,Tstd:190.7,Bpos:218.3,Bstd:145.1,StrandBias:0.1,Multiplicity:1.02
0.001	0.001	0.001	0.997
0.001	0.001	0.001	0.997
0.997	0.001	0.001	0.001
0.001	0.997	0.001	0.001
0.997	0.001	0.001	0.001
0.001	0.827	0.001	0.171
0.001	0.001	0.001	0.997
0.001	0.997	0.001	0.001
>ATTACAAA	20-ATTACAAA	6.111765	-51.005221	0	T:801.0(8.86%),B:2493.8(6.22%),P:1e-22	Tpos:278.0,Tstd:304.4,Bpos:224.5,Bstd:151.4,StrandBias:0.1,Multiplicity:1.15
0.708	0.001	0.001	0.290
0.001	0.001	0.001	0.997
0.001	0.001	0.001	0.997
0.997	0.001	0.001	0.001
0.001	0.997	0.001	0.001
0.716	0.001	0.001	0.282
0.958	0.001	0.006	0.035
0.997	0.001	0.001	0.001
>TGRAGATT	21-TGRAGATT	10.326985	-42.143704	0	T:343.0(3.79%),B:911.0(2.27%),P:1e-18	Tpos:256.5,Tstd:171.5,Bpos:218.9,Bstd:151.3,StrandBias:0.3,Multiplicity:1.15
0.001	0.001	0.001	0.997
0.001	0.001	0.997	0.001
0.476	0.001	0.522	0.001
0.997	0.001	0.001	0.001
0.001	0.001	0.997	0.001
0.997	0.001	0.001	0.001
0.001	0.001	0.001	0.997
0.001	0.001	0.001	0.997
>TWTTCAYG	22-TWTTCAYG	8.452296	-34.640587	0	T:224.0(2.48%),B:556.1(1.39%),P:1e-15	Tpos:340.2,Tstd:444.3,Bpos:231.3,Bstd:147.4,StrandBias:-0.1,Multiplicity:1.09
0.136	0.001	0.001	0.862
0.564	0.001	0.001	0.434
0.382	0.001	0.001	0.616
0.001	0.001	0.001	0.997
0.001	0.997	0.001	0.001
0.583	0.280	0.136	0.001
0.001	0.537	0.001	0.461
0.001	0.001	0.997	0.001
>GCCAATGG	23-GCCAATGG	8.236954	-30.556772	0	T:275.0(3.04%),B:754.2(1.88%),P:1e-13	Tpos:286.9,Tstd:195.5,Bpos:193.6,Bstd:123.0,StrandBias:-0.1,Multiplicity:1.07
0.100	0.100	0.700	0.100
0.100	0.700	0.100	0.100
0.100	0.700	0.100	0.100
0.700	0.100	0.100	0.100
0.700	0.100	0.100	0.100
0.100	0.100	0.100	0.700
0.100	0.100	0.700	0.100
0.100	0.100	0.700	0.100
>CTCTTTTA	24-CTCTTTTA	8.940750	-30.437612	0	T:538.0(5.95%),B:1714.6(4.28%),P:1e-13	Tpos:264.6,Tstd:192.6,Bpos:225.1,Bstd:146.4,StrandBias:-0.2,Multiplicity:1.05
0.001	0.848	0.150	0.001
0.001	0.001	0.001	0.997
0.001	0.997	0.001	0.001
0.001	0.001	0.001	0.997
0.001	0.001	0.001	0.997
0.001	0.001	0.001	0.997
0.001	0.207	0.001	0.791
0.997	0.001	0.001	0.001
>GATACTTA	25-GATACTTA	8.236954	-26.232154	0	T:94.0(1.04%),B:187.7(0.47%),P:1e-11	Tpos:288.3,Tstd:209.5,Bpos:222.1,Bstd:143.2,StrandBias:0.1,Multiplicity:1.00
0.100	0.100	0.700	0.100
0.700	0.100	0.100	0.100
0.100	0.100	0.100	0.700
0.700	0.100	0.100	0.100
0.100	0.700	0.100	0.100
0.100	0.100	0.100	0.700
0.100	0.100	0.100	0.700
0.700	0.100	0.100	0.100
