>GCCCCGCC	1-GCCCCGCC	8.152043	-233.586553	0	T:7295.0(31.19%),B:6548.3(24.97%),P:1e-101	Tpos:438.1,Tstd:276.9,Bpos:270.1,Bstd:163.6,StrandBias:0.0,Multiplicity:1.97
0.056	0.001	0.902	0.041
0.001	0.893	0.001	0.105
0.038	0.804	0.001	0.157
0.176	0.799	0.001	0.024
0.001	0.997	0.001	0.001
0.099	0.001	0.899	0.001
0.001	0.997	0.001	0.001
0.024	0.974	0.001	0.001
>CCGGAATT	2-CCGGAATT	6.660163	-210.098781	0	T:3398.0(14.53%),B:2694.1(10.27%),P:1e-91	Tpos:402.4,Tstd:299.9,Bpos:280.8,Bstd:173.7,StrandBias:0.0,Multiplicity:1.17
0.085	0.711	0.088	0.116
0.118	0.693	0.104	0.085
0.028	0.075	0.852	0.045
0.065	0.045	0.865	0.025
0.802	0.050	0.102	0.046
0.718	0.078	0.057	0.147
0.093	0.039	0.128	0.740
0.092	0.143	0.143	0.622
>CCTBAGGC	3-CCTBAGGC	6.831585	-190.594450	0	T:7367.0(31.50%),B:6777.2(25.85%),P:1e-82	Tpos:401.0,Tstd:292.0,Bpos:293.8,Bstd:173.4,StrandBias:0.0,Multiplicity:1.31
0.001	0.997	0.001	0.001
0.001	0.956	0.007	0.036
0.001	0.060	0.001	0.938
0.103	0.304	0.231	0.362
0.972	0.026	0.001	0.001
0.001	0.001	0.991	0.007
0.001	0.023	0.975	0.001
0.040	0.866	0.093	0.001
>RCATTCCW	4-RCATTCCW	8.070403	-178.772574	0	T:2421.0(10.35%),B:1841.3(7.02%),P:1e-77	Tpos:360.0,Tstd:295.1,Bpos:282.7,Bstd:168.8,StrandBias:-0.0,Multiplicity:1.10
0.477	0.111	0.411	0.001
0.260	0.621	0.118	0.001
0.886	0.001	0.112	0.001
0.001	0.001	0.001	0.997
0.001	0.037	0.034	0.928
0.090	0.872	0.037	0.001
0.155	0.741	0.069	0.035
0.484	0.001	0.155	0.361
>TGAGTCAC	5-TGAGTCAC	9.186120	-169.600718	0	T:1765.0(7.55%),B:1258.1(4.80%),P:1e-73	Tpos:360.9,Tstd:277.2,Bpos:282.6,Bstd:169.8,StrandBias:0.1,Multiplicity:1.09
0.001	0.001	0.001	0.997
0.001	0.001	0.997	0.001
0.997	0.001	0.001	0.001
0.030	0.254	0.671	0.045
0.001	0.001	0.001	0.997
0.001	0.997	0.001	0.001
0.997	0.001	0.001	0.001
0.001	0.642	0.131	0.226
>GKCGGAAA	6-GKCGGAAA	7.040657	-150.245974	0	T:3871.0(16.55%),B:3324.2(12.68%),P:1e-65	Tpos:418.3,Tstd:309.5,Bpos:287.5,Bstd:179.1,StrandBias:-0.0,Multiplicity:1.17
0.058	0.001	0.940	0.001
0.001	0.098	0.460	0.441
0.001	0.941	0.001	0.057
0.001	0.019	0.910	0.070
0.025	0.039	0.725	0.211
0.878	0.001	0.104	0.017
0.737	0.087	0.154	0.022
0.847	0.150	0.001	0.002
>WGCGGRVT	7-WGCGGRVT	6.165722	-142.432241	0	T:8841.0(37.80%),B:8556.9(32.63%),P:1e-61	Tpos:413.6,Tstd:310.4,Bpos:291.2,Bstd:181.7,StrandBias:0.0,Multiplicity:1.58
0.399	0.001	0.226	0.374
0.001	0.185	0.813	0.001
0.001	0.997	0.001	0.001
0.001	0.001	0.997	0.001
0.208	0.001	0.718	0.073
0.385	0.001	0.444	0.170
0.343	0.398	0.258	0.001
0.248	0.097	0.001	0.654
>GVAAACCG	8-GVAAACCG	5.545443	-131.065621	0	T:9656.0(41.29%),B:9498.3(36.22%),P:1e-56	Tpos:401.7,Tstd:318.2,Bpos:291.2,Bstd:187.5,StrandBias:-0.0,Multiplicity:1.59
0.181	0.112	0.516	0.191
0.277	0.246	0.353	0.124
0.964	0.001	0.001	0.034
0.844	0.055	0.100	0.001
0.435	0.283	0.095	0.187
0.009	0.667	0.176	0.148
0.001	0.906	0.072	0.021
0.001	0.001	0.997	0.001
>AGGRCGTT	9-AGGRCGTT	5.790320	-128.979858	0	T:9285.0(39.70%),B:9104.7(34.72%),P:1e-56	Tpos:403.2,Tstd:312.7,Bpos:288.7,Bstd:184.3,StrandBias:-0.0,Multiplicity:1.46
0.689	0.081	0.184	0.046
0.283	0.001	0.698	0.018
0.238	0.001	0.733	0.028
0.425	0.173	0.401	0.001
0.114	0.884	0.001	0.001
0.001	0.001	0.997	0.001
0.091	0.313	0.129	0.467
0.128	0.137	0.093	0.642
>CGAATTCG	10-CGAATTCG	4.911044	-104.809772	0	T:7463.0(31.91%),B:7259.9(27.69%),P:1e-45	Tpos:375.0,Tstd:316.3,Bpos:286.5,Bstd:184.6,StrandBias:-0.0,Multiplicity:1.26
0.156	0.616	0.087	0.141
0.127	0.027	0.748	0.098
0.775	0.150	0.034	0.041
0.765	0.098	0.021	0.116
0.043	0.057	0.045	0.855
0.058	0.065	0.050	0.827
0.133	0.742	0.061	0.064
0.077	0.170	0.675	0.078
>ACCGGTCT	11-ACCGGTCT	5.062987	-97.166367	0	T:6238.0(26.67%),B:5990.8(22.85%),P:1e-42	Tpos:405.8,Tstd:313.1,Bpos:299.1,Bstd:185.8,StrandBias:0.0,Multiplicity:1.27
0.503	0.174	0.096	0.227
0.067	0.651	0.132	0.150
0.057	0.696	0.197	0.050
0.014	0.019	0.966	0.001
0.242	0.104	0.572	0.082
0.177	0.121	0.063	0.639
0.163	0.538	0.172	0.127
0.155	0.236	0.184	0.424
>GCGWTTTA	12-GCGWTTTA	5.606417	-95.246945	0	T:4960.0(21.21%),B:4652.5(17.74%),P:1e-41	Tpos:383.5,Tstd:328.8,Bpos:289.5,Bstd:187.4,StrandBias:0.1,Multiplicity:1.16
0.026	0.035	0.904	0.035
0.151	0.804	0.001	0.044
0.034	0.082	0.883	0.001
0.410	0.001	0.039	0.550
0.001	0.044	0.211	0.744
0.246	0.125	0.191	0.437
0.214	0.027	0.001	0.758
0.519	0.225	0.144	0.112
>GTCGCTAG	13-GTCGCTAG	6.551224	-93.919542	0	T:3427.0(14.65%),B:3075.0(11.73%),P:1e-40	Tpos:404.0,Tstd:301.5,Bpos:284.5,Bstd:176.5,StrandBias:0.1,Multiplicity:1.13
0.001	0.121	0.798	0.080
0.001	0.028	0.050	0.921
0.001	0.845	0.057	0.097
0.022	0.088	0.889	0.001
0.001	0.997	0.001	0.001
0.016	0.123	0.020	0.841
0.893	0.001	0.049	0.057
0.102	0.001	0.850	0.047
>RCGGABGT	14-RCGGABGT	6.357233	-86.788808	0	T:5797.0(24.79%),B:5576.3(21.27%),P:1e-37	Tpos:400.3,Tstd:302.7,Bpos:293.2,Bstd:179.8,StrandBias:0.0,Multiplicity:1.27
0.537	0.043	0.419	0.001
0.001	0.997	0.001	0.001
0.001	0.001	0.997	0.001
0.008	0.042	0.949	0.001
0.803	0.001	0.195	0.001
0.172	0.257	0.213	0.358
0.182	0.192	0.534	0.092
0.393	0.048	0.001	0.558
>AGCGTAGC	15-AGCGTAGC	6.463217	-82.222580	0	T:4044.0(17.29%),B:3759.5(14.34%),P:1e-35	Tpos:405.5,Tstd:315.1,Bpos:296.6,Bstd:180.9,StrandBias:-0.1,Multiplicity:1.19
0.811	0.089	0.035	0.065
0.104	0.043	0.758	0.095
0.030	0.859	0.035	0.076
0.030	0.054	0.793	0.123
0.093	0.142	0.090	0.675
0.676	0.122	0.069	0.133
0.069	0.080	0.691	0.160
0.127	0.742	0.045	0.086
>TTTCGCAC	16-TTTCGCAC	6.549318	-80.088067	0	T:3460.0(14.79%),B:3166.8(12.08%),P:1e-34	Tpos:378.6,Tstd:305.7,Bpos:290.9,Bstd:179.7,StrandBias:0.0,Multiplicity:1.11
0.073	0.040	0.001	0.886
0.001	0.068	0.029	0.902
0.035	0.001	0.030	0.934
0.095	0.903	0.001	0.001
0.175	0.073	0.608	0.144
0.024	0.960	0.015	0.001
0.861	0.019	0.119	0.001
0.001	0.980	0.001	0.018
>CCCCAGGG	17-CCCCAGGG	10.628487	-71.580811	0	T:2208.0(9.44%),B:1931.7(7.37%),P:1e-31	Tpos:395.4,Tstd:305.1,Bpos:298.8,Bstd:167.9,StrandBias:-0.0,Multiplicity:1.08
0.001	0.997	0.001	0.001
0.145	0.853	0.001	0.001
0.001	0.997	0.001	0.001
0.001	0.875	0.001	0.123
0.857	0.001	0.001	0.141
0.001	0.001	0.997	0.001
0.001	0.001	0.997	0.001
0.001	0.001	0.997	0.001
>CGGTGGAG	18-CGGTGGAG	3.991408	-69.902025	0	T:3488.0(14.91%),B:3241.6(12.36%),P:1e-30	Tpos:406.0,Tstd:308.9,Bpos:284.6,Bstd:176.5,StrandBias:-0.0,Multiplicity:1.13
0.001	0.841	0.157	0.001
0.001	0.001	0.997	0.001
0.001	0.001	0.997	0.001
0.001	0.001	0.001	0.997
0.001	0.344	0.654	0.001
0.001	0.001	0.997	0.001
0.997	0.001	0.001	0.001
0.001	0.001	0.997	0.001
>CACTTCCT	19-CACTTCCT	7.927196	-51.536288	0	T:5268.0(22.53%),B:5222.3(19.92%),P:1e-22	Tpos:361.8,Tstd:296.6,Bpos:292.8,Bstd:172.1,StrandBias:0.0,Multiplicity:1.18
0.001	0.752	0.066	0.181
0.895	0.001	0.103	0.001
0.001	0.731	0.133	0.135
0.001	0.001	0.001	0.997
0.001	0.001	0.001	0.997
0.001	0.997	0.001	0.001
0.001	0.997	0.001	0.001
0.001	0.087	0.001	0.911
>CGTTGTTT	20-CGTTGTTT	6.848868	-49.521341	0	T:3895.0(16.65%),B:3775.6(14.40%),P:1e-21	Tpos:364.1,Tstd:315.7,Bpos:286.3,Bstd:185.0,StrandBias:-0.0,Multiplicity:1.14
0.084	0.851	0.001	0.064
0.001	0.040	0.760	0.199
0.113	0.048	0.016	0.823
0.079	0.001	0.046	0.874
0.013	0.038	0.948	0.001
0.026	0.001	0.001	0.972
0.030	0.018	0.038	0.914
0.037	0.001	0.046	0.916
>CCACYAGG	21-CCACYAGG	8.113343	-44.097133	0	T:3741.0(16.00%),B:3646.8(13.91%),P:1e-19	Tpos:362.0,Tstd:288.9,Bpos:295.6,Bstd:169.4,StrandBias:0.1,Multiplicity:1.12
0.018	0.875	0.106	0.001
0.001	0.578	0.335	0.086
0.788	0.001	0.001	0.210
0.001	0.575	0.423	0.001
0.237	0.406	0.001	0.356
0.997	0.001	0.001	0.001
0.001	0.001	0.997	0.001
0.144	0.001	0.854	0.001
>GGAATCTG	22-GGAATCTG	7.060262	-43.309864	0	T:1693.0(7.24%),B:1525.8(5.82%),P:1e-18	Tpos:359.7,Tstd:299.3,Bpos:291.9,Bstd:172.8,StrandBias:-0.1,Multiplicity:1.07
0.001	0.156	0.842	0.001
0.001	0.001	0.997	0.001
0.997	0.001	0.001	0.001
0.997	0.001	0.001	0.001
0.001	0.001	0.001	0.997
0.001	0.997	0.001	0.001
0.001	0.001	0.001	0.997
0.116	0.120	0.763	0.001
>AATGTAGT	23-AATGTAGT	10.787356	-35.136161	0	T:323.0(1.38%),B:224.5(0.86%),P:1e-15	Tpos:387.6,Tstd:294.8,Bpos:265.3,Bstd:183.3,StrandBias:0.1,Multiplicity:1.04
0.821	0.001	0.001	0.177
0.997	0.001	0.001	0.001
0.001	0.082	0.001	0.916
0.001	0.001	0.997	0.001
0.001	0.001	0.001	0.997
0.997	0.001	0.001	0.001
0.001	0.001	0.997	0.001
0.001	0.001	0.001	0.997
>AGGTTGTG	24-AGGTTGTG	9.546954	-25.947378	0	T:1536.0(6.57%),B:1448.2(5.52%),P:1e-11	Tpos:372.6,Tstd:300.9,Bpos:283.3,Bstd:172.0,StrandBias:-0.1,Multiplicity:1.04
0.997	0.001	0.001	0.001
0.001	0.001	0.997	0.001
0.001	0.001	0.997	0.001
0.001	0.001	0.288	0.710
0.001	0.001	0.001	0.997
0.001	0.235	0.763	0.001
0.001	0.001	0.001	0.997
0.001	0.001	0.987	0.011
>GCCTGATT	25-GCCTGATT	8.236954	-25.229316	0	T:372.0(1.59%),B:289.1(1.10%),P:1e-10	Tpos:354.7,Tstd:318.4,Bpos:277.0,Bstd:171.5,StrandBias:-0.2,Multiplicity:1.01
0.100	0.100	0.700	0.100
0.100	0.700	0.100	0.100
0.100	0.700	0.100	0.100
0.100	0.100	0.100	0.700
0.100	0.100	0.700	0.100
0.700	0.100	0.100	0.100
0.100	0.100	0.100	0.700
0.100	0.100	0.100	0.700
