>GCCTVAGG	1-GCCTVAGG	6.847151	-820.252059	0	T:10379.0(40.90%),B:7235.3(29.01%),P:1e-356	Tpos:443.7,Tstd:310.2,Bpos:343.4,Bstd:202.5,StrandBias:-0.0,Multiplicity:1.41
0.023	0.061	0.915	0.001
0.001	0.997	0.001	0.001
0.001	0.997	0.001	0.001
0.001	0.037	0.001	0.961
0.303	0.290	0.307	0.099
0.939	0.001	0.059	0.001
0.024	0.004	0.971	0.001
0.009	0.001	0.989	0.001
>SCCTGGGG	2-SCCTGGGG	8.102848	-538.053666	0	T:10427.0(41.09%),B:7818.6(31.35%),P:1e-233	Tpos:446.6,Tstd:321.1,Bpos:342.9,Bstd:208.0,StrandBias:0.0,Multiplicity:1.36
0.001	0.451	0.547	0.001
0.001	0.997	0.001	0.001
0.001	0.997	0.001	0.001
0.001	0.001	0.001	0.997
0.001	0.254	0.547	0.198
0.001	0.350	0.648	0.001
0.271	0.001	0.727	0.001
0.001	0.001	0.997	0.001
>CCGGAATT	3-CCGGAATT	6.045544	-306.909246	0	T:7824.0(30.83%),B:5995.7(24.04%),P:1e-133	Tpos:433.7,Tstd:330.5,Bpos:334.9,Bstd:198.4,StrandBias:0.0,Multiplicity:1.29
0.107	0.713	0.109	0.071
0.190	0.612	0.056	0.142
0.011	0.067	0.882	0.040
0.046	0.038	0.859	0.057
0.837	0.056	0.071	0.036
0.780	0.076	0.044	0.100
0.092	0.050	0.135	0.723
0.061	0.163	0.179	0.597
>YCACACCY	4-YCACACCY	7.904095	-261.166126	0	T:8837.0(34.82%),B:7052.6(28.28%),P:1e-113	Tpos:429.2,Tstd:327.1,Bpos:329.7,Bstd:197.1,StrandBias:0.0,Multiplicity:1.39
0.165	0.457	0.001	0.377
0.001	0.997	0.001	0.001
0.997	0.001	0.001	0.001
0.001	0.997	0.001	0.001
0.832	0.001	0.166	0.001
0.001	0.997	0.001	0.001
0.001	0.997	0.001	0.001
0.001	0.553	0.001	0.445
>TTTATCGC	5-TTTATCGC	5.813356	-212.907328	0	T:6279.0(24.74%),B:4863.8(19.50%),P:1e-92	Tpos:430.3,Tstd:350.4,Bpos:331.1,Bstd:208.4,StrandBias:-0.0,Multiplicity:1.26
0.046	0.156	0.061	0.737
0.038	0.068	0.015	0.879
0.088	0.015	0.078	0.819
0.843	0.057	0.038	0.062
0.094	0.114	0.056	0.736
0.071	0.617	0.194	0.118
0.169	0.010	0.645	0.176
0.079	0.723	0.074	0.124
>GGCGGGGY	6-GGCGGGGY	8.561118	-209.111589	0	T:6321.0(24.91%),B:4912.7(19.70%),P:1e-90	Tpos:471.4,Tstd:311.5,Bpos:321.9,Bstd:191.3,StrandBias:-0.1,Multiplicity:1.71
0.001	0.001	0.997	0.001
0.075	0.001	0.923	0.001
0.009	0.711	0.001	0.279
0.152	0.001	0.846	0.001
0.001	0.001	0.997	0.001
0.001	0.001	0.997	0.001
0.176	0.001	0.737	0.086
0.001	0.501	0.001	0.497
>GGCGGTGW	7-GGCGGTGW	5.725769	-174.797764	0	T:3588.0(14.14%),B:2599.3(10.42%),P:1e-75	Tpos:464.0,Tstd:340.6,Bpos:347.5,Bstd:204.8,StrandBias:0.0,Multiplicity:1.14
0.001	0.012	0.986	0.001
0.001	0.001	0.997	0.001
0.001	0.997	0.001	0.001
0.001	0.001	0.997	0.001
0.001	0.001	0.803	0.195
0.031	0.001	0.001	0.967
0.001	0.001	0.652	0.346
0.556	0.001	0.001	0.442
>CTHRAGGC	8-CTHRAGGC	6.589009	-165.793255	0	T:7522.0(29.64%),B:6152.1(24.67%),P:1e-72	Tpos:432.9,Tstd:317.7,Bpos:330.8,Bstd:204.4,StrandBias:0.0,Multiplicity:1.19
0.042	0.718	0.046	0.194
0.015	0.063	0.046	0.876
0.263	0.355	0.051	0.331
0.362	0.150	0.276	0.212
0.736	0.224	0.001	0.039
0.001	0.177	0.821	0.001
0.036	0.032	0.871	0.061
0.106	0.675	0.165	0.054
>AAGATAAG	9-AAGATAAG	6.991523	-144.464939	0	T:2832.0(11.16%),B:2028.8(8.13%),P:1e-62	Tpos:419.2,Tstd:338.6,Bpos:334.8,Bstd:209.2,StrandBias:0.0,Multiplicity:1.11
0.638	0.189	0.001	0.172
0.968	0.030	0.001	0.001
0.001	0.001	0.997	0.001
0.997	0.001	0.001	0.001
0.001	0.001	0.001	0.997
0.880	0.001	0.001	0.118
0.997	0.001	0.001	0.001
0.001	0.001	0.997	0.001
>DCGGAATG	10-DCGGAATG	4.872437	-144.281061	0	T:11682.0(46.03%),B:10183.3(40.83%),P:1e-62	Tpos:438.3,Tstd:341.7,Bpos:331.8,Bstd:209.8,StrandBias:-0.0,Multiplicity:1.48
0.324	0.104	0.256	0.316
0.113	0.813	0.001	0.073
0.001	0.125	0.873	0.001
0.048	0.112	0.724	0.116
0.823	0.049	0.045	0.083
0.670	0.018	0.102	0.210
0.263	0.203	0.008	0.526
0.060	0.160	0.482	0.297
>CAAGGTCA	11-CAAGGTCA	7.491157	-131.106522	0	T:4144.0(16.33%),B:3206.1(12.85%),P:1e-56	Tpos:428.5,Tstd:331.5,Bpos:335.0,Bstd:203.5,StrandBias:0.1,Multiplicity:1.15
0.001	0.997	0.001	0.001
0.797	0.001	0.110	0.092
0.997	0.001	0.001	0.001
0.001	0.001	0.997	0.001
0.001	0.001	0.997	0.001
0.150	0.001	0.001	0.848
0.001	0.910	0.001	0.088
0.953	0.001	0.045	0.001
>GTCACGTG	12-GTCACGTG	6.460874	-130.046433	0	T:1888.0(7.44%),B:1272.2(5.10%),P:1e-56	Tpos:425.0,Tstd:304.2,Bpos:320.2,Bstd:185.9,StrandBias:-0.1,Multiplicity:1.09
0.001	0.001	0.997	0.001
0.001	0.001	0.001	0.997
0.001	0.997	0.001	0.001
0.925	0.001	0.073	0.001
0.001	0.997	0.001	0.001
0.145	0.001	0.853	0.001
0.001	0.062	0.001	0.936
0.001	0.001	0.997	0.001
>TAAAACGC	13-TAAAACGC	4.841622	-120.290237	0	T:9746.0(38.40%),B:8435.3(33.82%),P:1e-52	Tpos:427.7,Tstd:349.1,Bpos:332.5,Bstd:214.2,StrandBias:0.0,Multiplicity:1.37
0.128	0.065	0.077	0.730
0.771	0.100	0.070	0.059
0.702	0.093	0.124	0.081
0.810	0.074	0.069	0.047
0.652	0.116	0.082	0.150
0.066	0.829	0.065	0.040
0.030	0.074	0.823	0.073
0.058	0.684	0.107	0.151
>TGTTATCT	14-TGTTATCT	7.967672	-103.852571	0	T:1343.0(5.29%),B:881.7(3.53%),P:1e-45	Tpos:424.7,Tstd:354.2,Bpos:337.8,Bstd:202.5,StrandBias:-0.0,Multiplicity:1.05
0.001	0.190	0.001	0.808
0.001	0.001	0.997	0.001
0.001	0.001	0.001	0.997
0.236	0.001	0.001	0.762
0.997	0.001	0.001	0.001
0.001	0.001	0.001	0.997
0.001	0.997	0.001	0.001
0.001	0.001	0.001	0.997
>AGATCCGC	15-AGATCCGC	5.083857	-100.875683	0	T:7219.0(28.45%),B:6138.1(24.61%),P:1e-43	Tpos:445.8,Tstd:331.6,Bpos:341.7,Bstd:212.3,StrandBias:0.0,Multiplicity:1.32
0.531	0.125	0.050	0.294
0.224	0.081	0.543	0.152
0.468	0.205	0.120	0.206
0.172	0.186	0.077	0.565
0.326	0.495	0.011	0.168
0.016	0.765	0.172	0.047
0.018	0.011	0.889	0.082
0.140	0.648	0.098	0.114
>CGGGAAGT	16-CGGGAAGT	6.132018	-94.958194	0	T:8769.0(34.55%),B:7631.6(30.60%),P:1e-41	Tpos:443.3,Tstd:334.8,Bpos:339.3,Bstd:205.7,StrandBias:-0.0,Multiplicity:1.33
0.088	0.755	0.088	0.069
0.055	0.232	0.691	0.022
0.049	0.074	0.827	0.050
0.073	0.095	0.733	0.099
0.843	0.034	0.057	0.066
0.728	0.095	0.055	0.122
0.151	0.071	0.700	0.078
0.051	0.154	0.069	0.726
>CACTCCCT	17-CACTCCCT	8.236954	-86.070839	0	T:1427.0(5.62%),B:986.9(3.96%),P:1e-37	Tpos:430.1,Tstd:336.4,Bpos:326.5,Bstd:191.2,StrandBias:-0.1,Multiplicity:1.04
0.100	0.700	0.100	0.100
0.700	0.100	0.100	0.100
0.100	0.700	0.100	0.100
0.100	0.100	0.100	0.700
0.100	0.700	0.100	0.100
0.100	0.700	0.100	0.100
0.100	0.700	0.100	0.100
0.100	0.100	0.100	0.700
>ACCGGTTT	18-ACCGGTTT	6.053114	-74.867814	0	T:4550.0(17.93%),B:3784.5(15.17%),P:1e-32	Tpos:425.5,Tstd:340.6,Bpos:338.5,Bstd:213.4,StrandBias:0.1,Multiplicity:1.14
0.684	0.138	0.177	0.001
0.001	0.850	0.051	0.098
0.139	0.679	0.080	0.102
0.074	0.001	0.924	0.001
0.096	0.164	0.711	0.029
0.017	0.074	0.124	0.785
0.059	0.213	0.008	0.720
0.031	0.161	0.159	0.649
>TTATCAGA	19-TTATCAGA	9.599646	-71.721219	0	T:932.0(3.67%),B:612.1(2.45%),P:1e-31	Tpos:421.3,Tstd:360.1,Bpos:338.9,Bstd:212.9,StrandBias:-0.0,Multiplicity:1.04
0.001	0.001	0.001	0.997
0.001	0.001	0.001	0.997
0.997	0.001	0.001	0.001
0.001	0.001	0.001	0.997
0.001	0.997	0.001	0.001
0.997	0.001	0.001	0.001
0.001	0.001	0.997	0.001
0.768	0.230	0.001	0.001
>AGTCCTWG	20-AGTCCTWG	5.998274	-65.031334	0	T:2850.0(11.23%),B:2283.9(9.16%),P:1e-28	Tpos:422.5,Tstd:334.8,Bpos:335.9,Bstd:205.4,StrandBias:-0.1,Multiplicity:1.08
0.997	0.001	0.001	0.001
0.001	0.001	0.997	0.001
0.012	0.020	0.001	0.967
0.001	0.997	0.001	0.001
0.001	0.997	0.001	0.001
0.001	0.001	0.384	0.614
0.508	0.001	0.001	0.490
0.001	0.001	0.997	0.001
>ACATTCTT	21-ACATTCTT	8.240173	-61.672297	0	T:2689.0(10.60%),B:2152.0(8.63%),P:1e-26	Tpos:414.7,Tstd:341.2,Bpos:332.9,Bstd:204.1,StrandBias:-0.0,Multiplicity:1.11
0.767	0.001	0.231	0.001
0.166	0.832	0.001	0.001
0.997	0.001	0.001	0.001
0.092	0.001	0.001	0.906
0.001	0.001	0.001	0.997
0.001	0.997	0.001	0.001
0.001	0.001	0.001	0.997
0.001	0.001	0.001	0.997
>CATTCAGA	22-CATTCAGA	8.236954	-51.037952	0	T:840.0(3.31%),B:580.9(2.33%),P:1e-22	Tpos:396.5,Tstd:328.3,Bpos:329.1,Bstd:194.4,StrandBias:-0.0,Multiplicity:1.04
0.100	0.700	0.100	0.100
0.700	0.100	0.100	0.100
0.100	0.100	0.100	0.700
0.100	0.100	0.100	0.700
0.100	0.700	0.100	0.100
0.700	0.100	0.100	0.100
0.100	0.100	0.700	0.100
0.700	0.100	0.100	0.100
>CAATAAGG	23-CAATAAGG	8.911172	-49.222327	0	T:692.0(2.73%),B:464.0(1.86%),P:1e-21	Tpos:417.2,Tstd:331.8,Bpos:331.8,Bstd:206.7,StrandBias:0.1,Multiplicity:1.01
0.001	0.997	0.001	0.001
0.997	0.001	0.001	0.001
0.997	0.001	0.001	0.001
0.001	0.001	0.001	0.997
0.862	0.001	0.001	0.136
0.847	0.151	0.001	0.001
0.001	0.001	0.997	0.001
0.001	0.001	0.997	0.001
>GATAGTAA	24-GATAGTAA	10.665855	-38.769632	0	T:275.0(1.08%),B:155.5(0.62%),P:1e-16	Tpos:400.1,Tstd:369.4,Bpos:342.3,Bstd:207.9,StrandBias:0.1,Multiplicity:1.01
0.001	0.001	0.997	0.001
0.997	0.001	0.001	0.001
0.001	0.001	0.001	0.997
0.997	0.001	0.001	0.001
0.001	0.001	0.997	0.001
0.001	0.001	0.001	0.997
0.668	0.001	0.238	0.093
0.997	0.001	0.001	0.001
>TTTTTTTT	25-TTTTTTTT	8.236954	-0.055531	0	T:4585.0(18.07%),B:4603.7(18.46%),P:1e0	Tpos:424.1,Tstd:360.6,Bpos:330.2,Bstd:228.7,StrandBias:0.0,Multiplicity:1.23
0.100	0.100	0.100	0.700
0.100	0.100	0.100	0.700
0.100	0.100	0.100	0.700
0.100	0.100	0.100	0.700
0.100	0.100	0.100	0.700
0.100	0.100	0.100	0.700
0.100	0.100	0.100	0.700
0.100	0.100	0.100	0.700
