>TATGGCGA	1-TATGGCGA	8.236954	-20.966005	0	T:9.0(4.35%),B:100.8(0.21%),P:1e-9	Tpos:440.2,Tstd:481.0,Bpos:255.2,Bstd:197.6,StrandBias:0.0,Multiplicity:3.56
0.100	0.100	0.100	0.700
0.700	0.100	0.100	0.100
0.100	0.100	0.100	0.700
0.100	0.100	0.700	0.100
0.100	0.100	0.700	0.100
0.100	0.700	0.100	0.100
0.100	0.100	0.700	0.100
0.700	0.100	0.100	0.100
>ACGTGGAA	2-ACGTGGAA	10.526361	-15.965732	0	T:14.0(6.76%),B:537.8(1.11%),P:1e-6	Tpos:265.0,Tstd:211.3,Bpos:258.7,Bstd:172.7,StrandBias:0.8,Multiplicity:1.93
0.997	0.001	0.001	0.001
0.001	0.997	0.001	0.001
0.001	0.261	0.737	0.001
0.001	0.001	0.001	0.997
0.001	0.001	0.997	0.001
0.212	0.001	0.786	0.001
0.997	0.001	0.001	0.001
0.997	0.001	0.001	0.001
>CATCAACA	3-CATCAACA	7.381383	-15.108944	0	T:90.0(43.48%),B:13056.4(27.05%),P:1e-6	Tpos:420.0,Tstd:785.4,Bpos:251.5,Bstd:163.2,StrandBias:0.5,Multiplicity:1.27
0.105	0.849	0.045	0.001
0.744	0.200	0.001	0.055
0.075	0.211	0.001	0.713
0.010	0.980	0.009	0.001
0.964	0.015	0.001	0.020
0.947	0.001	0.021	0.031
0.087	0.836	0.001	0.076
0.984	0.001	0.014	0.001
>AATWATTG	4-AATWATTG	8.333620	-13.006958	0	T:18.0(8.70%),B:1126.2(2.33%),P:1e-5	Tpos:522.6,Tstd:924.4,Bpos:255.5,Bstd:152.2,StrandBias:0.5,Multiplicity:1.06
0.697	0.012	0.010	0.281
0.724	0.036	0.239	0.001
0.060	0.012	0.048	0.880
0.467	0.036	0.002	0.495
0.825	0.001	0.077	0.097
0.001	0.030	0.276	0.693
0.170	0.001	0.134	0.695
0.179	0.093	0.727	0.001
>YMSTMCTC	5-YMSTMCTC	6.613203	-11.373205	0	T:27.0(13.04%),B:2508.9(5.20%),P:1e-4	Tpos:450.1,Tstd:875.4,Bpos:256.2,Bstd:155.9,StrandBias:0.1,Multiplicity:1.07
0.008	0.458	0.009	0.525
0.464	0.505	0.030	0.001
0.014	0.421	0.326	0.238
0.082	0.102	0.001	0.815
0.507	0.379	0.005	0.109
0.273	0.536	0.072	0.119
0.107	0.127	0.078	0.688
0.037	0.863	0.026	0.074
>TTGCCATA	6-TTGCCATA	9.088821	-10.949637	0	T:13.0(6.28%),B:721.5(1.49%),P:1e-4	Tpos:400.9,Tstd:254.4,Bpos:253.1,Bstd:160.9,StrandBias:-0.9,Multiplicity:1.31
0.001	0.001	0.001	0.997
0.001	0.001	0.001	0.997
0.001	0.001	0.997	0.001
0.001	0.997	0.001	0.001
0.001	0.860	0.138	0.001
0.997	0.001	0.001	0.001
0.001	0.001	0.001	0.997
0.997	0.001	0.001	0.001
>TATACTAA	7-TATACTAA	7.775063	-9.616863	0	T:50.0(24.15%),B:6755.0(14.00%),P:1e-4	Tpos:867.7,Tstd:1380.7,Bpos:250.0,Bstd:158.0,StrandBias:0.3,Multiplicity:1.52
0.176	0.001	0.001	0.822
0.862	0.136	0.001	0.001
0.001	0.001	0.119	0.879
0.899	0.099	0.001	0.001
0.001	0.997	0.001	0.001
0.001	0.114	0.131	0.754
0.997	0.001	0.001	0.001
0.786	0.001	0.001	0.212
>AGGTCCTA	8-AGGTCCTA	9.527543	-7.890625	0	T:11.0(5.31%),B:733.3(1.52%),P:1e-3	Tpos:284.4,Tstd:236.6,Bpos:243.6,Bstd:163.6,StrandBias:-0.7,Multiplicity:3.09
0.997	0.001	0.001	0.001
0.001	0.214	0.784	0.001
0.001	0.001	0.997	0.001
0.001	0.001	0.001	0.997
0.001	0.997	0.001	0.001
0.001	0.997	0.001	0.001
0.001	0.001	0.001	0.997
0.997	0.001	0.001	0.001
>ACGGAAAA	9-ACGGAAAA	9.177556	-7.792031	0	T:9.0(4.35%),B:511.2(1.06%),P:1e-3	Tpos:311.2,Tstd:378.8,Bpos:242.2,Bstd:174.0,StrandBias:1.6,Multiplicity:1.33
0.997	0.001	0.001	0.001
0.001	0.997	0.001	0.001
0.001	0.001	0.739	0.259
0.001	0.001	0.997	0.001
0.997	0.001	0.001	0.001
0.628	0.370	0.001	0.001
0.675	0.001	0.001	0.323
0.997	0.001	0.001	0.001
>CAWTTTTC	10-CAWTTTTC	7.979465	-4.961983	0	T:43.0(20.77%),B:6896.9(14.29%),P:1e-2	Tpos:282.3,Tstd:229.4,Bpos:249.1,Bstd:163.3,StrandBias:-0.1,Multiplicity:2.05
0.001	0.997	0.001	0.001
0.997	0.001	0.001	0.001
0.423	0.001	0.184	0.392
0.001	0.001	0.001	0.997
0.001	0.001	0.038	0.960
0.001	0.114	0.001	0.884
0.001	0.001	0.129	0.869
0.001	0.971	0.001	0.027
>CGGGGGGM	11-CGGGGGGM	9.447339	-4.001220	0	T:8.0(3.86%),B:765.7(1.59%),P:1e-1	Tpos:535.5,Tstd:889.9,Bpos:253.1,Bstd:162.7,StrandBias:0.8,Multiplicity:1.38
0.001	0.887	0.111	0.001
0.001	0.001	0.997	0.001
0.001	0.001	0.997	0.001
0.001	0.001	0.997	0.001
0.001	0.001	0.997	0.001
0.001	0.001	0.997	0.001
0.001	0.001	0.997	0.001
0.405	0.372	0.222	0.001
>CAGTGTTT	12-CAGTGTTT	10.862298	-3.754752	0	T:13.0(6.28%),B:1620.0(3.36%),P:1e-1	Tpos:375.4,Tstd:279.1,Bpos:251.9,Bstd:147.9,StrandBias:1.4,Multiplicity:2.42
0.001	0.997	0.001	0.001
0.997	0.001	0.001	0.001
0.001	0.001	0.997	0.001
0.001	0.001	0.001	0.997
0.001	0.001	0.997	0.001
0.001	0.001	0.001	0.997
0.001	0.001	0.185	0.813
0.001	0.001	0.001	0.997
>TCTTTCTT	13-TCTTTCTT	8.311841	-3.177537	0	T:51.0(24.64%),B:9428.2(19.53%),P:1e-1	Tpos:343.2,Tstd:557.4,Bpos:258.2,Bstd:168.9,StrandBias:0.9,Multiplicity:2.67
0.001	0.001	0.001	0.997
0.001	0.997	0.001	0.001
0.001	0.107	0.001	0.891
0.001	0.001	0.001	0.997
0.071	0.001	0.001	0.927
0.001	0.997	0.001	0.001
0.001	0.001	0.001	0.997
0.001	0.001	0.001	0.997
>CMTCYTCY	14-CMTCYTCY	8.492831	-2.849881	0	T:46.0(22.22%),B:8559.8(17.74%),P:1e-1	Tpos:572.4,Tstd:1092.5,Bpos:250.8,Bstd:154.7,StrandBias:0.1,Multiplicity:1.30
0.119	0.879	0.001	0.001
0.448	0.519	0.001	0.032
0.001	0.001	0.001	0.997
0.001	0.810	0.001	0.188
0.001	0.463	0.001	0.535
0.001	0.139	0.001	0.859
0.001	0.997	0.001	0.001
0.001	0.487	0.001	0.511
>TGCGAAAT	15-TGCGAAAT	8.814001	-2.565877	0	T:20.0(9.66%),B:3308.0(6.85%),P:1e-1	Tpos:262.5,Tstd:215.8,Bpos:251.1,Bstd:157.9,StrandBias:1.0,Multiplicity:2.25
0.001	0.001	0.001	0.997
0.001	0.001	0.997	0.001
0.394	0.604	0.001	0.001
0.001	0.001	0.997	0.001
0.920	0.001	0.001	0.078
0.794	0.204	0.001	0.001
0.997	0.001	0.001	0.001
0.001	0.361	0.001	0.637
>AAAAAAAA	16-AAAAAAAA	8.236954	-0.027730	0	T:38.0(18.36%),B:11423.4(23.67%),P:1e0	Tpos:191.8,Tstd:270.9,Bpos:250.4,Bstd:162.0,StrandBias:1.0,Multiplicity:1.26
0.700	0.100	0.100	0.100
0.700	0.100	0.100	0.100
0.700	0.100	0.100	0.100
0.700	0.100	0.100	0.100
0.700	0.100	0.100	0.100
0.700	0.100	0.100	0.100
0.700	0.100	0.100	0.100
0.700	0.100	0.100	0.100
