>CYWTTGTK	1-CYWTTGTK	2.876955	-462.631563	0	T:2573.0(43.48%),B:10908.7(25.34%),P:1e-200	Tpos:619.7,Tstd:2668.9,Bpos:287.9,Bstd:182.6,StrandBias:-0.0,Multiplicity:1.56
0.001	0.997	0.001	0.001
0.001	0.525	0.001	0.473
0.524	0.001	0.001	0.474
0.001	0.001	0.001	0.997
0.001	0.001	0.001	0.997
0.001	0.001	0.997	0.001
0.001	0.001	0.001	0.997
0.001	0.187	0.335	0.476
>TCTCGCGA	2-TCTCGCGA	10.911498	-251.356934	0	T:264.0(4.46%),B:334.8(0.78%),P:1e-109	Tpos:347.6,Tstd:207.4,Bpos:227.0,Bstd:155.0,StrandBias:0.1,Multiplicity:1.17
0.001	0.001	0.001	0.997
0.144	0.854	0.001	0.001
0.001	0.001	0.001	0.997
0.001	0.997	0.001	0.001
0.001	0.001	0.997	0.001
0.001	0.997	0.001	0.001
0.001	0.001	0.997	0.001
0.997	0.001	0.001	0.001
>ATTCGCAT	3-ATTCGCAT	6.146697	-133.484660	0	T:838.0(14.16%),B:3414.2(7.93%),P:1e-57	Tpos:586.1,Tstd:1783.3,Bpos:276.6,Bstd:186.5,StrandBias:-0.0,Multiplicity:1.17
0.997	0.001	0.001	0.001
0.264	0.001	0.001	0.734
0.001	0.001	0.001	0.997
0.022	0.924	0.001	0.053
0.001	0.001	0.997	0.001
0.001	0.997	0.001	0.001
0.716	0.001	0.077	0.206
0.192	0.183	0.001	0.624
>GCGKGATT	4-GCGKGATT	2.950137	-124.315228	0	T:2284.0(38.60%),B:12557.1(29.17%),P:1e-53	Tpos:557.4,Tstd:2084.5,Bpos:283.0,Bstd:185.1,StrandBias:-0.0,Multiplicity:1.40
0.001	0.001	0.997	0.001
0.001	0.955	0.001	0.043
0.001	0.192	0.806	0.001
0.001	0.001	0.558	0.440
0.001	0.001	0.685	0.313
0.997	0.001	0.001	0.001
0.001	0.001	0.001	0.997
0.001	0.001	0.001	0.997
>CCWATYMG	5-CCWATYMG	6.011847	-107.235192	0	T:1453.0(24.56%),B:7380.3(17.14%),P:1e-46	Tpos:744.4,Tstd:3271.7,Bpos:276.4,Bstd:181.9,StrandBias:0.1,Multiplicity:1.25
0.029	0.629	0.098	0.244
0.239	0.624	0.007	0.130
0.497	0.056	0.024	0.423
0.997	0.001	0.001	0.001
0.263	0.001	0.001	0.735
0.083	0.349	0.086	0.482
0.379	0.405	0.130	0.086
0.265	0.001	0.733	0.001
>BKCTTTGT	6-BKCTTTGT	7.540967	-98.857375	0	T:1406.0(23.76%),B:7201.0(16.73%),P:1e-42	Tpos:763.2,Tstd:3222.7,Bpos:286.4,Bstd:182.0,StrandBias:0.1,Multiplicity:1.31
0.054	0.319	0.384	0.243
0.033	0.076	0.390	0.501
0.129	0.683	0.187	0.001
0.216	0.001	0.001	0.782
0.001	0.064	0.014	0.921
0.029	0.073	0.039	0.859
0.211	0.001	0.787	0.001
0.001	0.086	0.001	0.912
>GCATTACW	7-GCATTACW	7.857000	-87.696470	0	T:336.0(5.68%),B:1112.8(2.58%),P:1e-38	Tpos:566.6,Tstd:1702.5,Bpos:290.3,Bstd:178.3,StrandBias:0.1,Multiplicity:1.18
0.001	0.001	0.997	0.001
0.222	0.567	0.080	0.131
0.903	0.001	0.095	0.001
0.131	0.072	0.001	0.796
0.023	0.001	0.001	0.975
0.646	0.222	0.131	0.001
0.001	0.666	0.001	0.332
0.456	0.001	0.079	0.464
>AMCCCCCT	8-AMCCCCCT	7.356954	-78.517246	0	T:1095.0(18.51%),B:5541.5(12.87%),P:1e-34	Tpos:511.1,Tstd:1395.8,Bpos:281.2,Bstd:183.5,StrandBias:0.2,Multiplicity:1.20
0.997	0.001	0.001	0.001
0.500	0.498	0.001	0.001
0.105	0.502	0.341	0.052
0.001	0.760	0.238	0.001
0.001	0.593	0.405	0.001
0.001	0.997	0.001	0.001
0.001	0.943	0.001	0.055
0.081	0.195	0.001	0.723
>CTAATTAG	9-CTAATTAG	8.236954	-73.919611	0	T:103.0(1.74%),B:176.3(0.41%),P:1e-32	Tpos:562.0,Tstd:1846.5,Bpos:276.9,Bstd:203.8,StrandBias:0.0,Multiplicity:1.03
0.100	0.700	0.100	0.100
0.100	0.100	0.100	0.700
0.700	0.100	0.100	0.100
0.700	0.100	0.100	0.100
0.100	0.100	0.100	0.700
0.100	0.100	0.100	0.700
0.700	0.100	0.100	0.100
0.100	0.100	0.700	0.100
>AGGCGTAG	10-AGGCGTAG	6.635912	-70.674295	0	T:1859.0(31.42%),B:10646.3(24.73%),P:1e-30	Tpos:531.5,Tstd:2462.1,Bpos:276.4,Bstd:180.4,StrandBias:-0.0,Multiplicity:1.49
0.705	0.086	0.208	0.001
0.001	0.014	0.952	0.033
0.043	0.001	0.955	0.001
0.162	0.836	0.001	0.001
0.001	0.095	0.830	0.074
0.001	0.061	0.294	0.644
0.704	0.001	0.228	0.067
0.390	0.040	0.569	0.001
>GCTAAACC	11-GCTAAACC	7.382094	-66.590067	0	T:755.0(12.76%),B:3623.7(8.42%),P:1e-28	Tpos:615.8,Tstd:2670.3,Bpos:282.3,Bstd:186.5,StrandBias:0.1,Multiplicity:1.11
0.001	0.097	0.901	0.001
0.046	0.731	0.222	0.001
0.001	0.035	0.040	0.924
0.940	0.001	0.040	0.019
0.895	0.001	0.001	0.103
0.826	0.001	0.146	0.027
0.067	0.892	0.025	0.016
0.065	0.922	0.001	0.012
>CGGAATTC	12-CGGAATTC	5.995628	-63.055793	0	T:1316.0(22.24%),B:7199.8(16.72%),P:1e-27	Tpos:941.8,Tstd:4121.5,Bpos:285.2,Bstd:185.1,StrandBias:-0.0,Multiplicity:1.27
0.213	0.564	0.090	0.133
0.128	0.037	0.654	0.181
0.094	0.103	0.765	0.038
0.862	0.078	0.013	0.047
0.849	0.010	0.020	0.121
0.118	0.057	0.065	0.760
0.031	0.058	0.098	0.813
0.078	0.736	0.086	0.100
>AAATCCTC	13-AAATCCTC	6.514092	-60.318915	0	T:806.0(13.62%),B:4017.8(9.33%),P:1e-26	Tpos:805.0,Tstd:3558.0,Bpos:287.2,Bstd:186.7,StrandBias:0.0,Multiplicity:1.15
0.890	0.001	0.001	0.108
0.997	0.001	0.001	0.001
0.997	0.001	0.001	0.001
0.001	0.001	0.001	0.997
0.001	0.918	0.001	0.080
0.001	0.883	0.115	0.001
0.001	0.001	0.001	0.997
0.001	0.879	0.001	0.119
>AMATTCCT	14-AMATTCCT	8.584159	-49.696461	0	T:1020.0(17.24%),B:5533.6(12.85%),P:1e-21	Tpos:647.4,Tstd:2904.4,Bpos:285.2,Bstd:186.1,StrandBias:-0.1,Multiplicity:1.22
0.997	0.001	0.001	0.001
0.428	0.452	0.119	0.001
0.997	0.001	0.001	0.001
0.001	0.001	0.001	0.997
0.001	0.001	0.001	0.997
0.001	0.997	0.001	0.001
0.001	0.698	0.001	0.300
0.001	0.001	0.001	0.997
>CGCTTTCA	15-CGCTTTCA	6.798367	-49.192442	0	T:851.0(14.38%),B:4468.3(10.38%),P:1e-21	Tpos:491.0,Tstd:1198.2,Bpos:291.8,Bstd:185.7,StrandBias:-0.2,Multiplicity:1.11
0.079	0.622	0.212	0.087
0.032	0.157	0.710	0.101
0.090	0.759	0.082	0.069
0.071	0.037	0.062	0.830
0.011	0.030	0.081	0.878
0.056	0.050	0.066	0.828
0.088	0.686	0.099	0.127
0.693	0.052	0.134	0.121
>TTACACTC	16-TTACACTC	10.852409	-48.699463	0	T:142.0(2.40%),B:412.7(0.96%),P:1e-21	Tpos:346.2,Tstd:335.1,Bpos:281.3,Bstd:176.3,StrandBias:-0.0,Multiplicity:1.01
0.001	0.001	0.001	0.997
0.001	0.001	0.001	0.997
0.997	0.001	0.001	0.001
0.001	0.997	0.001	0.001
0.997	0.001	0.001	0.001
0.001	0.805	0.001	0.193
0.001	0.001	0.001	0.997
0.001	0.997	0.001	0.001
>GCCGGAAA	17-GCCGGAAA	7.045236	-44.390270	0	T:1045.0(17.66%),B:5796.2(13.46%),P:1e-19	Tpos:623.6,Tstd:2772.3,Bpos:287.4,Bstd:184.3,StrandBias:0.2,Multiplicity:1.12
0.001	0.001	0.944	0.054
0.088	0.767	0.039	0.106
0.119	0.509	0.129	0.243
0.001	0.001	0.997	0.001
0.058	0.016	0.925	0.001
0.997	0.001	0.001	0.001
0.966	0.001	0.001	0.032
0.935	0.001	0.047	0.017
>CCCCCCCC	18-CCCCCCCC	6.291044	-43.811127	0	T:3421.0(57.82%),B:22373.6(51.97%),P:1e-19	Tpos:477.0,Tstd:1523.4,Bpos:279.1,Bstd:186.7,StrandBias:0.1,Multiplicity:2.77
0.100	0.700	0.100	0.100
0.100	0.700	0.100	0.100
0.100	0.700	0.100	0.100
0.100	0.700	0.100	0.100
0.100	0.700	0.100	0.100
0.100	0.700	0.100	0.100
0.100	0.700	0.100	0.100
0.100	0.700	0.100	0.100
>CATTCAGA	19-CATTCAGA	9.674996	-43.392672	0	T:414.0(7.00%),B:1895.8(4.40%),P:1e-18	Tpos:723.6,Tstd:3438.8,Bpos:287.3,Bstd:173.6,StrandBias:0.0,Multiplicity:1.09
0.001	0.997	0.001	0.001
0.997	0.001	0.001	0.001
0.001	0.001	0.001	0.997
0.001	0.001	0.001	0.997
0.001	0.997	0.001	0.001
0.997	0.001	0.001	0.001
0.248	0.001	0.750	0.001
0.997	0.001	0.001	0.001
>GTCGATTG	20-GTCGATTG	5.857452	-42.110262	0	T:1291.0(21.82%),B:7461.5(17.33%),P:1e-18	Tpos:604.4,Tstd:2303.6,Bpos:283.5,Bstd:187.5,StrandBias:0.1,Multiplicity:1.22
0.001	0.219	0.584	0.196
0.001	0.228	0.241	0.530
0.184	0.619	0.078	0.119
0.179	0.002	0.818	0.001
0.797	0.001	0.015	0.187
0.095	0.001	0.001	0.903
0.112	0.040	0.001	0.847
0.176	0.001	0.674	0.149
>GTGCTAGC	21-GTGCTAGC	8.236954	-41.743778	0	T:140.0(2.37%),B:438.6(1.02%),P:1e-18	Tpos:906.6,Tstd:4001.7,Bpos:282.8,Bstd:177.6,StrandBias:0.1,Multiplicity:1.02
0.100	0.100	0.700	0.100
0.100	0.100	0.100	0.700
0.100	0.100	0.700	0.100
0.100	0.700	0.100	0.100
0.100	0.100	0.100	0.700
0.700	0.100	0.100	0.100
0.100	0.100	0.700	0.100
0.100	0.700	0.100	0.100
>GACAAATG	22-GACAAATG	8.236954	-35.915033	0	T:235.0(3.97%),B:964.1(2.24%),P:1e-15	Tpos:429.6,Tstd:1046.8,Bpos:284.3,Bstd:177.7,StrandBias:-0.0,Multiplicity:1.03
0.100	0.100	0.700	0.100
0.700	0.100	0.100	0.100
0.100	0.700	0.100	0.100
0.700	0.100	0.100	0.100
0.700	0.100	0.100	0.100
0.700	0.100	0.100	0.100
0.100	0.100	0.100	0.700
0.100	0.100	0.700	0.100
>SAAAGCTC	23-SAAAGCTC	7.460871	-33.509422	0	T:1018.0(17.20%),B:5854.7(13.60%),P:1e-14	Tpos:862.7,Tstd:4268.9,Bpos:285.4,Bstd:185.5,StrandBias:0.1,Multiplicity:1.16
0.173	0.287	0.427	0.113
0.827	0.123	0.049	0.001
0.894	0.104	0.001	0.001
0.726	0.123	0.150	0.001
0.001	0.001	0.904	0.094
0.414	0.584	0.001	0.001
0.001	0.001	0.001	0.997
0.167	0.831	0.001	0.001
>GATACTTA	24-GATACTTA	8.236954	-32.329979	0	T:113.0(1.91%),B:363.9(0.85%),P:1e-14	Tpos:445.8,Tstd:758.7,Bpos:279.0,Bstd:175.4,StrandBias:0.5,Multiplicity:1.00
0.100	0.100	0.700	0.100
0.700	0.100	0.100	0.100
0.100	0.100	0.100	0.700
0.700	0.100	0.100	0.100
0.100	0.700	0.100	0.100
0.100	0.100	0.100	0.700
0.100	0.100	0.100	0.700
0.700	0.100	0.100	0.100
>MGTACTAC	25-MGTACTAC	10.081156	-28.634336	0	T:136.0(2.30%),B:500.6(1.16%),P:1e-12	Tpos:411.6,Tstd:1823.0,Bpos:280.9,Bstd:175.9,StrandBias:0.3,Multiplicity:1.03
0.524	0.474	0.001	0.001
0.001	0.001	0.997	0.001
0.001	0.001	0.001	0.997
0.997	0.001	0.001	0.001
0.001	0.783	0.215	0.001
0.001	0.001	0.001	0.997
0.997	0.001	0.001	0.001
0.001	0.997	0.001	0.001
