>AATGGACC	1-AATGGACC	6.465429	-43.330836	0	T:172.0(38.83%),B:9726.8(20.16%),P:1e-18	Tpos:271.3,Tstd:493.1,Bpos:225.0,Bstd:151.8,StrandBias:-0.2,Multiplicity:1.42
0.800	0.001	0.198	0.001
0.608	0.001	0.001	0.390
0.001	0.001	0.074	0.924
0.001	0.095	0.560	0.344
0.001	0.250	0.682	0.067
0.915	0.083	0.001	0.001
0.001	0.835	0.001	0.163
0.185	0.761	0.053	0.001
>GTGGAATA	2-GTGGAATA	5.759147	-31.832755	0	T:255.0(57.56%),B:19081.8(39.54%),P:1e-13	Tpos:305.0,Tstd:545.4,Bpos:222.8,Bstd:149.0,StrandBias:0.3,Multiplicity:1.94
0.058	0.073	0.835	0.034
0.122	0.038	0.052	0.788
0.021	0.040	0.735	0.204
0.076	0.054	0.822	0.048
0.843	0.007	0.073	0.077
0.679	0.030	0.247	0.044
0.194	0.122	0.076	0.608
0.698	0.126	0.056	0.120
>CGAAGATC	3-CGAAGATC	6.690284	-30.779433	0	T:134.0(30.25%),B:7695.6(15.95%),P:1e-13	Tpos:283.4,Tstd:510.0,Bpos:220.3,Bstd:158.6,StrandBias:0.1,Multiplicity:1.43
0.151	0.438	0.251	0.160
0.238	0.045	0.566	0.151
0.846	0.022	0.125	0.007
0.882	0.034	0.066	0.018
0.130	0.017	0.777	0.076
0.821	0.070	0.048	0.061
0.046	0.030	0.059	0.865
0.051	0.814	0.095	0.040
>GAACSGCC	4-GAACSGCC	6.704696	-28.914177	0	T:87.0(19.64%),B:4125.3(8.55%),P:1e-12	Tpos:241.2,Tstd:281.4,Bpos:230.8,Bstd:146.5,StrandBias:0.6,Multiplicity:1.03
0.010	0.106	0.883	0.001
0.997	0.001	0.001	0.001
0.997	0.001	0.001	0.001
0.015	0.601	0.001	0.383
0.001	0.489	0.509	0.001
0.001	0.001	0.997	0.001
0.001	0.997	0.001	0.001
0.001	0.610	0.001	0.388
>CAGGATGA	5-CAGGATGA	8.548197	-24.460510	0	T:83.0(18.74%),B:4181.5(8.67%),P:1e-10	Tpos:368.2,Tstd:628.6,Bpos:221.1,Bstd:142.9,StrandBias:0.3,Multiplicity:1.04
0.001	0.883	0.001	0.115
0.682	0.112	0.201	0.005
0.001	0.001	0.997	0.001
0.001	0.001	0.915	0.083
0.596	0.402	0.001	0.001
0.001	0.123	0.001	0.875
0.157	0.296	0.546	0.001
0.928	0.070	0.001	0.001
>CCCCTAGC	6-CCCCTAGC	4.777401	-23.890674	0	T:81.0(18.28%),B:4077.6(8.45%),P:1e-10	Tpos:337.7,Tstd:683.0,Bpos:223.5,Bstd:145.0,StrandBias:0.6,Multiplicity:1.11
0.001	0.997	0.001	0.001
0.001	0.968	0.001	0.030
0.001	0.997	0.001	0.001
0.083	0.915	0.001	0.001
0.001	0.001	0.001	0.997
0.997	0.001	0.001	0.001
0.001	0.001	0.739	0.259
0.001	0.997	0.001	0.001
>CTACCACT	7-CTACCACT	6.929380	-23.239437	0	T:59.0(13.32%),B:2531.6(5.25%),P:1e-10	Tpos:235.0,Tstd:149.9,Bpos:221.0,Bstd:139.1,StrandBias:-0.1,Multiplicity:1.08
0.001	0.746	0.252	0.001
0.118	0.001	0.001	0.880
0.997	0.001	0.001	0.001
0.001	0.997	0.001	0.001
0.001	0.816	0.182	0.001
0.607	0.001	0.391	0.001
0.001	0.997	0.001	0.001
0.001	0.001	0.001	0.997
>AATTCCTC	8-AATTCCTC	5.622553	-23.207939	0	T:171.0(38.60%),B:11941.7(24.75%),P:1e-10	Tpos:337.0,Tstd:624.3,Bpos:225.2,Bstd:151.3,StrandBias:0.2,Multiplicity:1.43
0.681	0.227	0.039	0.053
0.589	0.145	0.265	0.001
0.214	0.120	0.001	0.665
0.190	0.178	0.073	0.559
0.143	0.569	0.204	0.084
0.121	0.658	0.001	0.220
0.011	0.107	0.184	0.698
0.149	0.589	0.227	0.035
>TTTTTCAG	9-TTTTTCAG	8.620543	-22.864507	0	T:107.0(24.15%),B:6254.5(12.96%),P:1e-9	Tpos:232.3,Tstd:203.9,Bpos:223.6,Bstd:147.7,StrandBias:-1.0,Multiplicity:1.23
0.065	0.001	0.001	0.933
0.001	0.001	0.001	0.997
0.001	0.206	0.001	0.792
0.058	0.129	0.001	0.812
0.001	0.001	0.001	0.997
0.001	0.997	0.001	0.001
0.964	0.013	0.022	0.001
0.001	0.069	0.929	0.001
>CTAAACAG	10-CTAAACAG	8.121463	-22.644741	0	T:92.0(20.77%),B:5049.2(10.46%),P:1e-9	Tpos:223.0,Tstd:249.8,Bpos:226.4,Bstd:151.5,StrandBias:0.8,Multiplicity:1.12
0.249	0.749	0.001	0.001
0.001	0.001	0.001	0.997
0.997	0.001	0.001	0.001
0.918	0.001	0.080	0.001
0.997	0.001	0.001	0.001
0.116	0.840	0.043	0.001
0.997	0.001	0.001	0.001
0.090	0.001	0.908	0.001
>GGATAATA	11-GGATAATA	6.787065	-21.659071	0	T:110.0(24.83%),B:6641.5(13.76%),P:1e-9	Tpos:324.3,Tstd:583.7,Bpos:226.0,Bstd:151.4,StrandBias:0.4,Multiplicity:1.28
0.001	0.001	0.931	0.067
0.001	0.001	0.997	0.001
0.997	0.001	0.001	0.001
0.001	0.001	0.001	0.997
0.997	0.001	0.001	0.001
0.962	0.001	0.001	0.036
0.213	0.001	0.001	0.785
0.997	0.001	0.001	0.001
>CCATTTGT	12-CCATTTGT	6.866903	-20.361234	0	T:165.0(37.25%),B:11794.6(24.44%),P:1e-8	Tpos:255.5,Tstd:367.3,Bpos:222.3,Bstd:149.8,StrandBias:-0.2,Multiplicity:1.32
0.001	0.997	0.001	0.001
0.001	0.997	0.001	0.001
0.949	0.001	0.001	0.049
0.029	0.001	0.257	0.713
0.001	0.001	0.001	0.997
0.001	0.151	0.001	0.847
0.001	0.001	0.676	0.322
0.001	0.214	0.001	0.784
>TGTGCAGA	13-TGTGCAGA	7.787678	-20.032762	0	T:109.0(24.60%),B:6747.8(13.98%),P:1e-8	Tpos:297.3,Tstd:434.3,Bpos:224.2,Bstd:143.1,StrandBias:-0.1,Multiplicity:1.10
0.001	0.001	0.001	0.997
0.001	0.001	0.997	0.001
0.204	0.001	0.001	0.794
0.001	0.070	0.928	0.001
0.204	0.673	0.001	0.122
0.964	0.001	0.001	0.034
0.001	0.001	0.997	0.001
0.997	0.001	0.001	0.001
>CKATTAGT	14-CKATTAGT	8.589211	-19.473188	0	T:56.0(12.64%),B:2585.6(5.36%),P:1e-8	Tpos:292.8,Tstd:384.2,Bpos:224.5,Bstd:147.7,StrandBias:-0.1,Multiplicity:1.20
0.001	0.997	0.001	0.001
0.001	0.001	0.481	0.517
0.997	0.001	0.001	0.001
0.001	0.001	0.001	0.997
0.240	0.001	0.001	0.758
0.997	0.001	0.001	0.001
0.001	0.001	0.721	0.277
0.001	0.001	0.001	0.997
>ASCTDBTA	15-ASCTDBTA	5.376080	-19.416266	0	T:65.0(14.67%),B:3248.0(6.73%),P:1e-8	Tpos:482.1,Tstd:902.7,Bpos:224.4,Bstd:138.3,StrandBias:0.4,Multiplicity:1.09
0.562	0.006	0.255	0.177
0.021	0.311	0.414	0.253
0.145	0.733	0.115	0.007
0.233	0.114	0.057	0.596
0.340	0.010	0.379	0.271
0.100	0.339	0.272	0.288
0.176	0.001	0.134	0.689
0.481	0.011	0.222	0.286
>CSATDCGS	16-CSATDCGS	6.757565	-19.357012	0	T:29.0(6.55%),B:863.6(1.79%),P:1e-8	Tpos:176.0,Tstd:158.5,Bpos:233.7,Bstd:173.5,StrandBias:-0.8,Multiplicity:1.04
0.001	0.903	0.039	0.057
0.008	0.383	0.527	0.082
0.697	0.130	0.061	0.112
0.061	0.032	0.269	0.638
0.299	0.001	0.294	0.406
0.006	0.715	0.007	0.272
0.001	0.119	0.638	0.242
0.006	0.532	0.461	0.001
>AACAACAC	17-AACAACAC	6.923815	-17.822316	0	T:107.0(24.15%),B:6851.5(14.20%),P:1e-7	Tpos:294.3,Tstd:625.0,Bpos:220.9,Bstd:145.7,StrandBias:0.9,Multiplicity:1.14
0.950	0.001	0.048	0.001
0.912	0.001	0.001	0.086
0.001	0.997	0.001	0.001
0.997	0.001	0.001	0.001
0.991	0.001	0.007	0.001
0.001	0.870	0.001	0.128
0.599	0.399	0.001	0.001
0.001	0.690	0.308	0.001
>GAATTGCA	18-GAATTGCA	7.940065	-16.564252	0	T:73.0(16.48%),B:4140.1(8.58%),P:1e-7	Tpos:259.6,Tstd:185.1,Bpos:222.8,Bstd:153.5,StrandBias:0.4,Multiplicity:1.27
0.001	0.029	0.969	0.001
0.759	0.029	0.205	0.007
0.690	0.093	0.051	0.166
0.229	0.001	0.001	0.769
0.001	0.001	0.060	0.938
0.001	0.001	0.896	0.102
0.001	0.972	0.026	0.001
0.997	0.001	0.001	0.001
>CGGATGAT	19-CGGATGAT	6.343259	-16.308814	0	T:103.0(23.25%),B:6702.1(13.89%),P:1e-7	Tpos:226.9,Tstd:236.7,Bpos:225.4,Bstd:155.9,StrandBias:-0.1,Multiplicity:1.13
0.061	0.749	0.060	0.130
0.211	0.061	0.594	0.134
0.014	0.070	0.839	0.077
0.827	0.048	0.041	0.084
0.230	0.112	0.034	0.624
0.044	0.037	0.840	0.079
0.681	0.131	0.166	0.022
0.031	0.056	0.055	0.858
>WGTACTAC	20-WGTACTAC	7.534888	-16.102877	0	T:43.0(9.71%),B:1915.8(3.97%),P:1e-6	Tpos:200.9,Tstd:157.1,Bpos:225.0,Bstd:145.9,StrandBias:0.3,Multiplicity:1.40
0.471	0.001	0.002	0.526
0.001	0.001	0.939	0.059
0.208	0.001	0.025	0.766
0.914	0.001	0.084	0.001
0.097	0.535	0.367	0.001
0.172	0.001	0.338	0.489
0.668	0.001	0.220	0.111
0.001	0.997	0.001	0.001
>TCTGGGTC	21-TCTGGGTC	8.236954	-15.737291	0	T:37.0(8.35%),B:1533.0(3.18%),P:1e-6	Tpos:442.9,Tstd:758.9,Bpos:223.2,Bstd:150.4,StrandBias:-0.3,Multiplicity:1.03
0.100	0.100	0.100	0.700
0.100	0.700	0.100	0.100
0.100	0.100	0.100	0.700
0.100	0.100	0.700	0.100
0.100	0.100	0.700	0.100
0.100	0.100	0.700	0.100
0.100	0.100	0.100	0.700
0.100	0.700	0.100	0.100
>TAGAGCTT	22-TAGAGCTT	8.998183	-13.547120	0	T:53.0(11.96%),B:2866.9(5.94%),P:1e-5	Tpos:291.9,Tstd:478.4,Bpos:226.1,Bstd:146.4,StrandBias:-0.4,Multiplicity:1.06
0.001	0.001	0.001	0.997
0.830	0.001	0.001	0.168
0.250	0.001	0.748	0.001
0.997	0.001	0.001	0.001
0.001	0.001	0.997	0.001
0.001	0.997	0.001	0.001
0.001	0.001	0.001	0.997
0.001	0.001	0.001	0.997
>TGATTTAG	23-TGATTTAG	4.056986	-13.367891	0	T:95.0(21.44%),B:6413.9(13.29%),P:1e-5	Tpos:315.2,Tstd:557.5,Bpos:225.7,Bstd:149.0,StrandBias:-0.3,Multiplicity:1.53
0.001	0.001	0.001	0.997
0.001	0.001	0.997	0.001
0.997	0.001	0.001	0.001
0.001	0.001	0.001	0.997
0.001	0.001	0.001	0.997
0.001	0.001	0.001	0.997
0.723	0.254	0.001	0.022
0.001	0.100	0.898	0.001
>GGCGTAGC	24-GGCGTAGC	5.411086	-13.218728	0	T:116.0(26.19%),B:8345.2(17.29%),P:1e-5	Tpos:307.5,Tstd:549.2,Bpos:220.3,Bstd:140.0,StrandBias:0.0,Multiplicity:1.37
0.069	0.040	0.811	0.080
0.128	0.122	0.651	0.099
0.128	0.704	0.016	0.152
0.082	0.061	0.817	0.040
0.102	0.031	0.054	0.813
0.767	0.040	0.082	0.111
0.126	0.074	0.686	0.114
0.096	0.764	0.056	0.084
>TYCTCGCC	25-TYCTCGCC	7.079179	-11.353724	0	T:71.0(16.03%),B:4603.4(9.54%),P:1e-4	Tpos:340.8,Tstd:540.7,Bpos:223.4,Bstd:147.7,StrandBias:-0.4,Multiplicity:1.46
0.064	0.001	0.001	0.934
0.044	0.411	0.001	0.544
0.001	0.877	0.001	0.121
0.019	0.001	0.001	0.979
0.001	0.717	0.001	0.281
0.060	0.001	0.938	0.001
0.030	0.968	0.001	0.001
0.001	0.997	0.001	0.001
