>TTTATGGC	1-TTTATGGC	8.391360	-1292.885608	0	T:5488.0(14.70%),B:2564.1(7.07%),P:1e-561	Tpos:899.8,Tstd:1395.7,Bpos:471.0,Bstd:288.9,StrandBias:0.0,Multiplicity:1.16
0.079	0.072	0.001	0.848
0.001	0.101	0.144	0.754
0.001	0.001	0.001	0.997
0.976	0.001	0.022	0.001
0.065	0.152	0.027	0.756
0.118	0.050	0.513	0.319
0.388	0.001	0.610	0.001
0.001	0.735	0.001	0.263
>TGAGTCAC	2-TGAGTCAC	9.558290	-1120.812259	0	T:5201.0(13.93%),B:2515.2(6.93%),P:1e-486	Tpos:892.2,Tstd:1848.1,Bpos:471.1,Bstd:274.3,StrandBias:0.0,Multiplicity:1.16
0.001	0.001	0.001	0.997
0.001	0.001	0.997	0.001
0.997	0.001	0.001	0.001
0.001	0.226	0.772	0.001
0.001	0.001	0.001	0.997
0.001	0.997	0.001	0.001
0.997	0.001	0.001	0.001
0.001	0.607	0.107	0.285
>STGACTCA	3-STGACTCA	7.719814	-934.284435	0	T:7937.0(21.25%),B:4770.4(13.15%),P:1e-405	Tpos:962.4,Tstd:1692.2,Bpos:470.1,Bstd:282.2,StrandBias:0.0,Multiplicity:1.11
0.248	0.302	0.429	0.021
0.001	0.073	0.015	0.911
0.099	0.001	0.882	0.018
0.997	0.001	0.001	0.001
0.001	0.981	0.001	0.017
0.226	0.001	0.142	0.631
0.216	0.549	0.056	0.179
0.748	0.001	0.132	0.119
>AGGAATGT	4-AGGAATGT	9.364395	-688.548765	0	T:7154.0(19.16%),B:4504.6(12.42%),P:1e-299	Tpos:925.0,Tstd:1310.9,Bpos:472.6,Bstd:285.8,StrandBias:0.0,Multiplicity:1.25
0.637	0.001	0.001	0.361
0.001	0.001	0.997	0.001
0.001	0.001	0.997	0.001
0.997	0.001	0.001	0.001
0.997	0.001	0.001	0.001
0.001	0.001	0.001	0.997
0.001	0.001	0.690	0.308
0.001	0.077	0.001	0.921
>GGTGTAAA	5-GGTGTAAA	8.685262	-499.445302	0	T:5462.0(14.63%),B:3450.4(9.51%),P:1e-216	Tpos:912.1,Tstd:1393.3,Bpos:469.7,Bstd:290.2,StrandBias:0.0,Multiplicity:1.16
0.046	0.010	0.943	0.001
0.001	0.167	0.553	0.279
0.015	0.001	0.001	0.983
0.001	0.001	0.968	0.030
0.011	0.001	0.001	0.987
0.661	0.015	0.266	0.058
0.997	0.001	0.001	0.001
0.926	0.067	0.001	0.006
>CGGAATTC	6-CGGAATTC	6.510845	-482.833169	0	T:8013.0(21.46%),B:5586.8(15.40%),P:1e-209	Tpos:921.0,Tstd:1527.4,Bpos:467.1,Bstd:285.5,StrandBias:0.0,Multiplicity:1.25
0.181	0.561	0.110	0.148
0.081	0.056	0.791	0.072
0.009	0.079	0.890	0.022
0.837	0.083	0.043	0.037
0.857	0.012	0.073	0.058
0.078	0.025	0.168	0.729
0.042	0.072	0.243	0.643
0.058	0.690	0.148	0.104
>TTTATGAT	7-TTTATGAT	7.555112	-353.391758	0	T:3676.0(9.84%),B:2274.2(6.27%),P:1e-153	Tpos:935.9,Tstd:1629.2,Bpos:477.7,Bstd:294.0,StrandBias:-0.1,Multiplicity:1.13
0.001	0.001	0.001	0.997
0.001	0.001	0.001	0.997
0.001	0.001	0.001	0.997
0.997	0.001	0.001	0.001
0.001	0.102	0.001	0.896
0.001	0.001	0.997	0.001
0.707	0.001	0.291	0.001
0.001	0.001	0.001	0.997
>CATTCAGA	8-CATTCAGA	8.236954	-336.048555	0	T:2406.0(6.44%),B:1333.7(3.68%),P:1e-145	Tpos:895.8,Tstd:1252.8,Bpos:463.3,Bstd:285.1,StrandBias:-0.0,Multiplicity:1.18
0.100	0.700	0.100	0.100
0.700	0.100	0.100	0.100
0.100	0.100	0.100	0.700
0.100	0.100	0.100	0.700
0.100	0.700	0.100	0.100
0.700	0.100	0.100	0.100
0.100	0.100	0.700	0.100
0.700	0.100	0.100	0.100
>TACTTCCT	9-TACTTCCT	9.541007	-288.923410	0	T:7740.0(20.73%),B:5814.4(16.03%),P:1e-125	Tpos:927.1,Tstd:1576.5,Bpos:470.8,Bstd:282.6,StrandBias:-0.0,Multiplicity:1.27
0.275	0.250	0.001	0.474
0.997	0.001	0.001	0.001
0.001	0.865	0.133	0.001
0.001	0.001	0.001	0.997
0.001	0.001	0.001	0.997
0.001	0.997	0.001	0.001
0.001	0.997	0.001	0.001
0.001	0.001	0.001	0.997
>MCGGAART	10-MCGGAART	6.865656	-272.765525	0	T:2387.0(6.39%),B:1403.4(3.87%),P:1e-118	Tpos:812.6,Tstd:1098.4,Bpos:455.2,Bstd:260.4,StrandBias:0.0,Multiplicity:1.11
0.311	0.404	0.157	0.128
0.140	0.810	0.049	0.001
0.001	0.010	0.988	0.001
0.079	0.282	0.537	0.102
0.565	0.146	0.020	0.269
0.880	0.001	0.001	0.118
0.348	0.141	0.471	0.039
0.240	0.178	0.095	0.487
>ACATTCTT	11-ACATTCTT	8.236954	-237.577753	0	T:2434.0(6.52%),B:1492.6(4.12%),P:1e-103	Tpos:933.3,Tstd:1626.8,Bpos:470.3,Bstd:286.5,StrandBias:-0.1,Multiplicity:1.10
0.700	0.100	0.100	0.100
0.100	0.700	0.100	0.100
0.700	0.100	0.100	0.100
0.100	0.100	0.100	0.700
0.100	0.100	0.100	0.700
0.100	0.700	0.100	0.100
0.100	0.100	0.100	0.700
0.100	0.100	0.100	0.700
>ATAAGTGC	12-ATAAGTGC	8.236954	-222.426395	0	T:989.0(2.65%),B:458.3(1.26%),P:1e-96	Tpos:959.8,Tstd:1962.6,Bpos:500.3,Bstd:269.0,StrandBias:0.0,Multiplicity:1.02
0.700	0.100	0.100	0.100
0.100	0.100	0.100	0.700
0.700	0.100	0.100	0.100
0.700	0.100	0.100	0.100
0.100	0.100	0.700	0.100
0.100	0.100	0.100	0.700
0.100	0.100	0.700	0.100
0.100	0.700	0.100	0.100
>AAAAGGCG	13-AAAAGGCG	7.993916	-222.187939	0	T:5482.0(14.68%),B:4038.6(11.14%),P:1e-96	Tpos:911.7,Tstd:1422.2,Bpos:465.2,Bstd:300.5,StrandBias:-0.0,Multiplicity:1.21
0.997	0.001	0.001	0.001
0.639	0.001	0.359	0.001
0.997	0.001	0.001	0.001
0.673	0.001	0.325	0.001
0.197	0.001	0.536	0.266
0.001	0.001	0.835	0.163
0.001	0.997	0.001	0.001
0.005	0.001	0.989	0.005
>CCTTAGGC	14-CCTTAGGC	7.788938	-212.529723	0	T:9596.0(25.70%),B:7714.3(21.27%),P:1e-92	Tpos:905.5,Tstd:1340.1,Bpos:476.9,Bstd:284.6,StrandBias:-0.0,Multiplicity:1.30
0.001	0.997	0.001	0.001
0.001	0.894	0.013	0.092
0.001	0.133	0.005	0.861
0.064	0.196	0.189	0.551
0.985	0.013	0.001	0.001
0.013	0.001	0.985	0.001
0.001	0.001	0.997	0.001
0.001	0.875	0.098	0.026
>KAGGCGKG	15-KAGGCGKG	5.005519	-207.309168	0	T:13559.0(36.31%),B:11389.1(31.40%),P:1e-90	Tpos:829.5,Tstd:1127.6,Bpos:458.3,Bstd:282.0,StrandBias:-0.0,Multiplicity:2.49
0.001	0.001	0.535	0.463
0.891	0.001	0.107	0.001
0.001	0.001	0.997	0.001
0.001	0.001	0.997	0.001
0.001	0.995	0.001	0.003
0.001	0.001	0.997	0.001
0.001	0.001	0.457	0.541
0.102	0.001	0.896	0.001
>CCTTTGTT	16-CCTTTGTT	9.128640	-205.259448	0	T:4883.0(13.08%),B:3570.1(9.84%),P:1e-89	Tpos:922.6,Tstd:1451.9,Bpos:477.4,Bstd:292.8,StrandBias:0.0,Multiplicity:1.15
0.001	0.855	0.143	0.001
0.001	0.973	0.025	0.001
0.026	0.001	0.001	0.972
0.001	0.001	0.001	0.997
0.001	0.001	0.001	0.997
0.001	0.001	0.997	0.001
0.001	0.001	0.001	0.997
0.001	0.176	0.001	0.822
>GATTCCGG	17-GATTCCGG	6.448106	-198.713621	0	T:6911.0(18.51%),B:5355.1(14.76%),P:1e-86	Tpos:918.7,Tstd:1682.2,Bpos:476.6,Bstd:294.9,StrandBias:-0.0,Multiplicity:1.24
0.062	0.163	0.656	0.119
0.513	0.204	0.061	0.222
0.156	0.065	0.049	0.730
0.072	0.033	0.082	0.813
0.047	0.822	0.085	0.046
0.019	0.932	0.028	0.021
0.036	0.114	0.768	0.082
0.071	0.048	0.768	0.113
>GCTTCTAA	18-GCTTCTAA	10.766865	-198.379890	0	T:1822.0(4.88%),B:1083.6(2.99%),P:1e-86	Tpos:966.2,Tstd:2308.8,Bpos:468.8,Bstd:286.6,StrandBias:-0.0,Multiplicity:1.08
0.001	0.001	0.997	0.001
0.001	0.739	0.259	0.001
0.001	0.001	0.001	0.997
0.001	0.001	0.001	0.997
0.001	0.997	0.001	0.001
0.001	0.001	0.001	0.997
0.997	0.001	0.001	0.001
0.997	0.001	0.001	0.001
>TGAATAGG	19-TGAATAGG	8.236954	-174.937879	0	T:1193.0(3.19%),B:648.7(1.79%),P:1e-75	Tpos:927.2,Tstd:1538.6,Bpos:467.0,Bstd:282.2,StrandBias:-0.1,Multiplicity:1.03
0.100	0.100	0.100	0.700
0.100	0.100	0.700	0.100
0.700	0.100	0.100	0.100
0.700	0.100	0.100	0.100
0.100	0.100	0.100	0.700
0.700	0.100	0.100	0.100
0.100	0.100	0.700	0.100
0.100	0.100	0.700	0.100
>WAAANCGG	20-WAAANCGG	4.652126	-161.824230	0	T:6320.0(16.92%),B:4956.1(13.66%),P:1e-70	Tpos:944.6,Tstd:1425.3,Bpos:475.1,Bstd:314.6,StrandBias:0.0,Multiplicity:1.22
0.303	0.119	0.190	0.388
0.501	0.156	0.182	0.161
0.486	0.139	0.182	0.194
0.530	0.196	0.041	0.233
0.221	0.283	0.292	0.205
0.001	0.997	0.001	0.001
0.027	0.274	0.633	0.066
0.093	0.229	0.458	0.220
>CGAYTTGV	21-CGAYTTGV	7.817490	-157.752172	0	T:1691.0(4.53%),B:1047.0(2.89%),P:1e-68	Tpos:964.3,Tstd:1699.1,Bpos:468.0,Bstd:301.4,StrandBias:-0.0,Multiplicity:1.08
0.001	0.997	0.001	0.001
0.001	0.001	0.997	0.001
0.593	0.279	0.127	0.001
0.127	0.452	0.001	0.420
0.001	0.001	0.001	0.997
0.227	0.001	0.136	0.636
0.001	0.001	0.997	0.001
0.360	0.280	0.225	0.136
>GTCACGTG	22-GTCACGTG	8.621463	-154.797626	0	T:1299.0(3.48%),B:753.0(2.08%),P:1e-67	Tpos:835.0,Tstd:1116.7,Bpos:441.9,Bstd:257.2,StrandBias:0.0,Multiplicity:1.07
0.276	0.115	0.473	0.136
0.001	0.255	0.138	0.606
0.001	0.801	0.168	0.030
0.779	0.001	0.073	0.147
0.088	0.910	0.001	0.001
0.018	0.069	0.912	0.001
0.057	0.088	0.001	0.854
0.146	0.129	0.668	0.057
>CYWTTGTY	23-CYWTTGTY	8.431384	-146.201002	0	T:2106.0(5.64%),B:1395.6(3.85%),P:1e-63	Tpos:968.7,Tstd:1843.1,Bpos:467.2,Bstd:281.2,StrandBias:-0.1,Multiplicity:1.11
0.001	0.902	0.096	0.001
0.018	0.416	0.021	0.545
0.566	0.001	0.001	0.432
0.001	0.001	0.132	0.866
0.144	0.001	0.001	0.854
0.149	0.001	0.849	0.001
0.001	0.001	0.001	0.997
0.152	0.445	0.001	0.402
>GCAWTACT	24-GCAWTACT	9.540932	-144.694256	0	T:900.0(2.41%),B:474.1(1.31%),P:1e-62	Tpos:1072.9,Tstd:2108.5,Bpos:469.5,Bstd:305.4,StrandBias:0.0,Multiplicity:1.03
0.355	0.001	0.643	0.001
0.001	0.997	0.001	0.001
0.997	0.001	0.001	0.001
0.528	0.001	0.001	0.470
0.001	0.001	0.001	0.997
0.997	0.001	0.001	0.001
0.001	0.635	0.001	0.363
0.001	0.001	0.001	0.997
>CCCCCCCC	25-CCCCCCCC	10.347512	-49.206140	0	T:4191.0(11.22%),B:3525.5(9.72%),P:1e-21	Tpos:1003.7,Tstd:1397.9,Bpos:469.6,Bstd:290.7,StrandBias:0.0,Multiplicity:1.18
0.001	0.997	0.001	0.001
0.030	0.968	0.001	0.001
0.170	0.828	0.001	0.001
0.129	0.869	0.001	0.001
0.248	0.750	0.001	0.001
0.079	0.919	0.001	0.001
0.001	0.997	0.001	0.001
0.001	0.997	0.001	0.001
