>AGGGCGKR	1-AGGGCGKR	6.183229	-236.418389	0	T:7080.0(53.03%),B:15711.2(43.72%),P:1e-102	Tpos:350.7,Tstd:259.0,Bpos:260.9,Bstd:165.6,StrandBias:-0.0,Multiplicity:1.88
0.719	0.001	0.124	0.156
0.121	0.001	0.713	0.165
0.193	0.022	0.704	0.081
0.001	0.146	0.808	0.045
0.001	0.693	0.001	0.305
0.001	0.001	0.997	0.001
0.047	0.001	0.530	0.422
0.408	0.001	0.334	0.257
>TGTAATGC	2-TGTAATGC	8.236954	-207.302975	0	T:303.0(2.27%),B:196.4(0.55%),P:1e-90	Tpos:334.1,Tstd:252.1,Bpos:269.6,Bstd:153.4,StrandBias:0.2,Multiplicity:1.11
0.100	0.100	0.100	0.700
0.100	0.100	0.700	0.100
0.100	0.100	0.100	0.700
0.700	0.100	0.100	0.100
0.700	0.100	0.100	0.100
0.100	0.100	0.100	0.700
0.100	0.100	0.700	0.100
0.100	0.700	0.100	0.100
>KGGGCGKT	3-KGGGCGKT	3.033444	-205.233807	0	T:6424.0(48.12%),B:14207.4(39.54%),P:1e-89	Tpos:357.2,Tstd:248.6,Bpos:253.3,Bstd:162.9,StrandBias:-0.0,Multiplicity:2.16
0.001	0.001	0.514	0.484
0.358	0.001	0.640	0.001
0.001	0.001	0.997	0.001
0.001	0.001	0.997	0.001
0.001	0.997	0.001	0.001
0.001	0.001	0.997	0.001
0.001	0.001	0.463	0.535
0.001	0.001	0.023	0.975
>CCTYAGGC	4-CCTYAGGC	7.045260	-189.365499	0	T:3472.0(26.01%),B:6890.1(19.17%),P:1e-82	Tpos:361.3,Tstd:274.6,Bpos:273.3,Bstd:166.0,StrandBias:-0.0,Multiplicity:1.23
0.001	0.980	0.001	0.018
0.011	0.947	0.001	0.041
0.001	0.081	0.014	0.904
0.072	0.276	0.237	0.415
0.997	0.001	0.001	0.001
0.021	0.001	0.977	0.001
0.018	0.001	0.980	0.001
0.037	0.884	0.026	0.053
>ACAATAGA	5-ACAATAGA	10.810552	-185.153840	0	T:362.0(2.71%),B:296.8(0.83%),P:1e-80	Tpos:329.9,Tstd:202.4,Bpos:275.3,Bstd:165.2,StrandBias:0.2,Multiplicity:1.03
0.997	0.001	0.001	0.001
0.001	0.997	0.001	0.001
0.997	0.001	0.001	0.001
0.997	0.001	0.001	0.001
0.001	0.001	0.001	0.997
0.997	0.001	0.001	0.001
0.001	0.001	0.997	0.001
0.772	0.226	0.001	0.001
>RAAGGTCA	6-RAAGGTCA	7.561315	-146.873294	0	T:2042.0(15.29%),B:3784.8(10.53%),P:1e-63	Tpos:334.1,Tstd:271.2,Bpos:267.1,Bstd:170.1,StrandBias:0.0,Multiplicity:1.16
0.352	0.153	0.495	0.001
0.997	0.001	0.001	0.001
0.997	0.001	0.001	0.001
0.001	0.001	0.997	0.001
0.001	0.001	0.997	0.001
0.001	0.001	0.001	0.997
0.001	0.613	0.001	0.385
0.859	0.002	0.138	0.001
>CGGAATTC	7-CGGAATTC	6.344554	-136.942543	0	T:2056.0(15.40%),B:3870.2(10.77%),P:1e-59	Tpos:331.8,Tstd:265.8,Bpos:266.5,Bstd:170.2,StrandBias:0.0,Multiplicity:1.21
0.116	0.599	0.084	0.201
0.085	0.011	0.612	0.292
0.001	0.010	0.988	0.001
0.978	0.001	0.020	0.001
0.983	0.015	0.001	0.001
0.013	0.001	0.028	0.958
0.001	0.035	0.017	0.947
0.015	0.941	0.028	0.016
>ATGCWAAT	8-ATGCWAAT	8.152722	-133.951484	0	T:972.0(7.28%),B:1508.7(4.20%),P:1e-58	Tpos:343.1,Tstd:293.6,Bpos:258.5,Bstd:161.8,StrandBias:-0.1,Multiplicity:1.10
0.997	0.001	0.001	0.001
0.001	0.001	0.001	0.997
0.001	0.001	0.997	0.001
0.001	0.997	0.001	0.001
0.545	0.001	0.015	0.439
0.899	0.001	0.099	0.001
0.997	0.001	0.001	0.001
0.001	0.001	0.001	0.997
>AACAAAGG	9-AACAAAGG	7.478342	-120.377617	0	T:2390.0(17.90%),B:4749.6(13.22%),P:1e-52	Tpos:325.9,Tstd:246.9,Bpos:268.5,Bstd:173.3,StrandBias:-0.1,Multiplicity:1.20
0.853	0.001	0.091	0.055
0.964	0.001	0.001	0.034
0.001	0.997	0.001	0.001
0.993	0.001	0.005	0.001
0.942	0.001	0.048	0.009
0.880	0.001	0.083	0.036
0.240	0.023	0.736	0.001
0.031	0.081	0.843	0.045
>TTATAAGT	10-TTATAAGT	8.236954	-116.160495	0	T:266.0(1.99%),B:243.2(0.68%),P:1e-50	Tpos:325.0,Tstd:350.2,Bpos:268.8,Bstd:176.3,StrandBias:-0.1,Multiplicity:1.01
0.100	0.100	0.100	0.700
0.100	0.100	0.100	0.700
0.700	0.100	0.100	0.100
0.100	0.100	0.100	0.700
0.700	0.100	0.100	0.100
0.700	0.100	0.100	0.100
0.100	0.100	0.700	0.100
0.100	0.100	0.100	0.700
>TRAAAGCG	11-TRAAAGCG	5.246561	-107.402004	0	T:5712.0(42.78%),B:13190.9(36.71%),P:1e-46	Tpos:334.3,Tstd:267.3,Bpos:267.1,Bstd:177.6,StrandBias:-0.0,Multiplicity:1.38
0.190	0.165	0.100	0.545
0.308	0.183	0.410	0.099
0.775	0.103	0.046	0.076
0.876	0.122	0.001	0.001
0.633	0.084	0.103	0.180
0.051	0.169	0.768	0.012
0.050	0.914	0.035	0.001
0.001	0.001	0.856	0.142
>GTAAATTC	12-GTAAATTC	9.085705	-102.898238	0	T:584.0(4.37%),B:832.1(2.32%),P:1e-44	Tpos:337.9,Tstd:316.7,Bpos:261.3,Bstd:183.0,StrandBias:0.1,Multiplicity:1.18
0.001	0.001	0.997	0.001
0.001	0.001	0.001	0.997
0.997	0.001	0.001	0.001
0.997	0.001	0.001	0.001
0.997	0.001	0.001	0.001
0.001	0.001	0.001	0.997
0.291	0.001	0.001	0.707
0.001	0.804	0.001	0.194
>CCWATYCG	13-CCWATYCG	4.196514	-102.547717	0	T:4016.0(30.08%),B:8878.8(24.71%),P:1e-44	Tpos:340.1,Tstd:301.1,Bpos:270.0,Bstd:175.5,StrandBias:0.0,Multiplicity:1.28
0.161	0.548	0.001	0.290
0.090	0.903	0.001	0.006
0.443	0.005	0.001	0.551
0.997	0.001	0.001	0.001
0.246	0.001	0.297	0.456
0.005	0.443	0.001	0.551
0.001	0.991	0.007	0.001
0.021	0.001	0.977	0.001
>TCCACCCA	14-TCCACCCA	5.714133	-101.192779	0	T:3058.0(22.90%),B:6503.1(18.10%),P:1e-43	Tpos:332.5,Tstd:272.3,Bpos:270.2,Bstd:160.1,StrandBias:-0.0,Multiplicity:1.22
0.001	0.018	0.001	0.980
0.418	0.580	0.001	0.001
0.334	0.664	0.001	0.001
0.997	0.001	0.001	0.001
0.001	0.997	0.001	0.001
0.001	0.997	0.001	0.001
0.001	0.937	0.061	0.001
0.997	0.001	0.001	0.001
>CCAATCAG	15-CCAATCAG	4.034102	-97.187978	0	T:2058.0(15.41%),B:4120.3(11.47%),P:1e-42	Tpos:335.6,Tstd:241.5,Bpos:250.1,Bstd:160.9,StrandBias:0.1,Multiplicity:1.20
0.001	0.997	0.001	0.001
0.052	0.946	0.001	0.001
0.997	0.001	0.001	0.001
0.997	0.001	0.001	0.001
0.001	0.001	0.001	0.997
0.001	0.925	0.001	0.073
0.997	0.001	0.001	0.001
0.001	0.297	0.701	0.001
>GTAATCWC	16-GTAATCWC	7.903386	-84.873908	0	T:1357.0(10.16%),B:2569.1(7.15%),P:1e-36	Tpos:333.6,Tstd:271.9,Bpos:269.3,Bstd:172.6,StrandBias:0.1,Multiplicity:1.09
0.001	0.001	0.997	0.001
0.179	0.001	0.001	0.819
0.997	0.001	0.001	0.001
0.997	0.001	0.001	0.001
0.139	0.343	0.001	0.517
0.001	0.997	0.001	0.001
0.453	0.001	0.001	0.545
0.001	0.997	0.001	0.001
>GAATGTTA	17-GAATGTTA	8.236954	-84.843774	0	T:253.0(1.89%),B:271.1(0.75%),P:1e-36	Tpos:296.1,Tstd:196.2,Bpos:279.3,Bstd:174.7,StrandBias:0.1,Multiplicity:1.18
0.100	0.100	0.700	0.100
0.700	0.100	0.100	0.100
0.700	0.100	0.100	0.100
0.100	0.100	0.100	0.700
0.100	0.100	0.700	0.100
0.100	0.100	0.100	0.700
0.100	0.100	0.100	0.700
0.700	0.100	0.100	0.100
>ATAATACT	18-ATAATACT	8.236954	-81.808443	0	T:194.0(1.45%),B:182.5(0.51%),P:1e-35	Tpos:343.1,Tstd:370.6,Bpos:253.2,Bstd:155.9,StrandBias:0.2,Multiplicity:1.02
0.700	0.100	0.100	0.100
0.100	0.100	0.100	0.700
0.700	0.100	0.100	0.100
0.700	0.100	0.100	0.100
0.100	0.100	0.100	0.700
0.700	0.100	0.100	0.100
0.100	0.700	0.100	0.100
0.100	0.100	0.100	0.700
>GTTCCAAT	19-GTTCCAAT	9.590913	-78.816004	0	T:432.0(3.24%),B:608.1(1.69%),P:1e-34	Tpos:348.8,Tstd:300.3,Bpos:268.8,Bstd:170.7,StrandBias:-0.1,Multiplicity:1.01
0.001	0.001	0.997	0.001
0.001	0.001	0.001	0.997
0.001	0.001	0.001	0.997
0.001	0.997	0.001	0.001
0.001	0.997	0.001	0.001
0.997	0.001	0.001	0.001
0.997	0.001	0.001	0.001
0.001	0.228	0.001	0.770
>TTAGCTAT	20-TTAGCTAT	8.236954	-77.282399	0	T:243.0(1.82%),B:268.7(0.75%),P:1e-33	Tpos:324.1,Tstd:240.6,Bpos:262.7,Bstd:179.6,StrandBias:0.1,Multiplicity:1.06
0.100	0.100	0.100	0.700
0.100	0.100	0.100	0.700
0.700	0.100	0.100	0.100
0.100	0.100	0.700	0.100
0.100	0.700	0.100	0.100
0.100	0.100	0.100	0.700
0.700	0.100	0.100	0.100
0.100	0.100	0.100	0.700
>ATCGGAAT	21-ATCGGAAT	6.418018	-76.755261	0	T:1098.0(8.22%),B:2029.9(5.65%),P:1e-33	Tpos:328.1,Tstd:271.1,Bpos:266.5,Bstd:173.4,StrandBias:0.1,Multiplicity:1.05
0.997	0.001	0.001	0.001
0.204	0.001	0.001	0.794
0.001	0.997	0.001	0.001
0.001	0.001	0.947	0.051
0.001	0.001	0.770	0.228
0.997	0.001	0.001	0.001
0.777	0.001	0.221	0.001
0.287	0.001	0.001	0.711
>GAATAGCT	22-GAATAGCT	8.888955	-66.902585	0	T:299.0(2.24%),B:389.3(1.08%),P:1e-29	Tpos:337.0,Tstd:223.9,Bpos:267.8,Bstd:167.5,StrandBias:0.1,Multiplicity:1.01
0.001	0.001	0.997	0.001
0.997	0.001	0.001	0.001
0.997	0.001	0.001	0.001
0.001	0.001	0.001	0.997
0.997	0.001	0.001	0.001
0.001	0.001	0.997	0.001
0.001	0.997	0.001	0.001
0.001	0.001	0.113	0.885
>TCTACTAG	23-TCTACTAG	10.646202	-65.036387	0	T:172.0(1.29%),B:173.9(0.48%),P:1e-28	Tpos:323.2,Tstd:179.3,Bpos:265.1,Bstd:182.1,StrandBias:0.3,Multiplicity:1.01
0.001	0.001	0.001	0.997
0.001	0.997	0.001	0.001
0.001	0.001	0.001	0.997
0.997	0.001	0.001	0.001
0.001	0.655	0.343	0.001
0.001	0.001	0.001	0.997
0.997	0.001	0.001	0.001
0.001	0.001	0.997	0.001
>GTATGGAT	24-GTATGGAT	8.236954	-59.940517	0	T:194.0(1.45%),B:218.4(0.61%),P:1e-26	Tpos:323.1,Tstd:241.6,Bpos:250.7,Bstd:163.4,StrandBias:-0.1,Multiplicity:1.00
0.100	0.100	0.700	0.100
0.100	0.100	0.100	0.700
0.700	0.100	0.100	0.100
0.100	0.100	0.100	0.700
0.100	0.100	0.700	0.100
0.100	0.100	0.700	0.100
0.700	0.100	0.100	0.100
0.100	0.100	0.100	0.700
>TCCTTGAA	25-TCCTTGAA	8.176488	-52.195641	0	T:1049.0(7.86%),B:2068.8(5.76%),P:1e-22	Tpos:338.4,Tstd:332.8,Bpos:274.2,Bstd:171.3,StrandBias:-0.1,Multiplicity:1.16
0.001	0.001	0.001	0.997
0.001	0.913	0.085	0.001
0.001	0.997	0.001	0.001
0.001	0.001	0.109	0.889
0.269	0.001	0.001	0.729
0.001	0.001	0.997	0.001
0.997	0.001	0.001	0.001
0.997	0.001	0.001	0.001
