>TGAGTCAC	1-TGAGTCAC	9.082741	-1759.534736	0	T:7224.0(15.40%),B:3346.6(7.32%),P:1e-764	Tpos:470.9,Tstd:346.5,Bpos:403.5,Bstd:236.5,StrandBias:0.0,Multiplicity:1.15
0.001	0.001	0.001	0.997
0.001	0.001	0.997	0.001
0.997	0.001	0.001	0.001
0.001	0.231	0.767	0.001
0.001	0.001	0.001	0.997
0.001	0.997	0.001	0.001
0.997	0.001	0.001	0.001
0.001	0.592	0.114	0.293
>CCTBAGGC	2-CCTBAGGC	6.638365	-1638.315454	0	T:22946.0(48.91%),B:16463.2(36.00%),P:1e-711	Tpos:540.7,Tstd:389.7,Bpos:412.3,Bstd:246.7,StrandBias:0.0,Multiplicity:1.54
0.001	0.997	0.001	0.001
0.001	0.975	0.003	0.021
0.001	0.046	0.001	0.952
0.073	0.331	0.323	0.274
0.956	0.001	0.042	0.001
0.001	0.001	0.997	0.001
0.001	0.001	0.997	0.001
0.001	0.934	0.064	0.001
>TGAGTCAT	3-TGAGTCAT	7.627964	-1430.603489	0	T:10742.0(22.90%),B:6285.8(13.74%),P:1e-621	Tpos:488.8,Tstd:373.5,Bpos:409.9,Bstd:241.6,StrandBias:-0.0,Multiplicity:1.09
0.001	0.250	0.001	0.748
0.077	0.001	0.553	0.369
0.894	0.104	0.001	0.001
0.001	0.208	0.630	0.161
0.001	0.001	0.001	0.997
0.159	0.839	0.001	0.001
0.965	0.033	0.001	0.001
0.001	0.322	0.172	0.505
>AGGKGGCG	4-AGGKGGCG	8.293827	-859.511366	0	T:8634.0(18.40%),B:5402.7(11.81%),P:1e-373	Tpos:589.8,Tstd:417.3,Bpos:399.4,Bstd:251.3,StrandBias:0.0,Multiplicity:1.26
0.919	0.001	0.001	0.079
0.198	0.001	0.703	0.098
0.287	0.001	0.617	0.095
0.042	0.001	0.535	0.422
0.058	0.045	0.847	0.050
0.001	0.001	0.896	0.102
0.001	0.997	0.001	0.001
0.185	0.001	0.813	0.001
>GMATTCCT	5-GMATTCCT	7.875268	-698.673141	0	T:13051.0(27.82%),B:9419.6(20.60%),P:1e-303	Tpos:496.5,Tstd:398.1,Bpos:400.7,Bstd:245.4,StrandBias:-0.0,Multiplicity:1.28
0.364	0.020	0.590	0.026
0.463	0.510	0.026	0.001
0.944	0.054	0.001	0.001
0.001	0.001	0.001	0.997
0.001	0.001	0.037	0.961
0.001	0.979	0.019	0.001
0.001	0.997	0.001	0.001
0.261	0.001	0.245	0.493
>GCCCTAGG	6-GCCCTAGG	7.188202	-594.473845	0	T:18099.0(38.58%),B:14222.1(31.10%),P:1e-258	Tpos:541.4,Tstd:411.5,Bpos:408.0,Bstd:246.0,StrandBias:0.0,Multiplicity:1.25
0.028	0.095	0.811	0.066
0.045	0.933	0.021	0.001
0.001	0.578	0.097	0.324
0.031	0.638	0.028	0.303
0.238	0.183	0.001	0.578
0.687	0.001	0.262	0.050
0.040	0.021	0.938	0.001
0.110	0.001	0.842	0.047
>CCTAGAGG	7-CCTAGAGG	7.276736	-412.267551	0	T:15435.0(32.90%),B:12315.6(26.93%),P:1e-179	Tpos:533.8,Tstd:406.5,Bpos:405.8,Bstd:241.3,StrandBias:-0.0,Multiplicity:1.29
0.110	0.857	0.032	0.001
0.001	0.993	0.005	0.001
0.001	0.150	0.001	0.848
0.796	0.019	0.146	0.039
0.091	0.001	0.907	0.001
0.651	0.043	0.133	0.173
0.001	0.010	0.988	0.001
0.001	0.001	0.997	0.001
>GGGCGGGG	8-GGGCGGGG	10.168770	-399.964939	0	T:9861.0(21.02%),B:7349.4(16.07%),P:1e-173	Tpos:640.0,Tstd:388.6,Bpos:384.4,Bstd:233.5,StrandBias:0.0,Multiplicity:1.73
0.001	0.001	0.997	0.001
0.001	0.001	0.997	0.001
0.001	0.001	0.997	0.001
0.001	0.634	0.002	0.363
0.001	0.001	0.997	0.001
0.001	0.001	0.997	0.001
0.359	0.001	0.639	0.001
0.001	0.001	0.997	0.001
>HCGGAART	9-HCGGAART	6.052240	-365.010611	0	T:16393.0(34.94%),B:13357.9(29.21%),P:1e-158	Tpos:570.1,Tstd:408.6,Bpos:403.5,Bstd:245.3,StrandBias:-0.0,Multiplicity:1.49
0.312	0.379	0.025	0.284
0.175	0.823	0.001	0.001
0.001	0.011	0.987	0.001
0.001	0.086	0.912	0.001
0.779	0.001	0.219	0.001
0.627	0.110	0.001	0.262
0.287	0.098	0.393	0.222
0.122	0.288	0.001	0.589
>CCCGCAGG	10-CCCGCAGG	7.333892	-334.560072	0	T:15521.0(33.08%),B:12658.4(27.68%),P:1e-145	Tpos:591.1,Tstd:406.8,Bpos:423.3,Bstd:255.2,StrandBias:-0.0,Multiplicity:1.58
0.053	0.829	0.057	0.061
0.001	0.957	0.023	0.019
0.163	0.709	0.022	0.106
0.001	0.001	0.997	0.001
0.056	0.840	0.089	0.015
0.901	0.001	0.041	0.057
0.001	0.016	0.973	0.010
0.014	0.076	0.885	0.025
>TAMCGCGN	11-TAMCGCGN	5.137595	-284.120178	0	T:8694.0(18.53%),B:6652.3(14.54%),P:1e-123	Tpos:614.5,Tstd:416.6,Bpos:413.8,Bstd:263.9,StrandBias:0.0,Multiplicity:1.28
0.314	0.166	0.037	0.483
0.507	0.120	0.285	0.088
0.438	0.291	0.162	0.109
0.340	0.599	0.017	0.044
0.155	0.070	0.517	0.258
0.001	0.997	0.001	0.001
0.111	0.016	0.778	0.095
0.221	0.276	0.231	0.272
>NAAANCGS	12-NAAANCGS	5.460892	-260.162778	0	T:11747.0(25.04%),B:9469.2(20.70%),P:1e-112	Tpos:571.0,Tstd:438.1,Bpos:401.1,Bstd:270.9,StrandBias:-0.0,Multiplicity:1.33
0.317	0.191	0.183	0.309
0.604	0.048	0.076	0.272
0.719	0.093	0.127	0.061
0.717	0.113	0.096	0.074
0.169	0.304	0.210	0.317
0.053	0.865	0.045	0.037
0.066	0.081	0.822	0.031
0.117	0.422	0.436	0.024
>AATYACGC	13-AATYACGC	4.486282	-239.293611	0	T:13123.0(27.97%),B:10809.2(23.63%),P:1e-103	Tpos:559.9,Tstd:430.3,Bpos:403.9,Bstd:257.5,StrandBias:0.0,Multiplicity:1.27
0.578	0.078	0.208	0.136
0.575	0.109	0.158	0.158
0.106	0.288	0.148	0.457
0.142	0.346	0.078	0.434
0.466	0.119	0.299	0.116
0.124	0.735	0.139	0.002
0.156	0.089	0.670	0.085
0.118	0.508	0.177	0.197
>GCGWGAAA	14-GCGWGAAA	6.038153	-236.051560	0	T:9895.0(21.09%),B:7881.4(17.23%),P:1e-102	Tpos:575.7,Tstd:436.0,Bpos:405.8,Bstd:263.6,StrandBias:-0.0,Multiplicity:1.21
0.001	0.070	0.880	0.049
0.001	0.990	0.001	0.008
0.001	0.001	0.997	0.001
0.444	0.001	0.001	0.554
0.032	0.107	0.738	0.123
0.561	0.055	0.309	0.075
0.880	0.062	0.001	0.057
0.940	0.001	0.001	0.058
>AAAAGKCG	15-AAAAGKCG	6.326722	-229.533836	0	T:11791.0(25.13%),B:9626.4(21.05%),P:1e-99	Tpos:585.4,Tstd:440.5,Bpos:402.3,Bstd:265.6,StrandBias:-0.0,Multiplicity:1.30
0.824	0.174	0.001	0.001
0.905	0.093	0.001	0.001
0.997	0.001	0.001	0.001
0.622	0.001	0.308	0.069
0.001	0.139	0.656	0.204
0.081	0.165	0.323	0.431
0.001	0.997	0.001	0.001
0.001	0.001	0.997	0.001
>CGAATTCT	16-CGAATTCT	5.120969	-192.622417	0	T:8871.0(18.91%),B:7120.0(15.57%),P:1e-83	Tpos:568.9,Tstd:437.2,Bpos:405.5,Bstd:263.4,StrandBias:-0.0,Multiplicity:1.21
0.001	0.985	0.001	0.013
0.001	0.001	0.997	0.001
0.997	0.001	0.001	0.001
0.997	0.001	0.001	0.001
0.131	0.264	0.127	0.479
0.001	0.211	0.153	0.635
0.001	0.997	0.001	0.001
0.001	0.001	0.098	0.900
>CCCCMCCC	17-CCCCMCCC	9.982335	-162.198996	0	T:10398.0(22.16%),B:8635.4(18.88%),P:1e-70	Tpos:570.5,Tstd:440.1,Bpos:401.5,Bstd:245.9,StrandBias:-0.0,Multiplicity:1.49
0.001	0.964	0.001	0.034
0.003	0.995	0.001	0.001
0.241	0.757	0.001	0.001
0.004	0.960	0.035	0.001
0.564	0.434	0.001	0.001
0.153	0.845	0.001	0.001
0.001	0.997	0.001	0.001
0.001	0.997	0.001	0.001
>ATAAGCGC	18-ATAAGCGC	7.827282	-150.525523	0	T:2111.0(4.50%),B:1393.0(3.05%),P:1e-65	Tpos:536.5,Tstd:427.6,Bpos:395.6,Bstd:250.4,StrandBias:0.0,Multiplicity:1.02
0.522	0.001	0.274	0.203
0.001	0.001	0.001	0.997
0.845	0.001	0.001	0.153
0.997	0.001	0.001	0.001
0.212	0.001	0.513	0.274
0.001	0.707	0.001	0.291
0.001	0.001	0.997	0.001
0.001	0.861	0.137	0.001
>AAGAATGT	19-AAGAATGT	7.651062	-127.281635	0	T:5621.0(11.98%),B:4463.0(9.76%),P:1e-55	Tpos:482.5,Tstd:398.2,Bpos:398.8,Bstd:255.4,StrandBias:0.0,Multiplicity:1.10
0.997	0.001	0.001	0.001
0.997	0.001	0.001	0.001
0.001	0.001	0.997	0.001
0.997	0.001	0.001	0.001
0.997	0.001	0.001	0.001
0.001	0.047	0.001	0.951
0.001	0.001	0.836	0.162
0.001	0.169	0.001	0.829
>TTTACAMC	20-TTTACAMC	8.104356	-122.466033	0	T:5277.0(11.25%),B:4176.8(9.13%),P:1e-53	Tpos:497.4,Tstd:401.0,Bpos:398.7,Bstd:251.1,StrandBias:-0.0,Multiplicity:1.09
0.001	0.001	0.354	0.644
0.001	0.153	0.001	0.845
0.101	0.346	0.001	0.552
0.974	0.001	0.024	0.001
0.001	0.997	0.001	0.001
0.939	0.001	0.059	0.001
0.434	0.385	0.121	0.060
0.001	0.871	0.103	0.025
>CATTATTC	21-CATTATTC	8.236954	-115.121144	0	T:1005.0(2.14%),B:590.1(1.29%),P:1e-49	Tpos:496.3,Tstd:388.0,Bpos:401.1,Bstd:247.1,StrandBias:0.0,Multiplicity:1.02
0.100	0.700	0.100	0.100
0.700	0.100	0.100	0.100
0.100	0.100	0.100	0.700
0.100	0.100	0.100	0.700
0.700	0.100	0.100	0.100
0.100	0.100	0.100	0.700
0.100	0.100	0.100	0.700
0.100	0.700	0.100	0.100
>CATTCAGA	22-CATTCAGA	8.236954	-111.144705	0	T:2050.0(4.37%),B:1428.4(3.12%),P:1e-48	Tpos:472.8,Tstd:372.2,Bpos:400.7,Bstd:242.8,StrandBias:0.0,Multiplicity:1.10
0.100	0.700	0.100	0.100
0.700	0.100	0.100	0.100
0.100	0.100	0.100	0.700
0.100	0.100	0.100	0.700
0.100	0.700	0.100	0.100
0.700	0.100	0.100	0.100
0.100	0.100	0.700	0.100
0.700	0.100	0.100	0.100
>GTAGATCG	23-GTAGATCG	8.236954	-76.189725	0	T:257.0(0.55%),B:106.1(0.23%),P:1e-33	Tpos:506.5,Tstd:335.3,Bpos:414.1,Bstd:250.5,StrandBias:0.1,Multiplicity:1.00
0.100	0.100	0.700	0.100
0.100	0.100	0.100	0.700
0.700	0.100	0.100	0.100
0.100	0.100	0.700	0.100
0.700	0.100	0.100	0.100
0.100	0.100	0.100	0.700
0.100	0.700	0.100	0.100
0.100	0.100	0.700	0.100
>CTGAATCG	24-CTGAATCG	8.356928	-71.576814	0	T:1353.0(2.88%),B:947.8(2.07%),P:1e-31	Tpos:492.8,Tstd:375.3,Bpos:396.7,Bstd:246.0,StrandBias:-0.1,Multiplicity:1.02
0.001	0.997	0.001	0.001
0.001	0.001	0.001	0.997
0.034	0.001	0.964	0.001
0.997	0.001	0.001	0.001
0.964	0.001	0.001	0.034
0.001	0.001	0.001	0.997
0.071	0.927	0.001	0.001
0.001	0.001	0.997	0.001
>TTAGAAGC	25-TTAGAAGC	10.664357	-68.683507	0	T:1565.0(3.34%),B:1131.8(2.47%),P:1e-29	Tpos:498.9,Tstd:369.1,Bpos:412.6,Bstd:247.0,StrandBias:-0.1,Multiplicity:1.06
0.001	0.001	0.001	0.997
0.001	0.001	0.001	0.997
0.997	0.001	0.001	0.001
0.001	0.001	0.997	0.001
0.997	0.001	0.001	0.001
0.997	0.001	0.001	0.001
0.001	0.331	0.667	0.001
0.001	0.997	0.001	0.001
