>TCCTAAAC	1-TCCTAAAC	9.271517	-12.442936	0	T:54.0(8.96%),B:2230.2(4.62%),P:1e-5	Tpos:1646.3,Tstd:5139.4,Bpos:329.5,Bstd:220.6,StrandBias:0.9,Multiplicity:1.13
0.001	0.001	0.001	0.997
0.001	0.997	0.001	0.001
0.001	0.997	0.001	0.001
0.151	0.001	0.001	0.847
0.997	0.001	0.001	0.001
0.997	0.001	0.001	0.001
0.803	0.001	0.001	0.195
0.001	0.997	0.001	0.001
>TCGCCATA	2-TCGCCATA	8.424247	-12.131303	0	T:12.0(1.99%),B:185.6(0.38%),P:1e-5	Tpos:1022.5,Tstd:770.1,Bpos:328.2,Bstd:223.7,StrandBias:-0.5,Multiplicity:4.92
0.001	0.001	0.001	0.997
0.001	0.997	0.001	0.001
0.001	0.001	0.997	0.001
0.071	0.927	0.001	0.001
0.001	0.997	0.001	0.001
0.997	0.001	0.001	0.001
0.001	0.001	0.001	0.997
0.997	0.001	0.001	0.001
>GGGATTGC	3-GGGATTGC	9.907770	-11.957123	0	T:66.0(10.95%),B:2985.5(6.18%),P:1e-5	Tpos:513.6,Tstd:1931.0,Bpos:327.9,Bstd:237.6,StrandBias:0.1,Multiplicity:1.09
0.001	0.001	0.997	0.001
0.001	0.001	0.997	0.001
0.001	0.051	0.635	0.313
0.997	0.001	0.001	0.001
0.001	0.001	0.001	0.997
0.001	0.001	0.001	0.997
0.001	0.001	0.997	0.001
0.001	0.997	0.001	0.001
>TCGATTCT	4-TCGATTCT	7.951067	-10.740760	0	T:84.0(13.93%),B:4249.6(8.80%),P:1e-4	Tpos:1703.7,Tstd:7341.1,Bpos:337.6,Bstd:230.0,StrandBias:0.0,Multiplicity:1.22
0.001	0.001	0.145	0.853
0.001	0.997	0.001	0.001
0.129	0.001	0.869	0.001
0.601	0.001	0.001	0.397
0.001	0.001	0.001	0.997
0.001	0.016	0.001	0.982
0.001	0.997	0.001	0.001
0.001	0.117	0.209	0.673
>GTAGKACY	5-GTAGKACY	9.399222	-10.683488	0	T:39.0(6.47%),B:1510.5(3.13%),P:1e-4	Tpos:1027.1,Tstd:3326.7,Bpos:334.0,Bstd:216.2,StrandBias:-0.1,Multiplicity:1.10
0.001	0.001	0.997	0.001
0.001	0.001	0.001	0.997
0.997	0.001	0.001	0.001
0.001	0.252	0.746	0.001
0.001	0.001	0.483	0.515
0.997	0.001	0.001	0.001
0.001	0.997	0.001	0.001
0.001	0.487	0.001	0.511
>TGATTAAG	6-TGATTAAG	9.305832	-10.514279	0	T:77.0(12.77%),B:3824.6(7.92%),P:1e-4	Tpos:2499.4,Tstd:7025.6,Bpos:331.6,Bstd:211.2,StrandBias:0.0,Multiplicity:1.32
0.001	0.001	0.001	0.997
0.227	0.001	0.771	0.001
0.997	0.001	0.001	0.001
0.001	0.001	0.001	0.997
0.001	0.001	0.001	0.997
0.753	0.001	0.001	0.245
0.997	0.001	0.001	0.001
0.001	0.001	0.997	0.001
>DTGCCCCN	7-DTGCCCCN	5.183939	-10.231605	0	T:62.0(10.28%),B:2908.0(6.02%),P:1e-4	Tpos:1689.3,Tstd:3526.1,Bpos:328.7,Bstd:203.8,StrandBias:-0.5,Multiplicity:1.28
0.281	0.163	0.221	0.335
0.167	0.116	0.130	0.587
0.143	0.129	0.557	0.171
0.140	0.648	0.090	0.122
0.184	0.571	0.138	0.107
0.208	0.454	0.199	0.140
0.061	0.621	0.155	0.163
0.283	0.218	0.215	0.284
>AGGAGTAG	8-AGGAGTAG	10.865549	-8.890123	0	T:37.0(6.14%),B:1530.3(3.17%),P:1e-3	Tpos:569.0,Tstd:942.2,Bpos:334.7,Bstd:226.6,StrandBias:0.2,Multiplicity:1.03
0.856	0.001	0.001	0.142
0.001	0.048	0.950	0.001
0.001	0.001	0.997	0.001
0.997	0.001	0.001	0.001
0.001	0.001	0.997	0.001
0.001	0.001	0.001	0.997
0.997	0.001	0.001	0.001
0.001	0.001	0.997	0.001
>TCACGCCA	9-TCACGCCA	7.501053	-8.841411	0	T:70.0(11.61%),B:3572.3(7.40%),P:1e-3	Tpos:2006.3,Tstd:7056.8,Bpos:327.5,Bstd:220.4,StrandBias:0.5,Multiplicity:1.11
0.001	0.001	0.001	0.997
0.001	0.820	0.027	0.152
0.997	0.001	0.001	0.001
0.001	0.997	0.001	0.001
0.185	0.001	0.813	0.001
0.001	0.997	0.001	0.001
0.001	0.997	0.001	0.001
0.997	0.001	0.001	0.001
>ATCTGTTG	10-ATCTGTTG	8.512898	-7.597298	0	T:75.0(12.44%),B:4068.4(8.42%),P:1e-3	Tpos:448.8,Tstd:922.8,Bpos:331.5,Bstd:222.7,StrandBias:-0.7,Multiplicity:1.09
0.706	0.187	0.106	0.001
0.001	0.001	0.001	0.997
0.001	0.997	0.001	0.001
0.019	0.059	0.171	0.751
0.001	0.139	0.859	0.001
0.045	0.246	0.001	0.708
0.060	0.176	0.001	0.763
0.001	0.104	0.894	0.001
>TGGAAAGA	11-TGGAAAGA	7.915036	-7.432817	0	T:174.0(28.86%),B:11147.0(23.08%),P:1e-3	Tpos:1545.7,Tstd:5650.5,Bpos:329.0,Bstd:218.5,StrandBias:0.3,Multiplicity:1.23
0.001	0.001	0.001	0.997
0.001	0.001	0.997	0.001
0.001	0.001	0.997	0.001
0.929	0.001	0.001	0.069
0.812	0.186	0.001	0.001
0.997	0.001	0.001	0.001
0.001	0.241	0.757	0.001
0.997	0.001	0.001	0.001
>AATGGATC	12-AATGGATC	8.256535	-6.935772	0	T:97.0(16.09%),B:5684.0(11.77%),P:1e-3	Tpos:2024.2,Tstd:7178.0,Bpos:332.5,Bstd:220.4,StrandBias:0.0,Multiplicity:1.19
0.681	0.001	0.198	0.120
0.926	0.001	0.072	0.001
0.034	0.011	0.001	0.954
0.001	0.044	0.941	0.014
0.001	0.001	0.997	0.001
0.950	0.027	0.001	0.022
0.001	0.063	0.025	0.911
0.102	0.683	0.071	0.144
>AAAATGGG	13-AAAATGGG	9.541155	-6.456545	0	T:53.0(8.79%),B:2769.1(5.73%),P:1e-2	Tpos:2244.1,Tstd:6368.0,Bpos:330.0,Bstd:215.9,StrandBias:0.2,Multiplicity:1.23
0.997	0.001	0.001	0.001
0.997	0.001	0.001	0.001
0.997	0.001	0.001	0.001
0.997	0.001	0.001	0.001
0.001	0.041	0.001	0.957
0.001	0.001	0.997	0.001
0.029	0.226	0.705	0.040
0.001	0.001	0.997	0.001
>GGWCGAMT	14-GGWCGAMT	5.505507	-6.404782	0	T:114.0(18.91%),B:6990.4(14.47%),P:1e-2	Tpos:2940.6,Tstd:8627.0,Bpos:331.8,Bstd:224.4,StrandBias:0.0,Multiplicity:1.31
0.118	0.047	0.541	0.294
0.168	0.055	0.564	0.213
0.450	0.049	0.087	0.414
0.083	0.595	0.321	0.001
0.171	0.075	0.491	0.263
0.524	0.176	0.046	0.254
0.509	0.473	0.017	0.001
0.012	0.257	0.024	0.707
>CTAARGTG	15-CTAARGTG	10.374700	-6.044396	0	T:24.0(3.98%),B:1007.8(2.09%),P:1e-2	Tpos:570.6,Tstd:667.0,Bpos:334.5,Bstd:210.6,StrandBias:-1.4,Multiplicity:1.21
0.001	0.997	0.001	0.001
0.001	0.001	0.001	0.997
0.881	0.001	0.117	0.001
0.997	0.001	0.001	0.001
0.565	0.001	0.433	0.001
0.001	0.001	0.997	0.001
0.001	0.001	0.001	0.997
0.001	0.001	0.997	0.001
>GATCAAGT	16-GATCAAGT	8.236954	-5.623742	0	T:39.0(6.47%),B:1968.4(4.08%),P:1e-2	Tpos:955.3,Tstd:3388.6,Bpos:335.0,Bstd:242.4,StrandBias:0.5,Multiplicity:1.00
0.100	0.100	0.700	0.100
0.700	0.100	0.100	0.100
0.100	0.100	0.100	0.700
0.100	0.700	0.100	0.100
0.700	0.100	0.100	0.100
0.700	0.100	0.100	0.100
0.100	0.100	0.700	0.100
0.100	0.100	0.100	0.700
>GTAGGACC	17-GTAGGACC	8.862047	-4.376475	0	T:12.0(1.99%),B:451.5(0.93%),P:1e-1	Tpos:1426.4,Tstd:3409.7,Bpos:331.1,Bstd:205.8,StrandBias:1.0,Multiplicity:4.67
0.001	0.001	0.997	0.001
0.001	0.001	0.001	0.997
0.997	0.001	0.001	0.001
0.001	0.001	0.997	0.001
0.001	0.001	0.997	0.001
0.997	0.001	0.001	0.001
0.001	0.997	0.001	0.001
0.001	0.888	0.110	0.001
>GTAGTGYC	18-GTAGTGYC	8.596407	-4.279421	0	T:37.0(6.14%),B:2014.1(4.17%),P:1e-1	Tpos:2764.0,Tstd:8125.5,Bpos:334.3,Bstd:205.3,StrandBias:0.6,Multiplicity:1.68
0.227	0.001	0.771	0.001
0.001	0.001	0.001	0.997
0.727	0.001	0.271	0.001
0.001	0.001	0.997	0.001
0.001	0.272	0.001	0.726
0.001	0.001	0.997	0.001
0.001	0.447	0.001	0.551
0.001	0.997	0.001	0.001
>GGGGGGGG	19-GGGGGGGG	8.321368	-3.767908	0	T:64.0(10.61%),B:3977.9(8.24%),P:1e-1	Tpos:2073.9,Tstd:5954.3,Bpos:332.8,Bstd:214.8,StrandBias:-0.5,Multiplicity:1.30
0.001	0.033	0.860	0.106
0.001	0.001	0.892	0.106
0.001	0.001	0.997	0.001
0.001	0.001	0.997	0.001
0.001	0.001	0.997	0.001
0.089	0.001	0.909	0.001
0.052	0.001	0.905	0.042
0.074	0.052	0.844	0.030
>CTGGTTAT	20-CTGGTTAT	8.094872	-3.275755	0	T:98.0(16.25%),B:6590.2(13.64%),P:1e-1	Tpos:2230.7,Tstd:8283.1,Bpos:326.7,Bstd:217.8,StrandBias:-0.5,Multiplicity:1.38
0.001	0.997	0.001	0.001
0.001	0.001	0.001	0.997
0.001	0.001	0.968	0.030
0.075	0.001	0.728	0.196
0.294	0.092	0.078	0.536
0.001	0.001	0.001	0.997
0.847	0.101	0.001	0.051
0.001	0.001	0.079	0.919
>AGTGGAGC	21-AGTGGAGC	8.912022	-2.857145	0	T:52.0(8.62%),B:3324.8(6.88%),P:1e-1	Tpos:3036.4,Tstd:9282.3,Bpos:332.2,Bstd:214.7,StrandBias:-0.4,Multiplicity:1.57
0.997	0.001	0.001	0.001
0.001	0.001	0.997	0.001
0.001	0.001	0.001	0.997
0.135	0.001	0.863	0.001
0.001	0.001	0.997	0.001
0.997	0.001	0.001	0.001
0.001	0.001	0.854	0.144
0.001	0.997	0.001	0.001
>TCAACGAA	22-TCAACGAA	9.340136	-2.149455	0	T:36.0(5.97%),B:2336.7(4.84%),P:1e0	Tpos:486.9,Tstd:1019.1,Bpos:330.4,Bstd:238.2,StrandBias:0.5,Multiplicity:1.25
0.001	0.001	0.001	0.997
0.001	0.997	0.001	0.001
0.975	0.023	0.001	0.001
0.875	0.123	0.001	0.001
0.274	0.724	0.001	0.001
0.117	0.303	0.579	0.001
0.952	0.001	0.001	0.046
0.981	0.001	0.017	0.001
>TAGCGAAA	23-TAGCGAAA	6.468108	-1.044759	0	T:120.0(19.90%),B:9284.9(19.22%),P:1e0	Tpos:2272.0,Tstd:7007.5,Bpos:333.0,Bstd:212.1,StrandBias:0.2,Multiplicity:1.28
0.065	0.169	0.111	0.655
0.868	0.001	0.097	0.034
0.108	0.106	0.733	0.053
0.068	0.714	0.099	0.119
0.172	0.076	0.617	0.135
0.853	0.076	0.034	0.037
0.775	0.087	0.102	0.036
0.796	0.081	0.032	0.091
>GAAAAMTG	24-GAAAAMTG	3.505990	-0.223290	0	T:157.0(26.04%),B:13276.5(27.49%),P:1e0	Tpos:2181.7,Tstd:6943.2,Bpos:332.0,Bstd:210.4,StrandBias:0.7,Multiplicity:2.74
0.001	0.001	0.997	0.001
0.704	0.001	0.294	0.001
0.997	0.001	0.001	0.001
0.997	0.001	0.001	0.001
0.997	0.001	0.001	0.001
0.561	0.437	0.001	0.001
0.001	0.265	0.001	0.733
0.001	0.001	0.997	0.001
>TTTTTTTT	25-TTTTTTTT	8.236954	-0.000000	0	T:117.0(19.40%),B:14199.3(29.40%),P:1e0	Tpos:6102.0,Tstd:12998.3,Bpos:330.6,Bstd:209.0,StrandBias:-0.3,Multiplicity:1.94
0.100	0.100	0.100	0.700
0.100	0.100	0.100	0.700
0.100	0.100	0.100	0.700
0.100	0.100	0.100	0.700
0.100	0.100	0.100	0.700
0.100	0.100	0.100	0.700
0.100	0.100	0.100	0.700
0.100	0.100	0.100	0.700
