>WGGGCGGG	1-WGGGCGGG	7.123108	-359.960064	0	T:9668.0(52.80%),B:13362.8(42.98%),P:1e-156	Tpos:369.2,Tstd:274.1,Bpos:273.2,Bstd:169.2,StrandBias:0.0,Multiplicity:1.80
0.477	0.001	0.001	0.521
0.223	0.001	0.775	0.001
0.001	0.001	0.997	0.001
0.001	0.001	0.997	0.001
0.001	0.591	0.001	0.407
0.001	0.001	0.997	0.001
0.001	0.001	0.638	0.360
0.274	0.001	0.633	0.092
>ATGCAAAT	2-ATGCAAAT	7.739925	-242.138638	0	T:2092.0(11.43%),B:2166.1(6.97%),P:1e-105	Tpos:354.2,Tstd:302.5,Bpos:279.7,Bstd:175.5,StrandBias:-0.1,Multiplicity:1.14
0.997	0.001	0.001	0.001
0.001	0.001	0.001	0.997
0.001	0.001	0.923	0.075
0.001	0.997	0.001	0.001
0.592	0.001	0.001	0.406
0.997	0.001	0.001	0.001
0.997	0.001	0.001	0.001
0.095	0.001	0.001	0.903
>ACAATAGA	3-ACAATAGA	10.878162	-238.729457	0	T:542.0(2.96%),B:309.8(1.00%),P:1e-103	Tpos:347.3,Tstd:231.9,Bpos:278.1,Bstd:166.3,StrandBias:0.1,Multiplicity:1.03
0.997	0.001	0.001	0.001
0.001	0.997	0.001	0.001
0.997	0.001	0.001	0.001
0.997	0.001	0.001	0.001
0.001	0.001	0.001	0.997
0.997	0.001	0.001	0.001
0.001	0.001	0.997	0.001
0.826	0.172	0.001	0.001
>BAAACCGG	4-BAAACCGG	5.223486	-218.709064	0	T:8673.0(47.37%),B:12374.3(39.80%),P:1e-94	Tpos:358.2,Tstd:285.5,Bpos:284.9,Bstd:186.0,StrandBias:-0.0,Multiplicity:1.59
0.174	0.332	0.269	0.226
0.879	0.015	0.027	0.079
0.997	0.001	0.001	0.001
0.589	0.051	0.085	0.275
0.010	0.519	0.310	0.161
0.001	0.997	0.001	0.001
0.020	0.125	0.779	0.076
0.152	0.161	0.542	0.145
>TGTAATGC	5-TGTAATGC	8.236954	-216.814076	0	T:416.0(2.27%),B:211.2(0.68%),P:1e-94	Tpos:362.4,Tstd:261.4,Bpos:290.5,Bstd:181.4,StrandBias:0.2,Multiplicity:1.11
0.100	0.100	0.100	0.700
0.100	0.100	0.700	0.100
0.100	0.100	0.100	0.700
0.700	0.100	0.100	0.100
0.700	0.100	0.100	0.100
0.100	0.100	0.100	0.700
0.100	0.100	0.700	0.100
0.100	0.700	0.100	0.100
>CGCSAATY	6-CGCSAATY	6.505370	-184.813742	0	T:3609.0(19.71%),B:4518.3(14.53%),P:1e-80	Tpos:356.4,Tstd:259.5,Bpos:264.7,Bstd:170.9,StrandBias:0.0,Multiplicity:1.17
0.341	0.500	0.158	0.001
0.069	0.042	0.878	0.011
0.013	0.599	0.387	0.001
0.065	0.485	0.384	0.065
0.879	0.021	0.042	0.058
0.730	0.029	0.156	0.085
0.065	0.029	0.001	0.905
0.054	0.436	0.040	0.470
>ACGCCCCT	7-ACGCCCCT	6.688657	-182.046417	0	T:5913.0(32.29%),B:8091.2(26.03%),P:1e-79	Tpos:384.0,Tstd:267.0,Bpos:271.6,Bstd:174.6,StrandBias:0.0,Multiplicity:1.60
0.493	0.321	0.001	0.184
0.001	0.885	0.113	0.001
0.116	0.001	0.882	0.001
0.079	0.862	0.001	0.058
0.001	0.746	0.112	0.141
0.001	0.517	0.116	0.366
0.001	0.953	0.045	0.001
0.181	0.001	0.142	0.676
>CCTTAGGC	8-CCTTAGGC	6.928854	-181.020421	0	T:3678.0(20.09%),B:4638.0(14.92%),P:1e-78	Tpos:373.9,Tstd:275.6,Bpos:287.6,Bstd:172.7,StrandBias:-0.0,Multiplicity:1.16
0.014	0.984	0.001	0.001
0.009	0.908	0.007	0.076
0.001	0.061	0.009	0.929
0.087	0.246	0.246	0.421
0.987	0.011	0.001	0.001
0.017	0.005	0.977	0.001
0.014	0.001	0.984	0.001
0.030	0.922	0.047	0.001
>CGGAATTC	9-CGGAATTC	6.228580	-176.876867	0	T:3266.0(17.84%),B:4039.1(12.99%),P:1e-76	Tpos:356.1,Tstd:279.8,Bpos:277.8,Bstd:178.0,StrandBias:0.0,Multiplicity:1.22
0.107	0.596	0.078	0.219
0.092	0.001	0.690	0.217
0.001	0.013	0.985	0.001
0.945	0.009	0.045	0.001
0.974	0.024	0.001	0.001
0.001	0.001	0.031	0.967
0.001	0.031	0.035	0.933
0.023	0.934	0.022	0.021
>AACAAAGG	10-AACAAAGG	7.950987	-156.119238	0	T:3093.0(16.89%),B:3866.1(12.44%),P:1e-67	Tpos:347.9,Tstd:266.8,Bpos:281.7,Bstd:180.9,StrandBias:0.0,Multiplicity:1.18
0.771	0.019	0.093	0.117
0.957	0.001	0.001	0.041
0.001	0.983	0.001	0.015
0.997	0.001	0.001	0.001
0.948	0.001	0.036	0.015
0.953	0.001	0.028	0.018
0.216	0.021	0.762	0.001
0.021	0.087	0.864	0.028
>CAAGGTCA	11-CAAGGTCA	6.502218	-148.898194	0	T:2359.0(12.88%),B:2817.1(9.06%),P:1e-64	Tpos:357.1,Tstd:287.7,Bpos:282.0,Bstd:177.5,StrandBias:-0.0,Multiplicity:1.13
0.001	0.913	0.085	0.001
0.943	0.001	0.055	0.001
0.997	0.001	0.001	0.001
0.001	0.001	0.997	0.001
0.001	0.001	0.997	0.001
0.001	0.001	0.001	0.997
0.001	0.859	0.001	0.139
0.924	0.001	0.074	0.001
>ATAAGTGC	12-ATAAGTGC	8.236954	-141.614199	0	T:323.0(1.76%),B:185.7(0.60%),P:1e-61	Tpos:378.3,Tstd:347.2,Bpos:283.1,Bstd:157.3,StrandBias:-0.1,Multiplicity:1.01
0.700	0.100	0.100	0.100
0.100	0.100	0.100	0.700
0.700	0.100	0.100	0.100
0.700	0.100	0.100	0.100
0.100	0.100	0.700	0.100
0.100	0.100	0.100	0.700
0.100	0.100	0.700	0.100
0.100	0.700	0.100	0.100
>RCGCAWTC	13-RCGCAWTC	6.259176	-133.299710	0	T:3436.0(18.77%),B:4484.7(14.43%),P:1e-57	Tpos:361.2,Tstd:296.0,Bpos:267.1,Bstd:173.2,StrandBias:0.0,Multiplicity:1.19
0.432	0.001	0.566	0.001
0.143	0.789	0.037	0.031
0.024	0.210	0.742	0.024
0.018	0.800	0.095	0.087
0.845	0.057	0.022	0.076
0.507	0.057	0.001	0.435
0.001	0.039	0.264	0.696
0.041	0.649	0.039	0.271
>CTGAATAG	14-CTGAATAG	8.113948	-121.562604	0	T:1041.0(5.69%),B:1066.1(3.43%),P:1e-52	Tpos:350.7,Tstd:257.7,Bpos:282.3,Bstd:177.3,StrandBias:0.1,Multiplicity:1.08
0.001	0.919	0.079	0.001
0.164	0.076	0.103	0.657
0.001	0.001	0.997	0.001
0.997	0.001	0.001	0.001
0.997	0.001	0.001	0.001
0.001	0.001	0.001	0.997
0.997	0.001	0.001	0.001
0.001	0.001	0.997	0.001
>GTAAAYWC	15-GTAAAYWC	7.223220	-116.767093	0	T:1515.0(8.27%),B:1726.5(5.55%),P:1e-50	Tpos:348.2,Tstd:254.0,Bpos:278.9,Bstd:180.5,StrandBias:-0.0,Multiplicity:1.18
0.044	0.001	0.776	0.179
0.001	0.001	0.183	0.815
0.997	0.001	0.001	0.001
0.856	0.001	0.142	0.001
0.698	0.179	0.001	0.122
0.088	0.450	0.001	0.461
0.410	0.051	0.054	0.486
0.001	0.990	0.001	0.008
>GAATGTTA	16-GAATGTTA	8.236954	-114.636176	0	T:362.0(1.98%),B:251.8(0.81%),P:1e-49	Tpos:326.7,Tstd:222.7,Bpos:296.3,Bstd:181.2,StrandBias:0.2,Multiplicity:1.18
0.100	0.100	0.700	0.100
0.700	0.100	0.100	0.100
0.700	0.100	0.100	0.100
0.100	0.100	0.100	0.700
0.100	0.100	0.700	0.100
0.100	0.100	0.100	0.700
0.100	0.100	0.100	0.700
0.700	0.100	0.100	0.100
>TTAGCTAT	17-TTAGCTAT	8.236954	-100.363501	0	T:345.0(1.88%),B:250.8(0.81%),P:1e-43	Tpos:350.3,Tstd:257.2,Bpos:280.8,Bstd:182.1,StrandBias:0.1,Multiplicity:1.05
0.100	0.100	0.100	0.700
0.100	0.100	0.100	0.700
0.700	0.100	0.100	0.100
0.100	0.100	0.700	0.100
0.100	0.700	0.100	0.100
0.100	0.100	0.100	0.700
0.700	0.100	0.100	0.100
0.100	0.100	0.100	0.700
>AGGRGGCG	18-AGGRGGCG	8.029768	-100.044547	0	T:6199.0(33.86%),B:9053.6(29.12%),P:1e-43	Tpos:371.6,Tstd:279.8,Bpos:274.8,Bstd:170.5,StrandBias:-0.0,Multiplicity:1.44
0.695	0.001	0.001	0.303
0.001	0.001	0.997	0.001
0.214	0.001	0.784	0.001
0.464	0.001	0.534	0.001
0.001	0.001	0.797	0.201
0.001	0.001	0.997	0.001
0.001	0.747	0.001	0.251
0.001	0.001	0.997	0.001
>ACTAATTA	19-ACTAATTA	10.805357	-98.142511	0	T:322.0(1.76%),B:228.1(0.73%),P:1e-42	Tpos:357.0,Tstd:250.0,Bpos:300.7,Bstd:194.3,StrandBias:-0.0,Multiplicity:1.02
0.997	0.001	0.001	0.001
0.001	0.768	0.230	0.001
0.001	0.001	0.001	0.997
0.997	0.001	0.001	0.001
0.997	0.001	0.001	0.001
0.001	0.001	0.001	0.997
0.001	0.001	0.001	0.997
0.997	0.001	0.001	0.001
>TAATACTA	20-TAATACTA	8.236954	-75.946212	0	T:236.0(1.29%),B:163.3(0.53%),P:1e-32	Tpos:419.6,Tstd:495.3,Bpos:286.5,Bstd:173.6,StrandBias:-0.0,Multiplicity:1.02
0.100	0.100	0.100	0.700
0.700	0.100	0.100	0.100
0.700	0.100	0.100	0.100
0.100	0.100	0.100	0.700
0.700	0.100	0.100	0.100
0.100	0.700	0.100	0.100
0.100	0.100	0.100	0.700
0.700	0.100	0.100	0.100
>TTGGAACA	21-TTGGAACA	8.236954	-73.431990	0	T:509.0(2.78%),B:489.2(1.57%),P:1e-31	Tpos:349.1,Tstd:303.0,Bpos:270.0,Bstd:172.7,StrandBias:0.0,Multiplicity:1.01
0.100	0.100	0.100	0.700
0.100	0.100	0.100	0.700
0.100	0.100	0.700	0.100
0.100	0.100	0.700	0.100
0.700	0.100	0.100	0.100
0.700	0.100	0.100	0.100
0.100	0.700	0.100	0.100
0.700	0.100	0.100	0.100
>GTGTATGG	22-GTGTATGG	10.900904	-68.104776	0	T:414.0(2.26%),B:381.8(1.23%),P:1e-29	Tpos:369.4,Tstd:289.4,Bpos:281.1,Bstd:155.8,StrandBias:0.1,Multiplicity:1.06
0.001	0.001	0.997	0.001
0.001	0.001	0.001	0.997
0.153	0.001	0.845	0.001
0.001	0.001	0.001	0.997
0.997	0.001	0.001	0.001
0.001	0.001	0.001	0.997
0.001	0.001	0.997	0.001
0.001	0.001	0.997	0.001
>ATCTGAAT	23-ATCTGAAT	8.236954	-67.809682	0	T:403.0(2.20%),B:368.3(1.18%),P:1e-29	Tpos:355.3,Tstd:279.2,Bpos:276.7,Bstd:179.9,StrandBias:0.2,Multiplicity:1.02
0.700	0.100	0.100	0.100
0.100	0.100	0.100	0.700
0.100	0.700	0.100	0.100
0.100	0.100	0.100	0.700
0.100	0.100	0.700	0.100
0.700	0.100	0.100	0.100
0.700	0.100	0.100	0.100
0.100	0.100	0.100	0.700
>CGTTAGTC	24-CGTTAGTC	8.236954	-60.700358	0	T:123.0(0.67%),B:66.8(0.21%),P:1e-26	Tpos:342.4,Tstd:288.4,Bpos:293.7,Bstd:167.3,StrandBias:-0.4,Multiplicity:1.00
0.100	0.700	0.100	0.100
0.100	0.100	0.700	0.100
0.100	0.100	0.100	0.700
0.100	0.100	0.100	0.700
0.700	0.100	0.100	0.100
0.100	0.100	0.700	0.100
0.100	0.100	0.100	0.700
0.100	0.700	0.100	0.100
>TCCTAGAA	25-TCCTAGAA	8.052640	-59.973755	0	T:1802.0(9.84%),B:2382.2(7.66%),P:1e-26	Tpos:360.1,Tstd:298.7,Bpos:287.5,Bstd:178.2,StrandBias:-0.0,Multiplicity:1.22
0.001	0.001	0.001	0.997
0.348	0.650	0.001	0.001
0.001	0.726	0.001	0.272
0.001	0.001	0.376	0.622
0.734	0.001	0.016	0.249
0.186	0.060	0.715	0.039
0.997	0.001	0.001	0.001
0.923	0.001	0.001	0.075
