>ACATTCCT	1-ACATTCCT	7.342310	-1746.036385	0	T:7938.0(21.87%),B:3941.7(11.05%),P:1e-758	Tpos:424.2,Tstd:308.8,Bpos:291.5,Bstd:175.9,StrandBias:0.0,Multiplicity:1.25
0.539	0.024	0.378	0.059
0.154	0.728	0.116	0.002
0.860	0.031	0.024	0.085
0.054	0.060	0.001	0.885
0.011	0.001	0.029	0.959
0.008	0.953	0.005	0.034
0.001	0.800	0.008	0.191
0.226	0.045	0.277	0.452
>ACCACGCC	2-ACCACGCC	10.016639	-1224.551749	0	T:4741.0(13.06%),B:2143.8(6.01%),P:1e-531	Tpos:408.2,Tstd:313.3,Bpos:286.1,Bstd:177.7,StrandBias:-0.0,Multiplicity:1.10
0.997	0.001	0.001	0.001
0.001	0.997	0.001	0.001
0.001	0.997	0.001	0.001
0.997	0.001	0.001	0.001
0.001	0.997	0.001	0.001
0.349	0.001	0.649	0.001
0.001	0.997	0.001	0.001
0.001	0.997	0.001	0.001
>CCTKGAAT	3-CCTKGAAT	7.706268	-844.086899	0	T:9930.0(27.36%),B:6618.8(18.56%),P:1e-366	Tpos:397.8,Tstd:316.7,Bpos:292.9,Bstd:182.6,StrandBias:-0.0,Multiplicity:1.39
0.033	0.779	0.112	0.076
0.080	0.807	0.006	0.107
0.084	0.111	0.045	0.760
0.065	0.043	0.517	0.375
0.008	0.018	0.813	0.161
0.946	0.028	0.025	0.001
0.882	0.023	0.008	0.087
0.019	0.279	0.063	0.639
>ATTAAAGG	4-ATTAAAGG	7.153570	-833.941932	0	T:6874.0(18.94%),B:4124.1(11.56%),P:1e-362	Tpos:398.9,Tstd:317.6,Bpos:291.1,Bstd:184.6,StrandBias:0.0,Multiplicity:1.18
0.997	0.001	0.001	0.001
0.001	0.001	0.001	0.997
0.001	0.001	0.001	0.997
0.997	0.001	0.001	0.001
0.971	0.001	0.001	0.027
0.851	0.001	0.147	0.001
0.001	0.001	0.862	0.136
0.001	0.001	0.997	0.001
>GGTKTGTC	5-GGTKTGTC	6.478389	-721.347014	0	T:10781.0(29.70%),B:7572.4(21.23%),P:1e-313	Tpos:385.3,Tstd:312.4,Bpos:293.4,Bstd:178.4,StrandBias:0.0,Multiplicity:1.30
0.045	0.058	0.780	0.117
0.064	0.058	0.804	0.074
0.148	0.166	0.001	0.685
0.175	0.001	0.485	0.340
0.001	0.058	0.033	0.908
0.118	0.307	0.473	0.102
0.213	0.163	0.157	0.467
0.151	0.707	0.141	0.001
>CGGAATTC	6-CGGAATTC	4.866114	-527.535228	0	T:8678.0(23.91%),B:6137.6(17.21%),P:1e-229	Tpos:393.5,Tstd:317.1,Bpos:298.0,Bstd:186.3,StrandBias:0.0,Multiplicity:1.18
0.182	0.522	0.069	0.227
0.251	0.186	0.415	0.148
0.261	0.101	0.602	0.036
0.651	0.070	0.160	0.119
0.537	0.060	0.143	0.260
0.244	0.145	0.118	0.494
0.057	0.214	0.192	0.537
0.100	0.558	0.090	0.252
>TCGAGRCA	7-TCGAGRCA	9.088991	-506.981123	0	T:4384.0(12.08%),B:2626.1(7.36%),P:1e-220	Tpos:379.8,Tstd:321.1,Bpos:293.8,Bstd:180.2,StrandBias:-0.1,Multiplicity:1.12
0.008	0.017	0.009	0.966
0.025	0.948	0.001	0.026
0.032	0.296	0.631	0.041
0.997	0.001	0.001	0.001
0.001	0.001	0.997	0.001
0.420	0.001	0.539	0.040
0.001	0.990	0.001	0.008
0.940	0.058	0.001	0.001
>GGKCTACA	8-GGKCTACA	6.797180	-455.962400	0	T:7771.0(21.41%),B:5507.7(15.44%),P:1e-198	Tpos:390.7,Tstd:323.4,Bpos:295.3,Bstd:186.2,StrandBias:-0.0,Multiplicity:1.48
0.001	0.001	0.997	0.001
0.001	0.001	0.997	0.001
0.065	0.001	0.504	0.430
0.001	0.997	0.001	0.001
0.001	0.001	0.001	0.997
0.997	0.001	0.001	0.001
0.001	0.784	0.001	0.214
0.997	0.001	0.001	0.001
>MGGGAGTG	9-MGGGAGTG	7.925619	-403.044798	0	T:3221.0(8.87%),B:1875.3(5.26%),P:1e-175	Tpos:390.6,Tstd:306.3,Bpos:296.1,Bstd:169.4,StrandBias:0.1,Multiplicity:1.05
0.490	0.508	0.001	0.001
0.001	0.113	0.885	0.001
0.089	0.044	0.866	0.001
0.146	0.001	0.734	0.119
0.687	0.311	0.001	0.001
0.305	0.001	0.652	0.042
0.001	0.001	0.229	0.769
0.001	0.001	0.917	0.081
>TCTTATCT	10-TCTTATCT	8.038052	-357.048929	0	T:3725.0(10.26%),B:2336.0(6.55%),P:1e-155	Tpos:421.2,Tstd:325.9,Bpos:289.8,Bstd:169.9,StrandBias:0.1,Multiplicity:1.14
0.001	0.324	0.142	0.533
0.001	0.899	0.099	0.001
0.001	0.001	0.001	0.997
0.089	0.001	0.001	0.909
0.997	0.001	0.001	0.001
0.001	0.001	0.001	0.997
0.001	0.997	0.001	0.001
0.001	0.001	0.001	0.997
>CAAACAAA	11-CAAACAAA	8.531485	-330.666856	0	T:5798.0(15.97%),B:4094.9(11.48%),P:1e-143	Tpos:367.6,Tstd:317.9,Bpos:295.2,Bstd:197.4,StrandBias:-0.0,Multiplicity:1.95
0.001	0.997	0.001	0.001
0.997	0.001	0.001	0.001
0.997	0.001	0.001	0.001
0.997	0.001	0.001	0.001
0.001	0.997	0.001	0.001
0.985	0.001	0.013	0.001
0.997	0.001	0.001	0.001
0.918	0.080	0.001	0.001
>AAAACAAA	12-AAAACAAA	9.655331	-320.458924	0	T:7536.0(20.76%),B:5622.7(15.76%),P:1e-139	Tpos:376.2,Tstd:332.9,Bpos:290.0,Bstd:203.1,StrandBias:0.0,Multiplicity:2.06
0.593	0.405	0.001	0.001
0.953	0.045	0.001	0.001
0.997	0.001	0.001	0.001
0.730	0.268	0.001	0.001
0.358	0.640	0.001	0.001
0.997	0.001	0.001	0.001
0.997	0.001	0.001	0.001
0.910	0.088	0.001	0.001
>AAATTMCA	13-AAATTMCA	8.187218	-315.308353	0	T:5198.0(14.32%),B:3620.1(10.15%),P:1e-136	Tpos:401.3,Tstd:321.5,Bpos:291.9,Bstd:179.1,StrandBias:0.0,Multiplicity:1.15
0.744	0.141	0.114	0.001
0.741	0.001	0.257	0.001
0.994	0.004	0.001	0.001
0.001	0.001	0.001	0.997
0.270	0.001	0.001	0.728
0.466	0.532	0.001	0.001
0.001	0.997	0.001	0.001
0.737	0.001	0.002	0.260
>GGCRCACG	14-GGCRCACG	7.830421	-297.691325	0	T:3506.0(9.66%),B:2260.3(6.34%),P:1e-129	Tpos:379.6,Tstd:300.8,Bpos:286.5,Bstd:191.0,StrandBias:0.0,Multiplicity:1.05
0.001	0.001	0.997	0.001
0.001	0.001	0.997	0.001
0.001	0.857	0.001	0.141
0.463	0.001	0.535	0.001
0.001	0.997	0.001	0.001
0.997	0.001	0.001	0.001
0.001	0.913	0.001	0.085
0.001	0.001	0.997	0.001
>KAGGCGGG	15-KAGGCGGG	6.381089	-289.128422	0	T:16111.0(44.39%),B:13640.3(38.24%),P:1e-125	Tpos:388.5,Tstd:301.1,Bpos:283.2,Bstd:179.3,StrandBias:-0.0,Multiplicity:1.90
0.192	0.001	0.422	0.385
0.623	0.001	0.375	0.001
0.001	0.159	0.839	0.001
0.001	0.001	0.997	0.001
0.001	0.997	0.001	0.001
0.232	0.169	0.598	0.001
0.291	0.001	0.581	0.127
0.282	0.001	0.457	0.260
>GAGAGTTC	16-GAGAGTTC	9.799922	-287.868215	0	T:2551.0(7.03%),B:1525.0(4.28%),P:1e-125	Tpos:376.2,Tstd:309.1,Bpos:303.6,Bstd:173.0,StrandBias:-0.1,Multiplicity:1.04
0.001	0.001	0.997	0.001
0.997	0.001	0.001	0.001
0.001	0.001	0.997	0.001
0.997	0.001	0.001	0.001
0.001	0.001	0.717	0.281
0.001	0.001	0.001	0.997
0.001	0.001	0.001	0.997
0.001	0.997	0.001	0.001
>GATAATGG	17-GATAATGG	7.799153	-257.224562	0	T:1139.0(3.14%),B:533.0(1.49%),P:1e-111	Tpos:363.8,Tstd:310.9,Bpos:284.2,Bstd:168.8,StrandBias:0.1,Multiplicity:1.02
0.001	0.001	0.997	0.001
0.997	0.001	0.001	0.001
0.001	0.001	0.001	0.997
0.997	0.001	0.001	0.001
0.997	0.001	0.001	0.001
0.001	0.001	0.001	0.997
0.001	0.038	0.960	0.001
0.001	0.001	0.997	0.001
>AGTGCTCG	18-AGTGCTCG	9.131380	-248.114556	0	T:5383.0(14.83%),B:3934.1(11.03%),P:1e-107	Tpos:383.4,Tstd:313.8,Bpos:297.4,Bstd:182.4,StrandBias:0.0,Multiplicity:1.11
0.997	0.001	0.001	0.001
0.001	0.001	0.997	0.001
0.001	0.001	0.001	0.997
0.001	0.001	0.997	0.001
0.001	0.997	0.001	0.001
0.001	0.001	0.001	0.997
0.014	0.841	0.144	0.001
0.001	0.001	0.997	0.001
>TTATAAGA	19-TTATAAGA	8.290415	-235.687470	0	T:2472.0(6.81%),B:1543.8(4.33%),P:1e-102	Tpos:383.5,Tstd:327.3,Bpos:295.9,Bstd:177.6,StrandBias:0.0,Multiplicity:1.06
0.001	0.001	0.001	0.997
0.001	0.001	0.096	0.902
0.997	0.001	0.001	0.001
0.001	0.001	0.001	0.997
0.997	0.001	0.001	0.001
0.997	0.001	0.001	0.001
0.001	0.001	0.997	0.001
0.645	0.001	0.001	0.353
>TGCCTSCG	20-TGCCTSCG	6.128202	-209.323474	0	T:11634.0(32.05%),B:9714.4(27.23%),P:1e-90	Tpos:382.6,Tstd:319.9,Bpos:295.3,Bstd:181.5,StrandBias:0.0,Multiplicity:1.22
0.001	0.001	0.001	0.997
0.001	0.001	0.997	0.001
0.176	0.822	0.001	0.001
0.001	0.997	0.001	0.001
0.001	0.001	0.001	0.997
0.001	0.393	0.364	0.243
0.001	0.812	0.186	0.001
0.001	0.027	0.971	0.001
>GGAGCATT	21-GGAGCATT	8.236954	-192.182023	0	T:931.0(2.56%),B:452.7(1.27%),P:1e-83	Tpos:385.5,Tstd:302.1,Bpos:285.0,Bstd:180.1,StrandBias:0.1,Multiplicity:1.01
0.100	0.100	0.700	0.100
0.100	0.100	0.700	0.100
0.700	0.100	0.100	0.100
0.100	0.100	0.700	0.100
0.100	0.700	0.100	0.100
0.700	0.100	0.100	0.100
0.100	0.100	0.100	0.700
0.100	0.100	0.100	0.700
>ACCTTGAC	22-ACCTTGAC	5.689392	-189.593483	0	T:6480.0(17.85%),B:5066.3(14.20%),P:1e-82	Tpos:382.4,Tstd:329.7,Bpos:294.7,Bstd:178.7,StrandBias:0.0,Multiplicity:1.13
0.660	0.001	0.338	0.001
0.343	0.655	0.001	0.001
0.001	0.775	0.001	0.223
0.001	0.001	0.001	0.997
0.001	0.092	0.001	0.906
0.001	0.001	0.997	0.001
0.997	0.001	0.001	0.001
0.001	0.983	0.001	0.015
>CTGAACCT	23-CTGAACCT	8.236954	-177.845798	0	T:1891.0(5.21%),B:1182.3(3.31%),P:1e-77	Tpos:365.8,Tstd:310.4,Bpos:278.5,Bstd:170.9,StrandBias:0.0,Multiplicity:1.23
0.100	0.700	0.100	0.100
0.100	0.100	0.100	0.700
0.100	0.100	0.700	0.100
0.700	0.100	0.100	0.100
0.700	0.100	0.100	0.100
0.100	0.700	0.100	0.100
0.100	0.700	0.100	0.100
0.100	0.100	0.100	0.700
>CTRACTTA	24-CTRACTTA	7.377933	-177.530168	0	T:10221.0(28.16%),B:8527.8(23.91%),P:1e-77	Tpos:385.1,Tstd:329.7,Bpos:291.2,Bstd:178.1,StrandBias:0.0,Multiplicity:1.26
0.001	0.997	0.001	0.001
0.055	0.001	0.001	0.943
0.538	0.024	0.437	0.001
0.492	0.120	0.121	0.267
0.167	0.831	0.001	0.001
0.001	0.001	0.001	0.997
0.001	0.322	0.001	0.676
0.877	0.001	0.121	0.001
>GACTAAGT	25-GACTAAGT	8.236954	-112.539394	0	T:663.0(1.83%),B:347.3(0.97%),P:1e-48	Tpos:360.7,Tstd:281.9,Bpos:283.7,Bstd:182.5,StrandBias:0.2,Multiplicity:1.01
0.100	0.100	0.700	0.100
0.700	0.100	0.100	0.100
0.100	0.700	0.100	0.100
0.100	0.100	0.100	0.700
0.700	0.100	0.100	0.100
0.700	0.100	0.100	0.100
0.100	0.100	0.700	0.100
0.100	0.100	0.100	0.700
