>TATGGCGA	1-TATGGCGA	8.236954	-17.261986	0	T:7.0(6.42%),B:131.4(0.28%),P:1e-7	Tpos:411.6,Tstd:664.1,Bpos:276.9,Bstd:223.0,StrandBias:2.6,Multiplicity:2.00
0.100	0.100	0.100	0.700
0.700	0.100	0.100	0.100
0.100	0.100	0.100	0.700
0.100	0.100	0.700	0.100
0.100	0.100	0.700	0.100
0.100	0.700	0.100	0.100
0.100	0.100	0.700	0.100
0.700	0.100	0.100	0.100
>ATTATCGC	2-ATTATCGC	8.328082	-16.420084	0	T:11.0(10.09%),B:545.3(1.17%),P:1e-7	Tpos:1609.1,Tstd:1809.0,Bpos:275.6,Bstd:166.1,StrandBias:0.8,Multiplicity:1.27
0.728	0.001	0.145	0.126
0.001	0.001	0.153	0.845
0.001	0.001	0.001	0.997
0.883	0.001	0.115	0.001
0.001	0.001	0.001	0.997
0.243	0.697	0.059	0.001
0.107	0.047	0.845	0.001
0.001	0.997	0.001	0.001
>ACTGAAAA	3-ACTGAAAA	7.393794	-8.975214	0	T:18.0(16.51%),B:2886.7(6.19%),P:1e-3	Tpos:254.4,Tstd:187.6,Bpos:268.5,Bstd:176.3,StrandBias:0.7,Multiplicity:2.06
0.997	0.001	0.001	0.001
0.001	0.997	0.001	0.001
0.001	0.030	0.001	0.968
0.001	0.001	0.997	0.001
0.842	0.001	0.001	0.156
0.997	0.001	0.001	0.001
0.997	0.001	0.001	0.001
0.997	0.001	0.001	0.001
>TAACCCTA	4-TAACCCTA	5.496944	-8.686335	0	T:50.0(45.87%),B:13629.6(29.21%),P:1e-3	Tpos:1134.4,Tstd:1445.1,Bpos:268.4,Bstd:170.1,StrandBias:0.7,Multiplicity:2.38
0.122	0.080	0.045	0.753
0.804	0.088	0.026	0.082
0.698	0.125	0.111	0.066
0.098	0.695	0.025	0.182
0.168	0.721	0.070	0.041
0.105	0.768	0.059	0.068
0.046	0.107	0.165	0.682
0.889	0.062	0.023	0.026
>ACCAAACG	5-ACCAAACG	7.746088	-8.459349	0	T:21.0(19.27%),B:3851.1(8.25%),P:1e-3	Tpos:713.2,Tstd:1392.4,Bpos:271.8,Bstd:174.1,StrandBias:0.6,Multiplicity:1.33
0.997	0.001	0.001	0.001
0.040	0.958	0.001	0.001
0.001	0.695	0.226	0.078
0.943	0.055	0.001	0.001
0.925	0.040	0.034	0.001
0.997	0.001	0.001	0.001
0.144	0.734	0.001	0.121
0.170	0.048	0.742	0.040
>CATAGTAT	6-CATAGTAT	10.664495	-8.306142	0	T:7.0(6.42%),B:524.6(1.12%),P:1e-3	Tpos:499.3,Tstd:146.9,Bpos:267.8,Bstd:161.3,StrandBias:1.0,Multiplicity:1.29
0.001	0.997	0.001	0.001
0.997	0.001	0.001	0.001
0.001	0.085	0.001	0.913
0.997	0.001	0.001	0.001
0.001	0.227	0.771	0.001
0.001	0.001	0.056	0.942
0.997	0.001	0.001	0.001
0.001	0.001	0.001	0.997
>TGTAGGAC	7-TGTAGGAC	7.933922	-8.158754	0	T:16.0(14.68%),B:2545.6(5.45%),P:1e-3	Tpos:310.2,Tstd:310.2,Bpos:270.6,Bstd:171.4,StrandBias:1.5,Multiplicity:1.94
0.001	0.001	0.065	0.933
0.001	0.001	0.905	0.093
0.001	0.001	0.001	0.997
0.997	0.001	0.001	0.001
0.001	0.001	0.997	0.001
0.133	0.001	0.865	0.001
0.939	0.059	0.001	0.001
0.001	0.997	0.001	0.001
>AATWATTA	8-AATWATTA	8.358023	-7.975853	0	T:15.0(13.76%),B:2325.7(4.98%),P:1e-3	Tpos:1137.6,Tstd:1310.1,Bpos:270.9,Bstd:171.9,StrandBias:0.2,Multiplicity:2.00
0.569	0.001	0.132	0.298
0.610	0.293	0.096	0.001
0.001	0.001	0.001	0.997
0.468	0.001	0.001	0.530
0.997	0.001	0.001	0.001
0.001	0.001	0.053	0.945
0.125	0.150	0.001	0.724
0.589	0.151	0.259	0.001
>WCTTACTT	9-WCTTACTT	7.201634	-7.690473	0	T:21.0(19.27%),B:4078.6(8.74%),P:1e-3	Tpos:457.6,Tstd:783.5,Bpos:271.4,Bstd:167.3,StrandBias:0.2,Multiplicity:1.81
0.470	0.001	0.038	0.491
0.001	0.997	0.001	0.001
0.001	0.001	0.001	0.997
0.001	0.001	0.400	0.598
0.939	0.001	0.001	0.059
0.001	0.997	0.001	0.001
0.001	0.001	0.001	0.997
0.001	0.027	0.001	0.971
>NAACAACN	10-NAACAACN	4.964922	-6.847253	0	T:21.0(19.27%),B:4353.1(9.33%),P:1e-2	Tpos:618.3,Tstd:857.1,Bpos:266.9,Bstd:168.8,StrandBias:1.3,Multiplicity:1.29
0.193	0.312	0.220	0.276
0.555	0.141	0.157	0.147
0.543	0.178	0.125	0.154
0.129	0.618	0.115	0.138
0.526	0.135	0.223	0.116
0.564	0.144	0.139	0.153
0.121	0.605	0.121	0.153
0.278	0.208	0.276	0.237
>TGGAATAT	11-TGGAATAT	8.770144	-6.361633	0	T:15.0(13.76%),B:2727.4(5.84%),P:1e-2	Tpos:459.7,Tstd:865.6,Bpos:269.3,Bstd:172.6,StrandBias:1.1,Multiplicity:1.67
0.001	0.135	0.001	0.863
0.001	0.001	0.997	0.001
0.001	0.036	0.962	0.001
0.997	0.001	0.001	0.001
0.997	0.001	0.001	0.001
0.230	0.001	0.001	0.768
0.997	0.001	0.001	0.001
0.001	0.001	0.001	0.997
>AAATGAGA	12-AAATGAGA	7.562764	-5.366560	0	T:11.0(10.09%),B:1883.6(4.04%),P:1e-2	Tpos:207.9,Tstd:186.1,Bpos:267.7,Bstd:180.7,StrandBias:1.5,Multiplicity:2.82
0.997	0.001	0.001	0.001
0.997	0.001	0.001	0.001
0.997	0.001	0.001	0.001
0.001	0.030	0.001	0.968
0.001	0.001	0.997	0.001
0.997	0.001	0.001	0.001
0.001	0.001	0.997	0.001
0.997	0.001	0.001	0.001
>GAGTAGGA	13-GAGTAGGA	7.289506	-3.851604	0	T:38.0(34.86%),B:11997.4(25.71%),P:1e-1	Tpos:478.4,Tstd:767.3,Bpos:276.2,Bstd:163.7,StrandBias:1.2,Multiplicity:2.00
0.121	0.001	0.830	0.048
0.997	0.001	0.001	0.001
0.148	0.001	0.521	0.330
0.153	0.147	0.253	0.447
0.997	0.001	0.001	0.001
0.287	0.001	0.711	0.001
0.081	0.001	0.917	0.001
0.823	0.001	0.175	0.001
>AATGCACA	14-AATGCACA	10.896159	-2.709028	0	T:5.0(4.59%),B:926.7(1.99%),P:1e-1	Tpos:253.6,Tstd:160.6,Bpos:261.1,Bstd:168.4,StrandBias:2.2,Multiplicity:2.20
0.997	0.001	0.001	0.001
0.997	0.001	0.001	0.001
0.001	0.001	0.001	0.997
0.157	0.001	0.841	0.001
0.001	0.997	0.001	0.001
0.997	0.001	0.001	0.001
0.001	0.997	0.001	0.001
0.997	0.001	0.001	0.001
>CAAACCAA	15-CAAACCAA	8.236954	-1.420857	0	T:5.0(4.59%),B:1427.6(3.06%),P:1e0	Tpos:352.9,Tstd:172.6,Bpos:266.7,Bstd:170.6,StrandBias:2.5,Multiplicity:2.60
0.100	0.700	0.100	0.100
0.700	0.100	0.100	0.100
0.700	0.100	0.100	0.100
0.700	0.100	0.100	0.100
0.100	0.700	0.100	0.100
0.100	0.700	0.100	0.100
0.700	0.100	0.100	0.100
0.700	0.100	0.100	0.100
>CTTTCTTT	16-CTTTCTTT	8.236954	-0.572686	0	T:9.0(8.26%),B:3897.5(8.35%),P:1e0	Tpos:363.3,Tstd:239.6,Bpos:271.7,Bstd:160.0,StrandBias:1.5,Multiplicity:6.89
0.100	0.700	0.100	0.100
0.100	0.100	0.100	0.700
0.100	0.100	0.100	0.700
0.100	0.100	0.100	0.700
0.100	0.700	0.100	0.100
0.100	0.100	0.100	0.700
0.100	0.100	0.100	0.700
0.100	0.100	0.100	0.700
