>CCTSAGGC	1-CCTSAGGC	8.009309	-501.995136	0	T:4836.0(30.59%),B:6743.7(19.99%),P:1e-218	Tpos:431.3,Tstd:308.0,Bpos:323.6,Bstd:192.3,StrandBias:0.1,Multiplicity:1.28
0.009	0.969	0.015	0.007
0.001	0.929	0.011	0.059
0.001	0.286	0.095	0.618
0.149	0.357	0.398	0.096
0.724	0.035	0.240	0.001
0.062	0.023	0.914	0.001
0.008	0.005	0.974	0.013
0.001	0.775	0.220	0.004
>ACCCTGTC	2-ACCCTGTC	8.236954	-230.695409	0	T:2060.0(13.03%),B:2714.7(8.05%),P:1e-100	Tpos:383.5,Tstd:338.1,Bpos:322.7,Bstd:206.9,StrandBias:0.0,Multiplicity:1.09
0.700	0.100	0.100	0.100
0.100	0.700	0.100	0.100
0.100	0.700	0.100	0.100
0.100	0.700	0.100	0.100
0.100	0.100	0.100	0.700
0.100	0.100	0.700	0.100
0.100	0.100	0.100	0.700
0.100	0.700	0.100	0.100
>ACAAACAA	3-ACAAACAA	10.728382	-203.523301	0	T:1775.0(11.23%),B:2316.1(6.87%),P:1e-88	Tpos:387.4,Tstd:340.0,Bpos:307.9,Bstd:217.2,StrandBias:0.0,Multiplicity:2.22
0.997	0.001	0.001	0.001
0.196	0.802	0.001	0.001
0.997	0.001	0.001	0.001
0.997	0.001	0.001	0.001
0.997	0.001	0.001	0.001
0.114	0.884	0.001	0.001
0.997	0.001	0.001	0.001
0.997	0.001	0.001	0.001
>TTWARCCC	4-TTWARCCC	6.663531	-185.059825	0	T:3535.0(22.36%),B:5565.6(16.50%),P:1e-80	Tpos:410.1,Tstd:342.2,Bpos:312.7,Bstd:202.7,StrandBias:-0.0,Multiplicity:1.34
0.068	0.054	0.046	0.832
0.055	0.066	0.356	0.523
0.400	0.017	0.077	0.506
0.896	0.031	0.043	0.030
0.392	0.020	0.363	0.226
0.180	0.407	0.176	0.237
0.011	0.781	0.174	0.034
0.001	0.835	0.147	0.017
>GGCGTGSN	5-GGCGTGSN	6.741404	-181.709297	0	T:5877.0(37.17%),B:10171.4(30.15%),P:1e-78	Tpos:426.3,Tstd:332.0,Bpos:313.3,Bstd:197.3,StrandBias:-0.0,Multiplicity:1.50
0.024	0.025	0.950	0.001
0.001	0.001	0.997	0.001
0.001	0.787	0.001	0.211
0.001	0.001	0.997	0.001
0.001	0.001	0.146	0.852
0.043	0.024	0.756	0.177
0.036	0.313	0.423	0.228
0.208	0.210	0.345	0.238
>AATTCAAG	6-AATTCAAG	4.649464	-180.371453	0	T:3752.0(23.73%),B:6001.6(17.79%),P:1e-78	Tpos:408.4,Tstd:337.8,Bpos:310.4,Bstd:203.6,StrandBias:0.0,Multiplicity:1.39
0.997	0.001	0.001	0.001
0.940	0.001	0.058	0.001
0.001	0.001	0.001	0.997
0.001	0.001	0.001	0.997
0.001	0.997	0.001	0.001
0.970	0.028	0.001	0.001
0.997	0.001	0.001	0.001
0.001	0.001	0.997	0.001
>GGSCTACA	7-GGSCTACA	7.521319	-179.257745	0	T:4139.0(26.18%),B:6750.7(20.01%),P:1e-77	Tpos:407.8,Tstd:330.7,Bpos:314.0,Bstd:200.4,StrandBias:0.0,Multiplicity:1.27
0.133	0.072	0.794	0.001
0.001	0.005	0.993	0.001
0.154	0.312	0.415	0.120
0.076	0.812	0.018	0.094
0.001	0.001	0.051	0.947
0.960	0.001	0.001	0.038
0.127	0.427	0.171	0.275
0.945	0.015	0.039	0.001
>AAACAAAA	8-AAACAAAA	10.718484	-172.625066	0	T:2686.0(16.99%),B:4043.5(11.99%),P:1e-74	Tpos:406.5,Tstd:359.6,Bpos:311.7,Bstd:222.1,StrandBias:0.1,Multiplicity:1.91
0.997	0.001	0.001	0.001
0.997	0.001	0.001	0.001
0.883	0.115	0.001	0.001
0.001	0.997	0.001	0.001
0.795	0.203	0.001	0.001
0.997	0.001	0.001	0.001
0.997	0.001	0.001	0.001
0.997	0.001	0.001	0.001
>GCCTTCGG	9-GCCTTCGG	6.470986	-155.522808	0	T:6157.0(38.94%),B:10915.2(32.36%),P:1e-67	Tpos:435.3,Tstd:325.9,Bpos:321.4,Bstd:196.2,StrandBias:0.0,Multiplicity:1.46
0.032	0.099	0.816	0.053
0.041	0.883	0.046	0.030
0.115	0.744	0.070	0.071
0.004	0.203	0.018	0.775
0.139	0.116	0.097	0.648
0.225	0.524	0.216	0.035
0.128	0.091	0.766	0.015
0.032	0.067	0.845	0.056
>GCGGATCT	10-GCGGATCT	7.189794	-155.498011	0	T:3197.0(20.22%),B:5078.1(15.05%),P:1e-67	Tpos:413.7,Tstd:331.6,Bpos:313.5,Bstd:199.3,StrandBias:0.0,Multiplicity:1.14
0.081	0.021	0.851	0.047
0.028	0.896	0.001	0.075
0.209	0.001	0.789	0.001
0.017	0.001	0.981	0.001
0.941	0.001	0.032	0.026
0.001	0.001	0.058	0.940
0.006	0.716	0.047	0.231
0.018	0.001	0.001	0.980
>TCGAAAAA	11-TCGAAAAA	6.015234	-121.799531	0	T:2583.0(16.34%),B:4102.2(12.16%),P:1e-52	Tpos:423.5,Tstd:369.7,Bpos:312.2,Bstd:210.4,StrandBias:0.0,Multiplicity:1.17
0.090	0.082	0.202	0.626
0.001	0.997	0.001	0.001
0.001	0.001	0.997	0.001
0.815	0.183	0.001	0.001
0.528	0.037	0.244	0.191
0.823	0.143	0.001	0.033
0.758	0.070	0.001	0.171
0.466	0.181	0.168	0.185
>AGGCTGGC	12-AGGCTGGC	9.662006	-117.210449	0	T:3078.0(19.47%),B:5068.4(15.02%),P:1e-50	Tpos:398.0,Tstd:337.7,Bpos:315.8,Bstd:200.9,StrandBias:-0.0,Multiplicity:1.12
0.997	0.001	0.001	0.001
0.001	0.001	0.997	0.001
0.001	0.001	0.997	0.001
0.001	0.997	0.001	0.001
0.001	0.001	0.001	0.997
0.265	0.001	0.733	0.001
0.077	0.001	0.921	0.001
0.001	0.997	0.001	0.001
>AGTTCGAA	13-AGTTCGAA	6.145029	-115.677347	0	T:5667.0(35.84%),B:10216.1(30.28%),P:1e-50	Tpos:409.8,Tstd:353.7,Bpos:315.1,Bstd:203.2,StrandBias:0.1,Multiplicity:1.22
0.997	0.001	0.001	0.001
0.001	0.001	0.997	0.001
0.032	0.029	0.060	0.879
0.043	0.041	0.001	0.915
0.001	0.910	0.001	0.088
0.050	0.104	0.794	0.052
0.928	0.027	0.001	0.044
0.627	0.038	0.280	0.055
>MAWTCCGG	14-MAWTCCGG	5.779447	-113.715358	0	T:2513.0(15.89%),B:4015.4(11.90%),P:1e-49	Tpos:427.3,Tstd:339.7,Bpos:314.3,Bstd:204.1,StrandBias:0.0,Multiplicity:1.15
0.425	0.313	0.261	0.001
0.812	0.020	0.134	0.034
0.399	0.153	0.077	0.371
0.169	0.137	0.067	0.627
0.001	0.819	0.060	0.120
0.001	0.758	0.240	0.001
0.132	0.221	0.646	0.001
0.150	0.181	0.566	0.103
>GGTGTGGC	15-GGTGTGGC	8.376256	-106.243288	0	T:3402.0(21.52%),B:5765.1(17.09%),P:1e-46	Tpos:423.6,Tstd:323.0,Bpos:308.8,Bstd:185.4,StrandBias:-0.0,Multiplicity:1.20
0.001	0.001	0.997	0.001
0.001	0.001	0.997	0.001
0.001	0.001	0.001	0.997
0.001	0.048	0.950	0.001
0.001	0.001	0.202	0.796
0.001	0.034	0.964	0.001
0.097	0.092	0.602	0.209
0.001	0.997	0.001	0.001
>ACRTTCCA	16-ACRTTCCA	7.382901	-82.769764	0	T:2245.0(14.20%),B:3692.7(10.95%),P:1e-35	Tpos:423.9,Tstd:346.0,Bpos:311.3,Bstd:188.6,StrandBias:0.0,Multiplicity:1.12
0.531	0.001	0.374	0.094
0.128	0.625	0.246	0.001
0.516	0.001	0.482	0.001
0.001	0.001	0.135	0.863
0.001	0.001	0.001	0.997
0.110	0.888	0.001	0.001
0.001	0.697	0.001	0.301
0.562	0.001	0.028	0.409
>CTTAAGGC	17-CTTAAGGC	6.473668	-67.712133	0	T:4132.0(26.13%),B:7524.7(22.30%),P:1e-29	Tpos:423.6,Tstd:342.7,Bpos:314.6,Bstd:193.9,StrandBias:0.0,Multiplicity:1.22
0.042	0.922	0.035	0.001
0.001	0.001	0.001	0.997
0.099	0.101	0.001	0.799
0.626	0.103	0.167	0.104
0.997	0.001	0.001	0.001
0.089	0.091	0.819	0.001
0.001	0.001	0.997	0.001
0.032	0.891	0.035	0.042
>GACAGCCT	18-GACAGCCT	7.607080	-58.872362	0	T:2484.0(15.71%),B:4325.6(12.82%),P:1e-25	Tpos:397.8,Tstd:332.3,Bpos:316.5,Bstd:201.6,StrandBias:0.0,Multiplicity:1.12
0.093	0.001	0.675	0.231
0.605	0.157	0.001	0.237
0.293	0.615	0.001	0.091
0.749	0.246	0.004	0.001
0.001	0.001	0.997	0.001
0.238	0.624	0.001	0.137
0.001	0.713	0.285	0.001
0.368	0.001	0.003	0.628
>RAACCGCG	19-RAACCGCG	5.818696	-55.173459	0	T:4224.0(26.72%),B:7838.7(23.24%),P:1e-23	Tpos:431.3,Tstd:348.9,Bpos:320.7,Bstd:201.6,StrandBias:-0.0,Multiplicity:1.33
0.484	0.001	0.338	0.177
0.808	0.190	0.001	0.001
0.997	0.001	0.001	0.001
0.001	0.441	0.279	0.279
0.169	0.674	0.001	0.156
0.012	0.001	0.829	0.158
0.020	0.527	0.255	0.198
0.021	0.307	0.611	0.061
>AGCACTTG	20-AGCACTTG	8.350346	-54.769105	0	T:2243.0(14.19%),B:3888.5(11.53%),P:1e-23	Tpos:398.1,Tstd:337.2,Bpos:316.9,Bstd:203.1,StrandBias:0.0,Multiplicity:1.10
0.997	0.001	0.001	0.001
0.001	0.001	0.997	0.001
0.001	0.997	0.001	0.001
0.939	0.001	0.059	0.001
0.001	0.997	0.001	0.001
0.001	0.001	0.060	0.938
0.121	0.191	0.001	0.687
0.108	0.001	0.890	0.001
>CTCCAGGC	21-CTCCAGGC	9.121428	-47.793423	0	T:2635.0(16.67%),B:4720.9(13.99%),P:1e-20	Tpos:429.8,Tstd:330.1,Bpos:316.4,Bstd:190.1,StrandBias:0.1,Multiplicity:1.14
0.073	0.925	0.001	0.001
0.001	0.001	0.001	0.997
0.045	0.863	0.091	0.001
0.001	0.997	0.001	0.001
0.997	0.001	0.001	0.001
0.001	0.001	0.997	0.001
0.001	0.001	0.885	0.113
0.125	0.674	0.200	0.001
>AGGATTTC	22-AGGATTTC	8.434133	-46.691873	0	T:1309.0(8.28%),B:2154.7(6.39%),P:1e-20	Tpos:403.3,Tstd:341.9,Bpos:314.4,Bstd:191.0,StrandBias:-0.1,Multiplicity:1.05
0.997	0.001	0.001	0.001
0.001	0.001	0.997	0.001
0.001	0.001	0.997	0.001
0.997	0.001	0.001	0.001
0.204	0.001	0.001	0.794
0.001	0.001	0.001	0.997
0.098	0.001	0.199	0.702
0.082	0.916	0.001	0.001
>GCGAGKCA	23-GCGAGKCA	6.971914	-45.819716	0	T:3593.0(22.72%),B:6661.0(19.74%),P:1e-19	Tpos:433.5,Tstd:329.7,Bpos:315.6,Bstd:191.8,StrandBias:0.1,Multiplicity:1.33
0.001	0.092	0.877	0.030
0.001	0.997	0.001	0.001
0.001	0.001	0.737	0.261
0.561	0.121	0.317	0.001
0.328	0.001	0.670	0.001
0.216	0.067	0.377	0.340
0.001	0.997	0.001	0.001
0.552	0.074	0.028	0.346
>AGCTACGT	24-AGCTACGT	6.527471	-44.953298	0	T:2162.0(13.67%),B:3814.0(11.31%),P:1e-19	Tpos:414.6,Tstd:329.2,Bpos:314.8,Bstd:194.9,StrandBias:0.0,Multiplicity:1.10
0.952	0.046	0.001	0.001
0.116	0.001	0.882	0.001
0.108	0.471	0.254	0.168
0.001	0.235	0.256	0.508
0.741	0.014	0.055	0.190
0.056	0.822	0.121	0.001
0.024	0.001	0.941	0.034
0.001	0.142	0.073	0.784
>CAACAACA	25-CAACAACA	8.236954	-17.720475	0	T:746.0(4.72%),B:1298.3(3.85%),P:1e-7	Tpos:378.0,Tstd:350.9,Bpos:303.7,Bstd:214.2,StrandBias:0.1,Multiplicity:1.07
0.100	0.700	0.100	0.100
0.700	0.100	0.100	0.100
0.700	0.100	0.100	0.100
0.100	0.700	0.100	0.100
0.700	0.100	0.100	0.100
0.700	0.100	0.100	0.100
0.100	0.700	0.100	0.100
0.700	0.100	0.100	0.100
