>GCBAATYV	1-GCBAATYV	5.521093	-385.770998	0	T:3254.0(25.60%),B:5864.5(16.00%),P:1e-167	Tpos:275.4,Tstd:222.8,Bpos:203.5,Bstd:133.4,StrandBias:0.0,Multiplicity:1.30
0.173	0.027	0.684	0.116
0.038	0.763	0.094	0.105
0.052	0.306	0.343	0.299
0.735	0.044	0.188	0.033
0.877	0.001	0.001	0.121
0.005	0.001	0.010	0.984
0.149	0.317	0.071	0.463
0.329	0.246	0.348	0.077
>GGGCGGGG	2-GGGCGGGG	9.149929	-210.581196	0	T:4549.0(35.79%),B:10085.0(27.52%),P:1e-91	Tpos:267.5,Tstd:197.2,Bpos:194.9,Bstd:129.5,StrandBias:0.0,Multiplicity:1.92
0.330	0.001	0.668	0.001
0.001	0.001	0.997	0.001
0.001	0.001	0.997	0.001
0.001	0.997	0.001	0.001
0.001	0.001	0.997	0.001
0.001	0.001	0.715	0.283
0.380	0.001	0.618	0.001
0.001	0.001	0.997	0.001
>GATTGGCT	3-GATTGGCT	7.468299	-185.564898	0	T:1876.0(14.76%),B:3463.4(9.45%),P:1e-80	Tpos:272.5,Tstd:247.6,Bpos:204.3,Bstd:126.3,StrandBias:0.1,Multiplicity:1.11
0.028	0.288	0.683	0.001
0.931	0.001	0.067	0.001
0.076	0.146	0.001	0.777
0.001	0.083	0.001	0.915
0.209	0.077	0.604	0.110
0.001	0.001	0.868	0.130
0.001	0.628	0.157	0.214
0.009	0.001	0.004	0.986
>CGSATTYS	4-CGSATTYS	5.085916	-182.615647	0	T:5229.0(41.14%),B:12133.1(33.10%),P:1e-79	Tpos:265.5,Tstd:218.6,Bpos:210.0,Bstd:137.5,StrandBias:-0.0,Multiplicity:1.51
0.001	0.997	0.001	0.001
0.001	0.001	0.997	0.001
0.073	0.420	0.506	0.001
0.997	0.001	0.001	0.001
0.421	0.001	0.001	0.577
0.117	0.061	0.121	0.701
0.091	0.468	0.001	0.440
0.162	0.297	0.348	0.193
>TTAACGCG	5-TTAACGCG	4.597188	-171.426049	0	T:4863.0(38.26%),B:11222.8(30.62%),P:1e-74	Tpos:264.2,Tstd:241.1,Bpos:215.0,Bstd:143.1,StrandBias:-0.0,Multiplicity:1.43
0.065	0.056	0.071	0.808
0.060	0.070	0.047	0.823
0.819	0.081	0.032	0.068
0.795	0.057	0.089	0.059
0.161	0.645	0.081	0.113
0.125	0.103	0.687	0.085
0.078	0.819	0.070	0.033
0.069	0.184	0.608	0.139
>ATTTGCAT	6-ATTTGCAT	8.574335	-169.610819	0	T:844.0(6.64%),B:1229.1(3.35%),P:1e-73	Tpos:288.9,Tstd:267.6,Bpos:217.7,Bstd:133.6,StrandBias:0.1,Multiplicity:1.14
0.997	0.001	0.001	0.001
0.001	0.001	0.001	0.997
0.250	0.001	0.001	0.748
0.001	0.001	0.001	0.997
0.001	0.001	0.997	0.001
0.001	0.997	0.001	0.001
0.997	0.001	0.001	0.001
0.329	0.001	0.001	0.669
>CCTGCTGW	7-CCTGCTGW	7.228897	-167.597867	0	T:2447.0(19.25%),B:4938.1(13.47%),P:1e-72	Tpos:251.1,Tstd:189.0,Bpos:218.5,Bstd:130.4,StrandBias:-0.0,Multiplicity:1.14
0.001	0.997	0.001	0.001
0.001	0.997	0.001	0.001
0.001	0.060	0.001	0.938
0.001	0.001	0.997	0.001
0.001	0.997	0.001	0.001
0.001	0.001	0.001	0.997
0.001	0.001	0.997	0.001
0.357	0.001	0.190	0.452
>GTCACGCC	8-GTCACGCC	6.424936	-166.763415	0	T:2749.0(21.63%),B:5698.9(15.55%),P:1e-72	Tpos:266.2,Tstd:195.6,Bpos:199.2,Bstd:131.3,StrandBias:0.0,Multiplicity:1.36
0.141	0.017	0.681	0.161
0.029	0.087	0.007	0.877
0.096	0.653	0.116	0.135
0.774	0.139	0.029	0.058
0.046	0.897	0.017	0.040
0.141	0.012	0.772	0.075
0.048	0.689	0.016	0.247
0.066	0.659	0.208	0.067
>GATTAGCA	9-GATTAGCA	6.518755	-151.480403	0	T:2167.0(17.05%),B:4340.2(11.84%),P:1e-65	Tpos:264.7,Tstd:231.6,Bpos:213.1,Bstd:135.7,StrandBias:-0.0,Multiplicity:1.12
0.001	0.247	0.751	0.001
0.636	0.362	0.001	0.001
0.001	0.001	0.001	0.997
0.258	0.001	0.001	0.740
0.973	0.001	0.001	0.025
0.001	0.001	0.871	0.127
0.001	0.574	0.119	0.306
0.456	0.060	0.304	0.180
>GGGCGGTT	10-GGGCGGTT	7.459497	-131.817656	0	T:2424.0(19.07%),B:5103.6(13.92%),P:1e-57	Tpos:263.3,Tstd:220.2,Bpos:206.6,Bstd:138.5,StrandBias:-0.0,Multiplicity:1.18
0.349	0.001	0.613	0.037
0.040	0.041	0.918	0.001
0.001	0.019	0.979	0.001
0.034	0.725	0.240	0.001
0.055	0.001	0.905	0.039
0.001	0.001	0.965	0.033
0.001	0.001	0.246	0.752
0.101	0.001	0.110	0.788
>WCTSCGBA	11-WCTSCGBA	5.396813	-124.140234	0	T:4260.0(33.51%),B:9987.0(27.25%),P:1e-53	Tpos:263.2,Tstd:233.7,Bpos:212.1,Bstd:138.0,StrandBias:-0.0,Multiplicity:1.32
0.439	0.144	0.001	0.415
0.001	0.496	0.280	0.223
0.253	0.123	0.001	0.623
0.125	0.356	0.445	0.074
0.001	0.997	0.001	0.001
0.001	0.001	0.942	0.056
0.090	0.318	0.292	0.300
0.685	0.116	0.001	0.198
>TTCAMACS	12-TTCAMACS	6.722934	-124.102636	0	T:2957.0(23.26%),B:6525.3(17.80%),P:1e-53	Tpos:262.6,Tstd:203.4,Bpos:213.0,Bstd:135.0,StrandBias:0.0,Multiplicity:1.26
0.001	0.001	0.001	0.997
0.001	0.001	0.054	0.944
0.019	0.786	0.194	0.001
0.997	0.001	0.001	0.001
0.495	0.503	0.001	0.001
0.997	0.001	0.001	0.001
0.195	0.497	0.307	0.001
0.001	0.527	0.403	0.069
>AAGGMYTA	13-AAGGMYTA	8.575183	-114.561333	0	T:977.0(7.69%),B:1705.8(4.65%),P:1e-49	Tpos:264.9,Tstd:230.3,Bpos:215.5,Bstd:135.9,StrandBias:0.0,Multiplicity:1.04
0.662	0.001	0.336	0.001
0.997	0.001	0.001	0.001
0.001	0.042	0.956	0.001
0.001	0.001	0.997	0.001
0.528	0.470	0.001	0.001
0.001	0.456	0.001	0.542
0.001	0.001	0.001	0.997
0.997	0.001	0.001	0.001
>AAGCGKAG	14-AAGCGKAG	6.024521	-114.082822	0	T:2952.0(23.22%),B:6591.6(17.98%),P:1e-49	Tpos:266.9,Tstd:206.8,Bpos:213.0,Bstd:136.6,StrandBias:-0.0,Multiplicity:1.19
0.997	0.001	0.001	0.001
0.960	0.002	0.037	0.001
0.070	0.141	0.628	0.161
0.001	0.896	0.001	0.102
0.001	0.019	0.979	0.001
0.001	0.001	0.554	0.444
0.724	0.017	0.107	0.152
0.165	0.001	0.774	0.060
>CYTTTGTT	15-CYTTTGTT	7.400620	-111.543120	0	T:2060.0(16.21%),B:4324.0(11.80%),P:1e-48	Tpos:258.9,Tstd:194.1,Bpos:215.1,Bstd:138.8,StrandBias:0.0,Multiplicity:1.16
0.001	0.912	0.086	0.001
0.141	0.444	0.072	0.342
0.259	0.001	0.103	0.637
0.011	0.001	0.040	0.948
0.001	0.040	0.085	0.874
0.001	0.001	0.871	0.127
0.233	0.026	0.001	0.740
0.001	0.319	0.101	0.579
>GGGGGGGG	16-GGGGGGGG	8.417586	-102.579671	0	T:2525.0(19.86%),B:5574.6(15.21%),P:1e-44	Tpos:271.0,Tstd:246.9,Bpos:212.6,Bstd:138.6,StrandBias:-0.1,Multiplicity:1.31
0.001	0.030	0.968	0.001
0.001	0.013	0.894	0.092
0.028	0.076	0.768	0.128
0.048	0.008	0.713	0.231
0.001	0.001	0.726	0.272
0.092	0.001	0.605	0.302
0.010	0.011	0.797	0.182
0.054	0.048	0.834	0.064
>ATTATTCA	17-ATTATTCA	8.236954	-87.646270	0	T:208.0(1.64%),B:209.4(0.57%),P:1e-38	Tpos:280.3,Tstd:318.2,Bpos:229.2,Bstd:143.3,StrandBias:-0.1,Multiplicity:1.02
0.700	0.100	0.100	0.100
0.100	0.100	0.100	0.700
0.100	0.100	0.100	0.700
0.700	0.100	0.100	0.100
0.100	0.100	0.100	0.700
0.100	0.100	0.100	0.700
0.100	0.700	0.100	0.100
0.700	0.100	0.100	0.100
>TGGGGGAG	18-TGGGGGAG	9.138301	-75.942755	0	T:1403.0(11.04%),B:2927.4(7.99%),P:1e-32	Tpos:261.2,Tstd:197.4,Bpos:214.8,Bstd:131.2,StrandBias:-0.0,Multiplicity:1.10
0.001	0.001	0.001	0.997
0.001	0.001	0.997	0.001
0.001	0.001	0.997	0.001
0.001	0.001	0.997	0.001
0.001	0.001	0.997	0.001
0.001	0.001	0.997	0.001
0.997	0.001	0.001	0.001
0.001	0.001	0.853	0.145
>CACATTCY	19-CACATTCY	6.530663	-69.113244	0	T:3204.0(25.21%),B:7685.9(20.97%),P:1e-30	Tpos:252.5,Tstd:193.6,Bpos:213.9,Bstd:136.1,StrandBias:0.0,Multiplicity:1.20
0.001	0.688	0.158	0.153
0.697	0.001	0.301	0.001
0.307	0.518	0.174	0.001
0.997	0.001	0.001	0.001
0.001	0.001	0.001	0.997
0.001	0.001	0.001	0.997
0.001	0.997	0.001	0.001
0.001	0.514	0.041	0.444
>GATACTTA	20-GATACTTA	9.249163	-59.568494	0	T:202.0(1.59%),B:249.7(0.68%),P:1e-25	Tpos:264.1,Tstd:234.2,Bpos:212.4,Bstd:131.0,StrandBias:0.1,Multiplicity:1.02
0.001	0.001	0.997	0.001
0.997	0.001	0.001	0.001
0.001	0.001	0.001	0.997
0.997	0.001	0.001	0.001
0.162	0.836	0.001	0.001
0.001	0.001	0.001	0.997
0.001	0.001	0.001	0.997
0.997	0.001	0.001	0.001
>GTTACACT	21-GTTACACT	8.236954	-56.868846	0	T:153.0(1.20%),B:167.3(0.46%),P:1e-24	Tpos:254.2,Tstd:165.3,Bpos:207.4,Bstd:144.5,StrandBias:-0.1,Multiplicity:1.01
0.100	0.100	0.700	0.100
0.100	0.100	0.100	0.700
0.100	0.100	0.100	0.700
0.700	0.100	0.100	0.100
0.100	0.700	0.100	0.100
0.700	0.100	0.100	0.100
0.100	0.700	0.100	0.100
0.100	0.100	0.100	0.700
>KGTAAATY	22-KGTAAATY	8.487494	-49.873062	0	T:672.0(5.29%),B:1313.5(3.58%),P:1e-21	Tpos:271.0,Tstd:285.1,Bpos:211.6,Bstd:146.6,StrandBias:0.0,Multiplicity:1.05
0.244	0.041	0.299	0.417
0.001	0.001	0.997	0.001
0.061	0.001	0.001	0.937
0.887	0.001	0.111	0.001
0.997	0.001	0.001	0.001
0.791	0.184	0.001	0.024
0.001	0.052	0.001	0.946
0.001	0.507	0.001	0.491
>GGAATCCC	23-GGAATCCC	10.697430	-46.367061	0	T:361.0(2.84%),B:614.1(1.68%),P:1e-20	Tpos:248.2,Tstd:167.5,Bpos:210.9,Bstd:146.8,StrandBias:-0.1,Multiplicity:1.02
0.001	0.001	0.997	0.001
0.001	0.001	0.997	0.001
0.997	0.001	0.001	0.001
0.768	0.001	0.001	0.230
0.001	0.001	0.001	0.997
0.001	0.895	0.001	0.103
0.001	0.997	0.001	0.001
0.001	0.997	0.001	0.001
>CATTACAA	24-CATTACAA	8.236954	-42.600189	0	T:164.0(1.29%),B:216.3(0.59%),P:1e-18	Tpos:278.0,Tstd:186.3,Bpos:198.0,Bstd:138.8,StrandBias:-0.1,Multiplicity:1.01
0.100	0.700	0.100	0.100
0.700	0.100	0.100	0.100
0.100	0.100	0.100	0.700
0.100	0.100	0.100	0.700
0.700	0.100	0.100	0.100
0.100	0.700	0.100	0.100
0.700	0.100	0.100	0.100
0.700	0.100	0.100	0.100
>AATACCAC	25-AATACCAC	8.236954	-30.980977	0	T:137.0(1.08%),B:193.9(0.53%),P:1e-13	Tpos:236.9,Tstd:197.6,Bpos:225.0,Bstd:124.7,StrandBias:0.1,Multiplicity:1.02
0.700	0.100	0.100	0.100
0.700	0.100	0.100	0.100
0.100	0.100	0.100	0.700
0.700	0.100	0.100	0.100
0.100	0.700	0.100	0.100
0.100	0.700	0.100	0.100
0.700	0.100	0.100	0.100
0.100	0.700	0.100	0.100
