>AATTATTR	1-AATTATTR	8.722490	-19.122954	0	T:16.0(17.78%),B:1350.0(2.83%),P:1e-8	Tpos:582.1,Tstd:958.9,Bpos:311.2,Bstd:185.5,StrandBias:0.2,Multiplicity:1.06
0.604	0.001	0.144	0.251
0.806	0.083	0.089	0.022
0.001	0.076	0.001	0.922
0.215	0.031	0.049	0.705
0.893	0.062	0.044	0.001
0.001	0.001	0.233	0.765
0.062	0.001	0.133	0.804
0.459	0.001	0.539	0.001
>CAGCAGTT	2-CAGCAGTT	8.000128	-12.352062	0	T:25.0(27.78%),B:5026.0(10.53%),P:1e-5	Tpos:269.0,Tstd:208.2,Bpos:312.4,Bstd:183.8,StrandBias:-0.1,Multiplicity:1.08
0.001	0.844	0.001	0.154
0.997	0.001	0.001	0.001
0.001	0.001	0.977	0.021
0.152	0.846	0.001	0.001
0.997	0.001	0.001	0.001
0.066	0.001	0.932	0.001
0.001	0.001	0.001	0.997
0.001	0.001	0.001	0.997
>TATSGCGA	3-TATSGCGA	8.740845	-11.731202	0	T:5.0(5.56%),B:141.3(0.30%),P:1e-5	Tpos:448.4,Tstd:646.5,Bpos:329.4,Bstd:216.3,StrandBias:3.7,Multiplicity:2.80
0.194	0.192	0.001	0.613
0.997	0.001	0.001	0.001
0.183	0.144	0.001	0.672
0.090	0.414	0.496	0.001
0.194	0.001	0.703	0.102
0.001	0.903	0.001	0.095
0.134	0.001	0.864	0.001
0.854	0.001	0.001	0.144
>AAAATGCG	4-AAAATGCG	6.364713	-9.647221	0	T:26.0(28.89%),B:6263.6(13.13%),P:1e-4	Tpos:355.9,Tstd:457.9,Bpos:306.9,Bstd:195.8,StrandBias:1.5,Multiplicity:1.81
0.830	0.001	0.001	0.168
0.920	0.001	0.078	0.001
0.701	0.161	0.137	0.001
0.873	0.125	0.001	0.001
0.109	0.001	0.001	0.889
0.001	0.128	0.870	0.001
0.087	0.911	0.001	0.001
0.001	0.069	0.929	0.001
>CATAGTAT	5-CATAGTAT	7.497276	-9.472396	0	T:13.0(14.44%),B:1952.0(4.09%),P:1e-4	Tpos:606.1,Tstd:865.5,Bpos:309.5,Bstd:184.5,StrandBias:1.0,Multiplicity:1.31
0.001	0.997	0.001	0.001
0.997	0.001	0.001	0.001
0.001	0.001	0.001	0.997
0.997	0.001	0.001	0.001
0.001	0.331	0.667	0.001
0.001	0.001	0.042	0.956
0.997	0.001	0.001	0.001
0.001	0.001	0.001	0.997
>CATTCATA	6-CATTCATA	8.572498	-8.691587	0	T:14.0(15.56%),B:2410.8(5.05%),P:1e-3	Tpos:565.5,Tstd:1009.7,Bpos:303.5,Bstd:185.8,StrandBias:0.6,Multiplicity:1.43
0.001	0.925	0.073	0.001
0.883	0.001	0.115	0.001
0.001	0.193	0.001	0.805
0.001	0.001	0.001	0.997
0.001	0.997	0.001	0.001
0.953	0.045	0.001	0.001
0.001	0.001	0.001	0.997
0.997	0.001	0.001	0.001
>AAHCMTAC	7-AAHCMTAC	5.407883	-8.117463	0	T:44.0(48.89%),B:14798.8(31.02%),P:1e-3	Tpos:801.5,Tstd:1133.7,Bpos:312.9,Bstd:188.1,StrandBias:0.3,Multiplicity:2.14
0.596	0.047	0.182	0.175
0.493	0.245	0.240	0.022
0.198	0.335	0.134	0.333
0.001	0.767	0.231	0.001
0.417	0.435	0.141	0.007
0.363	0.051	0.001	0.585
0.710	0.151	0.094	0.045
0.001	0.524	0.141	0.334
>TGATTTCG	8-TGATTTCG	8.236954	-7.622770	0	T:4.0(4.44%),B:190.4(0.40%),P:1e-3	Tpos:250.7,Tstd:165.9,Bpos:307.8,Bstd:196.3,StrandBias:-2.3,Multiplicity:1.50
0.100	0.100	0.100	0.700
0.100	0.100	0.700	0.100
0.700	0.100	0.100	0.100
0.100	0.100	0.100	0.700
0.100	0.100	0.100	0.700
0.100	0.100	0.100	0.700
0.100	0.700	0.100	0.100
0.100	0.100	0.700	0.100
>TTGTTGGT	9-TTGTTGGT	8.640506	-6.340390	0	T:14.0(15.56%),B:3061.2(6.42%),P:1e-2	Tpos:1021.5,Tstd:1500.8,Bpos:309.2,Bstd:182.3,StrandBias:0.5,Multiplicity:1.21
0.176	0.001	0.001	0.822
0.001	0.131	0.001	0.867
0.214	0.001	0.784	0.001
0.042	0.001	0.043	0.914
0.001	0.152	0.001	0.846
0.182	0.001	0.816	0.001
0.001	0.287	0.505	0.207
0.145	0.001	0.001	0.853
>AWACGAGA	10-AWACGAGA	8.683893	-5.664479	0	T:6.0(6.67%),B:770.4(1.61%),P:1e-2	Tpos:117.6,Tstd:82.2,Bpos:305.9,Bstd:199.5,StrandBias:0.4,Multiplicity:1.17
0.997	0.001	0.001	0.001
0.557	0.001	0.001	0.441
0.997	0.001	0.001	0.001
0.001	0.765	0.001	0.233
0.001	0.001	0.997	0.001
0.845	0.153	0.001	0.001
0.001	0.001	0.678	0.320
0.997	0.001	0.001	0.001
>TTACTTAC	11-TTACTTAC	7.913676	-5.339862	0	T:10.0(11.11%),B:2019.6(4.23%),P:1e-2	Tpos:335.1,Tstd:271.9,Bpos:318.6,Bstd:184.3,StrandBias:1.1,Multiplicity:1.78
0.001	0.001	0.001	0.997
0.001	0.001	0.001	0.997
0.997	0.001	0.001	0.001
0.001	0.997	0.001	0.001
0.001	0.001	0.001	0.997
0.001	0.131	0.001	0.867
0.949	0.001	0.049	0.001
0.001	0.997	0.001	0.001
>AACGCACG	12-AACGCACG	6.506007	-5.179643	0	T:16.0(17.78%),B:4243.5(8.89%),P:1e-2	Tpos:506.0,Tstd:688.7,Bpos:303.6,Bstd:201.9,StrandBias:1.7,Multiplicity:1.81
0.681	0.001	0.198	0.120
0.767	0.061	0.055	0.117
0.001	0.746	0.024	0.229
0.001	0.066	0.932	0.001
0.001	0.997	0.001	0.001
0.788	0.062	0.001	0.149
0.001	0.950	0.048	0.001
0.276	0.001	0.649	0.074
>TGGAATAT	13-TGGAATAT	9.131380	-5.044751	0	T:8.0(8.89%),B:1460.2(3.06%),P:1e-2	Tpos:575.6,Tstd:1017.3,Bpos:313.5,Bstd:193.3,StrandBias:2.2,Multiplicity:2.12
0.001	0.144	0.001	0.854
0.001	0.001	0.997	0.001
0.001	0.001	0.997	0.001
0.997	0.001	0.001	0.001
0.997	0.001	0.001	0.001
0.001	0.001	0.001	0.997
0.997	0.001	0.001	0.001
0.001	0.001	0.001	0.997
>CTGTAGGA	14-CTGTAGGA	10.997826	-4.383832	0	T:6.0(6.67%),B:1012.8(2.12%),P:1e-1	Tpos:246.6,Tstd:175.2,Bpos:306.0,Bstd:197.2,StrandBias:3.7,Multiplicity:2.33
0.001	0.997	0.001	0.001
0.001	0.001	0.001	0.997
0.067	0.001	0.931	0.001
0.001	0.001	0.001	0.997
0.997	0.001	0.001	0.001
0.001	0.001	0.997	0.001
0.001	0.001	0.997	0.001
0.997	0.001	0.001	0.001
>ACTGAAAA	15-ACTGAAAA	7.837703	-4.032695	0	T:14.0(15.56%),B:4003.6(8.39%),P:1e-1	Tpos:290.0,Tstd:184.7,Bpos:311.6,Bstd:191.6,StrandBias:1.6,Multiplicity:2.36
0.997	0.001	0.001	0.001
0.001	0.997	0.001	0.001
0.001	0.045	0.001	0.953
0.001	0.001	0.997	0.001
0.875	0.001	0.001	0.123
0.997	0.001	0.001	0.001
0.997	0.001	0.001	0.001
0.997	0.001	0.001	0.001
>TCCTCCTC	16-TCCTCCTC	3.817758	-2.652859	0	T:42.0(46.67%),B:18377.3(38.52%),P:1e-1	Tpos:465.6,Tstd:684.1,Bpos:312.6,Bstd:184.1,StrandBias:-1.3,Multiplicity:1.88
0.001	0.001	0.001	0.997
0.001	0.997	0.001	0.001
0.001	0.868	0.001	0.130
0.001	0.001	0.001	0.997
0.030	0.890	0.079	0.001
0.001	0.812	0.001	0.186
0.001	0.001	0.001	0.997
0.001	0.997	0.001	0.001
>TCTTTCTT	17-TCTTTCTT	8.580408	-1.873337	0	T:16.0(17.78%),B:6461.8(13.54%),P:1e0	Tpos:428.2,Tstd:562.3,Bpos:305.6,Bstd:173.9,StrandBias:1.5,Multiplicity:4.56
0.001	0.001	0.001	0.997
0.001	0.997	0.001	0.001
0.001	0.001	0.001	0.997
0.001	0.001	0.001	0.997
0.083	0.001	0.001	0.915
0.001	0.997	0.001	0.001
0.001	0.001	0.001	0.997
0.001	0.001	0.001	0.997
