>TGCGGAAT	1-TGCGGAAT	5.944269	-20.842232	0	T:182.0(24.07%),B:7426.3(15.58%),P:1e-9	Tpos:262.8,Tstd:392.2,Bpos:183.6,Bstd:113.9,StrandBias:0.3,Multiplicity:1.25
0.157	0.083	0.031	0.729
0.170	0.190	0.639	0.001
0.196	0.679	0.124	0.001
0.058	0.008	0.790	0.144
0.183	0.001	0.812	0.004
0.851	0.147	0.001	0.001
0.721	0.001	0.110	0.168
0.159	0.001	0.060	0.780
>CCTAGGGG	2-CCTAGGGG	7.394806	-19.252344	0	T:94.0(12.43%),B:3148.7(6.61%),P:1e-8	Tpos:273.3,Tstd:537.6,Bpos:182.7,Bstd:111.2,StrandBias:-0.3,Multiplicity:1.09
0.001	0.877	0.106	0.016
0.009	0.945	0.032	0.014
0.001	0.001	0.001	0.997
0.886	0.001	0.057	0.056
0.088	0.043	0.868	0.001
0.001	0.062	0.915	0.022
0.060	0.001	0.938	0.001
0.118	0.180	0.672	0.030
>CATTCTBA	3-CATTCTBA	7.272828	-16.092250	0	T:115.0(15.21%),B:4404.2(9.24%),P:1e-6	Tpos:300.2,Tstd:567.7,Bpos:184.1,Bstd:107.1,StrandBias:-0.3,Multiplicity:1.16
0.001	0.973	0.025	0.001
0.929	0.001	0.069	0.001
0.208	0.104	0.058	0.630
0.104	0.001	0.001	0.894
0.081	0.837	0.001	0.081
0.278	0.025	0.005	0.692
0.001	0.325	0.380	0.294
0.768	0.121	0.010	0.101
>ACCGAACC	4-ACCGAACC	5.521828	-15.409164	0	T:162.0(21.43%),B:6917.6(14.52%),P:1e-6	Tpos:326.2,Tstd:559.0,Bpos:184.1,Bstd:118.8,StrandBias:0.2,Multiplicity:1.26
0.966	0.032	0.001	0.001
0.001	0.997	0.001	0.001
0.001	0.635	0.363	0.001
0.013	0.044	0.942	0.001
0.788	0.001	0.210	0.001
0.710	0.001	0.047	0.242
0.001	0.954	0.044	0.001
0.001	0.997	0.001	0.001
>GTKTATGG	5-GTKTATGG	6.200303	-15.110607	0	T:49.0(6.48%),B:1383.6(2.90%),P:1e-6	Tpos:397.2,Tstd:722.3,Bpos:185.6,Bstd:105.3,StrandBias:0.2,Multiplicity:1.14
0.060	0.001	0.938	0.001
0.001	0.001	0.001	0.997
0.001	0.001	0.528	0.470
0.001	0.001	0.001	0.997
0.997	0.001	0.001	0.001
0.001	0.001	0.001	0.997
0.001	0.241	0.757	0.001
0.001	0.001	0.997	0.001
>ATAYGTCG	6-ATAYGTCG	7.960193	-15.004730	0	T:18.0(2.38%),B:258.2(0.54%),P:1e-6	Tpos:243.4,Tstd:165.2,Bpos:193.7,Bstd:112.1,StrandBias:1.2,Multiplicity:1.67
0.901	0.001	0.097	0.001
0.001	0.246	0.001	0.752
0.997	0.001	0.001	0.001
0.001	0.457	0.001	0.541
0.090	0.097	0.812	0.001
0.001	0.001	0.416	0.582
0.222	0.776	0.001	0.001
0.001	0.001	0.997	0.001
>CGSWTTTT	7-CGSWTTTT	6.727140	-14.941668	0	T:71.0(9.39%),B:2365.0(4.96%),P:1e-6	Tpos:254.8,Tstd:296.1,Bpos:187.0,Bstd:119.7,StrandBias:0.0,Multiplicity:1.07
0.001	0.997	0.001	0.001
0.257	0.056	0.498	0.189
0.001	0.553	0.413	0.033
0.425	0.106	0.090	0.379
0.093	0.104	0.152	0.651
0.257	0.027	0.009	0.707
0.001	0.280	0.001	0.718
0.001	0.151	0.001	0.847
>TCGGCTTT	8-TCGGCTTT	4.624639	-14.922988	0	T:285.0(37.70%),B:13922.4(29.22%),P:1e-6	Tpos:263.8,Tstd:433.8,Bpos:185.0,Bstd:116.0,StrandBias:0.1,Multiplicity:1.39
0.109	0.207	0.181	0.503
0.145	0.659	0.140	0.056
0.220	0.194	0.476	0.111
0.121	0.072	0.560	0.247
0.184	0.462	0.098	0.256
0.144	0.173	0.119	0.564
0.111	0.114	0.111	0.664
0.064	0.121	0.188	0.627
