>AACCCTGT	1-AACCCTGT	8.236954	-101.517087	0	T:476.0(15.68%),B:3695.0(7.97%),P:1e-44	Tpos:282.5,Tstd:246.8,Bpos:238.4,Bstd:164.1,StrandBias:0.1,Multiplicity:1.08
0.700	0.100	0.100	0.100
0.700	0.100	0.100	0.100
0.100	0.700	0.100	0.100
0.100	0.700	0.100	0.100
0.100	0.700	0.100	0.100
0.100	0.100	0.100	0.700
0.100	0.100	0.700	0.100
0.100	0.100	0.100	0.700
>CCTBAGGC	2-CCTBAGGC	9.610948	-82.917561	0	T:315.0(10.38%),B:2212.2(4.77%),P:1e-36	Tpos:385.4,Tstd:246.4,Bpos:235.5,Bstd:149.3,StrandBias:0.1,Multiplicity:1.09
0.001	0.972	0.001	0.026
0.001	0.997	0.001	0.001
0.001	0.032	0.001	0.966
0.048	0.262	0.314	0.376
0.973	0.001	0.025	0.001
0.001	0.007	0.991	0.001
0.001	0.124	0.854	0.021
0.036	0.941	0.022	0.001
>CTKGAACT	3-CTKGAACT	7.572920	-65.865622	0	T:734.0(24.18%),B:7537.8(16.26%),P:1e-28	Tpos:306.4,Tstd:251.2,Bpos:237.8,Bstd:159.8,StrandBias:-0.3,Multiplicity:1.44
0.035	0.812	0.109	0.044
0.029	0.026	0.219	0.726
0.091	0.208	0.340	0.361
0.090	0.001	0.908	0.001
0.949	0.003	0.019	0.029
0.775	0.166	0.021	0.038
0.341	0.600	0.004	0.055
0.285	0.079	0.032	0.604
>CAAACAAA	4-CAAACAAA	10.467770	-65.577575	0	T:463.0(15.26%),B:4147.6(8.95%),P:1e-28	Tpos:293.8,Tstd:257.7,Bpos:237.9,Bstd:168.7,StrandBias:0.2,Multiplicity:2.26
0.389	0.609	0.001	0.001
0.985	0.001	0.013	0.001
0.997	0.001	0.001	0.001
0.997	0.001	0.001	0.001
0.090	0.908	0.001	0.001
0.997	0.001	0.001	0.001
0.997	0.001	0.001	0.001
0.997	0.001	0.001	0.001
>TGTGTAGC	5-TGTGTAGC	8.236954	-62.043673	0	T:337.0(11.10%),B:2746.5(5.92%),P:1e-26	Tpos:304.9,Tstd:266.5,Bpos:240.6,Bstd:164.7,StrandBias:-0.1,Multiplicity:1.05
0.100	0.100	0.100	0.700
0.100	0.100	0.700	0.100
0.100	0.100	0.100	0.700
0.100	0.100	0.700	0.100
0.100	0.100	0.100	0.700
0.700	0.100	0.100	0.100
0.100	0.100	0.700	0.100
0.100	0.700	0.100	0.100
>CCAGGCTG	6-CCAGGCTG	9.252679	-57.720928	0	T:841.0(27.71%),B:9187.7(19.82%),P:1e-25	Tpos:300.2,Tstd:247.4,Bpos:237.5,Bstd:157.2,StrandBias:-0.2,Multiplicity:1.40
0.001	0.975	0.001	0.023
0.001	0.950	0.011	0.038
0.726	0.001	0.001	0.272
0.001	0.001	0.997	0.001
0.026	0.179	0.770	0.025
0.001	0.941	0.001	0.057
0.085	0.016	0.001	0.898
0.024	0.001	0.974	0.001
>ACCACGCC	7-ACCACGCC	7.132235	-55.557734	0	T:702.0(23.13%),B:7399.0(15.96%),P:1e-24	Tpos:334.2,Tstd:270.7,Bpos:239.4,Bstd:149.1,StrandBias:0.1,Multiplicity:1.26
0.864	0.001	0.122	0.013
0.026	0.924	0.010	0.040
0.001	0.995	0.003	0.001
0.929	0.045	0.015	0.011
0.066	0.828	0.001	0.105
0.240	0.001	0.736	0.023
0.014	0.984	0.001	0.001
0.001	0.997	0.001	0.001
>WRGAATGT	8-WRGAATGT	6.881572	-52.887012	0	T:723.0(23.82%),B:7753.6(16.72%),P:1e-22	Tpos:329.8,Tstd:250.0,Bpos:239.0,Bstd:141.8,StrandBias:-0.1,Multiplicity:1.21
0.479	0.024	0.001	0.496
0.472	0.019	0.508	0.001
0.091	0.001	0.795	0.113
0.997	0.001	0.001	0.001
0.742	0.120	0.001	0.137
0.001	0.001	0.001	0.997
0.001	0.001	0.847	0.151
0.123	0.269	0.001	0.607
>CCCSAGGC	9-CCCSAGGC	7.123933	-48.264246	0	T:497.0(16.38%),B:4951.0(10.68%),P:1e-20	Tpos:394.0,Tstd:281.0,Bpos:240.7,Bstd:146.9,StrandBias:0.2,Multiplicity:1.26
0.172	0.574	0.042	0.212
0.051	0.616	0.146	0.187
0.082	0.828	0.089	0.001
0.158	0.404	0.324	0.113
0.593	0.001	0.346	0.060
0.001	0.107	0.891	0.001
0.001	0.001	0.997	0.001
0.001	0.694	0.304	0.001
>GGCTTAAA	10-GGCTTAAA	7.428208	-44.868087	0	T:484.0(15.95%),B:4873.7(10.51%),P:1e-19	Tpos:320.2,Tstd:245.0,Bpos:237.1,Bstd:160.1,StrandBias:-0.0,Multiplicity:1.12
0.095	0.009	0.880	0.016
0.064	0.231	0.614	0.091
0.184	0.697	0.016	0.103
0.075	0.114	0.046	0.765
0.077	0.152	0.047	0.724
0.751	0.048	0.062	0.139
0.784	0.052	0.065	0.099
0.792	0.104	0.040	0.064
>AAAACAAA	11-AAAACAAA	8.894820	-44.526118	0	T:829.0(27.31%),B:9457.6(20.40%),P:1e-19	Tpos:279.2,Tstd:251.1,Bpos:239.3,Bstd:169.0,StrandBias:-0.1,Multiplicity:2.06
0.997	0.001	0.001	0.001
0.904	0.094	0.001	0.001
0.997	0.001	0.001	0.001
0.855	0.143	0.001	0.001
0.001	0.997	0.001	0.001
0.874	0.124	0.001	0.001
0.997	0.001	0.001	0.001
0.997	0.001	0.001	0.001
>GGCATGCG	12-GGCATGCG	8.616956	-39.204275	0	T:368.0(12.13%),B:3564.2(7.69%),P:1e-17	Tpos:327.3,Tstd:254.5,Bpos:237.6,Bstd:155.9,StrandBias:-0.0,Multiplicity:1.16
0.001	0.037	0.961	0.001
0.014	0.001	0.984	0.001
0.008	0.990	0.001	0.001
0.775	0.001	0.194	0.030
0.001	0.001	0.226	0.772
0.041	0.001	0.957	0.001
0.001	0.718	0.001	0.280
0.071	0.001	0.875	0.053
>CCTAGGTT	13-CCTAGGTT	7.051171	-29.173999	0	T:755.0(24.88%),B:9035.3(19.49%),P:1e-12	Tpos:340.7,Tstd:281.9,Bpos:238.2,Bstd:148.8,StrandBias:0.1,Multiplicity:1.15
0.051	0.623	0.311	0.015
0.037	0.864	0.072	0.027
0.001	0.400	0.039	0.560
0.628	0.370	0.001	0.001
0.001	0.001	0.997	0.001
0.031	0.176	0.792	0.001
0.001	0.222	0.160	0.617
0.001	0.001	0.089	0.909
>CAGRAATC	14-CAGRAATC	6.148073	-28.961390	0	T:801.0(26.39%),B:9688.3(20.90%),P:1e-12	Tpos:308.5,Tstd:263.9,Bpos:237.1,Bstd:148.7,StrandBias:-0.1,Multiplicity:1.17
0.001	0.788	0.001	0.210
0.895	0.026	0.078	0.001
0.001	0.001	0.997	0.001
0.349	0.174	0.370	0.107
0.954	0.001	0.044	0.001
0.997	0.001	0.001	0.001
0.001	0.001	0.001	0.997
0.002	0.996	0.001	0.001
>TGCGTCCC	15-TGCGTCCC	8.252383	-24.025561	0	T:459.0(15.12%),B:5197.5(11.21%),P:1e-10	Tpos:323.7,Tstd:276.2,Bpos:238.0,Bstd:154.2,StrandBias:0.0,Multiplicity:1.07
0.001	0.001	0.001	0.997
0.193	0.001	0.805	0.001
0.001	0.997	0.001	0.001
0.001	0.159	0.839	0.001
0.001	0.161	0.001	0.837
0.001	0.836	0.001	0.162
0.001	0.997	0.001	0.001
0.001	0.687	0.125	0.187
>GTMTGTAK	16-GTMTGTAK	7.881976	-22.929710	0	T:690.0(22.73%),B:8414.3(18.15%),P:1e-9	Tpos:300.6,Tstd:262.1,Bpos:236.4,Bstd:151.1,StrandBias:-0.1,Multiplicity:1.25
0.001	0.179	0.819	0.001
0.001	0.001	0.001	0.997
0.473	0.521	0.001	0.005
0.001	0.001	0.001	0.997
0.001	0.001	0.997	0.001
0.001	0.001	0.001	0.997
0.997	0.001	0.001	0.001
0.001	0.001	0.558	0.440
>GACTTGAC	17-GACTTGAC	6.322770	-21.386257	0	T:767.0(25.27%),B:9578.7(20.66%),P:1e-9	Tpos:316.6,Tstd:283.7,Bpos:240.4,Bstd:146.4,StrandBias:-0.0,Multiplicity:1.18
0.140	0.001	0.773	0.086
0.980	0.018	0.001	0.001
0.019	0.749	0.085	0.147
0.001	0.134	0.001	0.864
0.001	0.126	0.001	0.872
0.191	0.174	0.632	0.003
0.559	0.368	0.004	0.069
0.001	0.949	0.001	0.049
>GCTCGGTC	18-GCTCGGTC	7.962504	-21.165347	0	T:185.0(6.10%),B:1762.8(3.80%),P:1e-9	Tpos:312.9,Tstd:269.6,Bpos:243.8,Bstd:147.1,StrandBias:-0.1,Multiplicity:1.02
0.288	0.001	0.710	0.001
0.133	0.655	0.211	0.001
0.001	0.001	0.001	0.997
0.001	0.997	0.001	0.001
0.121	0.001	0.877	0.001
0.001	0.001	0.997	0.001
0.210	0.001	0.001	0.788
0.001	0.997	0.001	0.001
>AATTAAAT	19-AATTAAAT	9.942311	-19.770422	0	T:189.0(6.23%),B:1845.1(3.98%),P:1e-8	Tpos:270.7,Tstd:265.9,Bpos:235.3,Bstd:141.3,StrandBias:0.2,Multiplicity:1.06
0.997	0.001	0.001	0.001
0.997	0.001	0.001	0.001
0.001	0.001	0.001	0.997
0.001	0.001	0.001	0.997
0.997	0.001	0.001	0.001
0.674	0.324	0.001	0.001
0.997	0.001	0.001	0.001
0.001	0.001	0.001	0.997
>AGATCCGT	20-AGATCCGT	8.236954	-19.554476	0	T:30.0(0.99%),B:125.7(0.27%),P:1e-8	Tpos:265.0,Tstd:209.9,Bpos:240.5,Bstd:141.1,StrandBias:0.2,Multiplicity:1.00
0.700	0.100	0.100	0.100
0.100	0.100	0.700	0.100
0.700	0.100	0.100	0.100
0.100	0.100	0.100	0.700
0.100	0.700	0.100	0.100
0.100	0.700	0.100	0.100
0.100	0.100	0.700	0.100
0.100	0.100	0.100	0.700
>ATTAAGCC	21-ATTAAGCC	6.351072	-19.312347	0	T:196.0(6.46%),B:1943.5(4.19%),P:1e-8	Tpos:323.5,Tstd:273.9,Bpos:233.3,Bstd:145.9,StrandBias:-0.2,Multiplicity:1.08
0.997	0.001	0.001	0.001
0.001	0.001	0.001	0.997
0.001	0.001	0.001	0.997
0.997	0.001	0.001	0.001
0.997	0.001	0.001	0.001
0.001	0.001	0.997	0.001
0.001	0.559	0.106	0.334
0.001	0.914	0.084	0.001
>GACTTTGK	22-GACTTTGK	7.928924	-18.802816	0	T:493.0(16.24%),B:5877.2(12.68%),P:1e-8	Tpos:336.3,Tstd:290.0,Bpos:238.0,Bstd:151.7,StrandBias:-0.0,Multiplicity:1.14
0.001	0.148	0.818	0.033
0.997	0.001	0.001	0.001
0.001	0.997	0.001	0.001
0.001	0.360	0.001	0.638
0.001	0.001	0.001	0.997
0.105	0.042	0.001	0.852
0.023	0.001	0.975	0.001
0.001	0.001	0.453	0.545
>AGGTTCAG	23-AGGTTCAG	7.179273	-18.406581	0	T:240.0(7.91%),B:2522.9(5.44%),P:1e-7	Tpos:336.3,Tstd:292.3,Bpos:238.7,Bstd:147.4,StrandBias:-0.1,Multiplicity:1.14
0.889	0.109	0.001	0.001
0.001	0.001	0.997	0.001
0.001	0.001	0.997	0.001
0.001	0.001	0.001	0.997
0.001	0.001	0.001	0.997
0.001	0.997	0.001	0.001
0.997	0.001	0.001	0.001
0.187	0.001	0.811	0.001
>CAGCACTC	24-CAGCACTC	8.690699	-18.370037	0	T:465.0(15.32%),B:5513.1(11.89%),P:1e-7	Tpos:311.9,Tstd:267.9,Bpos:239.2,Bstd:149.6,StrandBias:-0.0,Multiplicity:1.09
0.001	0.997	0.001	0.001
0.997	0.001	0.001	0.001
0.001	0.001	0.997	0.001
0.001	0.840	0.001	0.158
0.758	0.131	0.110	0.001
0.001	0.997	0.001	0.001
0.001	0.001	0.001	0.997
0.001	0.997	0.001	0.001
>GACAACCA	25-GACAACCA	8.236954	-17.480189	0	T:96.0(3.16%),B:797.1(1.72%),P:1e-7	Tpos:296.3,Tstd:280.9,Bpos:241.3,Bstd:152.1,StrandBias:-0.5,Multiplicity:1.02
0.100	0.100	0.700	0.100
0.700	0.100	0.100	0.100
0.100	0.700	0.100	0.100
0.700	0.100	0.100	0.100
0.700	0.100	0.100	0.100
0.100	0.700	0.100	0.100
0.100	0.700	0.100	0.100
0.700	0.100	0.100	0.100
