>ATGCAAAT	1-ATGCAAAT	8.019482	-255.709949	0	T:1494.0(17.67%),B:3974.4(9.71%),P:1e-111	Tpos:473.3,Tstd:381.5,Bpos:326.5,Bstd:200.3,StrandBias:-0.0,Multiplicity:1.19
0.997	0.001	0.001	0.001
0.001	0.001	0.001	0.997
0.001	0.001	0.708	0.290
0.001	0.997	0.001	0.001
0.917	0.001	0.001	0.081
0.997	0.001	0.001	0.001
0.997	0.001	0.001	0.001
0.001	0.071	0.107	0.821
>CCCCACCC	2-CCCCACCC	8.844153	-241.937757	0	T:2817.0(33.31%),B:9368.7(22.89%),P:1e-105	Tpos:442.6,Tstd:394.0,Bpos:323.5,Bstd:200.0,StrandBias:-0.0,Multiplicity:1.57
0.001	0.997	0.001	0.001
0.001	0.775	0.001	0.223
0.139	0.859	0.001	0.001
0.001	0.997	0.001	0.001
0.997	0.001	0.001	0.001
0.001	0.997	0.001	0.001
0.001	0.997	0.001	0.001
0.001	0.997	0.001	0.001
>TGACCTTG	3-TGACCTTG	7.731343	-202.253267	0	T:1670.0(19.75%),B:4964.7(12.13%),P:1e-87	Tpos:458.4,Tstd:411.9,Bpos:322.0,Bstd:200.5,StrandBias:0.0,Multiplicity:1.20
0.131	0.043	0.001	0.825
0.093	0.001	0.905	0.001
0.997	0.001	0.001	0.001
0.001	0.997	0.001	0.001
0.001	0.997	0.001	0.001
0.001	0.001	0.001	0.997
0.001	0.001	0.001	0.997
0.001	0.001	0.907	0.091
>ACAATAGA	4-ACAATAGA	7.692578	-175.684617	0	T:1482.0(17.52%),B:4411.4(10.78%),P:1e-76	Tpos:488.6,Tstd:393.2,Bpos:325.0,Bstd:200.1,StrandBias:0.2,Multiplicity:1.18
0.997	0.001	0.001	0.001
0.001	0.997	0.001	0.001
0.997	0.001	0.001	0.001
0.997	0.001	0.001	0.001
0.258	0.001	0.001	0.740
0.997	0.001	0.001	0.001
0.001	0.001	0.997	0.001
0.866	0.132	0.001	0.001
>CCTTTGWW	5-CCTTTGWW	6.770633	-167.530026	0	T:2567.0(30.35%),B:8957.6(21.88%),P:1e-72	Tpos:475.5,Tstd:398.9,Bpos:323.7,Bstd:203.2,StrandBias:0.0,Multiplicity:1.33
0.123	0.547	0.329	0.001
0.044	0.481	0.182	0.293
0.122	0.074	0.178	0.626
0.001	0.001	0.001	0.997
0.001	0.001	0.001	0.997
0.144	0.139	0.608	0.109
0.496	0.121	0.001	0.382
0.458	0.067	0.027	0.448
>GCTAATTA	6-GCTAATTA	6.334425	-149.276117	0	T:1707.0(20.18%),B:5509.4(13.46%),P:1e-64	Tpos:492.3,Tstd:406.1,Bpos:321.5,Bstd:209.2,StrandBias:0.1,Multiplicity:1.26
0.055	0.135	0.763	0.047
0.027	0.614	0.134	0.225
0.187	0.126	0.092	0.595
0.819	0.076	0.038	0.067
0.888	0.011	0.028	0.073
0.059	0.005	0.073	0.863
0.068	0.041	0.121	0.770
0.688	0.074	0.142	0.096
>TAAATCGC	7-TAAATCGC	4.898296	-126.411054	0	T:2886.0(34.13%),B:10807.0(26.40%),P:1e-54	Tpos:471.3,Tstd:411.7,Bpos:321.2,Bstd:205.3,StrandBias:-0.0,Multiplicity:1.36
0.158	0.085	0.120	0.637
0.468	0.072	0.222	0.239
0.845	0.032	0.082	0.041
0.617	0.158	0.032	0.193
0.153	0.152	0.165	0.530
0.197	0.514	0.131	0.158
0.098	0.124	0.777	0.001
0.096	0.509	0.342	0.053
>TGGCGGAA	8-TGGCGGAA	7.497776	-125.070385	0	T:1608.0(19.01%),B:5314.8(12.98%),P:1e-54	Tpos:437.4,Tstd:372.1,Bpos:321.4,Bstd:203.2,StrandBias:-0.0,Multiplicity:1.15
0.001	0.001	0.001	0.997
0.001	0.001	0.997	0.001
0.001	0.001	0.997	0.001
0.001	0.816	0.182	0.001
0.001	0.001	0.997	0.001
0.001	0.001	0.997	0.001
0.997	0.001	0.001	0.001
0.844	0.001	0.154	0.001
>GRTGTTAA	9-GRTGTTAA	6.774021	-111.875891	0	T:2272.0(26.87%),B:8268.8(20.20%),P:1e-48	Tpos:465.3,Tstd:413.7,Bpos:320.7,Bstd:200.7,StrandBias:-0.0,Multiplicity:1.26
0.212	0.001	0.536	0.251
0.380	0.113	0.434	0.073
0.088	0.031	0.001	0.880
0.069	0.001	0.837	0.093
0.033	0.055	0.001	0.911
0.049	0.001	0.150	0.800
0.611	0.001	0.113	0.275
0.946	0.052	0.001	0.001
>AABAATGS	10-AABAATGS	7.672843	-85.097164	0	T:1725.0(20.40%),B:6219.3(15.19%),P:1e-36	Tpos:460.0,Tstd:386.5,Bpos:325.1,Bstd:200.3,StrandBias:-0.0,Multiplicity:1.19
0.997	0.001	0.001	0.001
0.997	0.001	0.001	0.001
0.001	0.385	0.275	0.339
0.997	0.001	0.001	0.001
0.908	0.001	0.090	0.001
0.268	0.164	0.114	0.454
0.163	0.001	0.835	0.001
0.001	0.423	0.400	0.177
>TCCTTGAA	11-TCCTTGAA	8.526383	-82.974705	0	T:762.0(9.01%),B:2289.6(5.59%),P:1e-36	Tpos:434.0,Tstd:397.1,Bpos:323.8,Bstd:202.7,StrandBias:-0.1,Multiplicity:1.12
0.001	0.001	0.001	0.997
0.001	0.843	0.155	0.001
0.001	0.997	0.001	0.001
0.001	0.001	0.093	0.905
0.001	0.001	0.001	0.997
0.001	0.001	0.997	0.001
0.997	0.001	0.001	0.001
0.997	0.001	0.001	0.001
>YCWTTCAG	12-YCWTTCAG	7.073943	-79.059035	0	T:2768.0(32.73%),B:10921.2(26.68%),P:1e-34	Tpos:457.1,Tstd:408.2,Bpos:321.9,Bstd:200.3,StrandBias:0.0,Multiplicity:1.28
0.144	0.344	0.179	0.333
0.001	0.682	0.156	0.161
0.512	0.001	0.001	0.486
0.001	0.001	0.001	0.997
0.001	0.001	0.001	0.997
0.001	0.802	0.001	0.196
0.779	0.219	0.001	0.001
0.278	0.086	0.577	0.059
>TTAGCTAT	13-TTAGCTAT	8.236954	-78.843724	0	T:271.0(3.20%),B:564.3(1.38%),P:1e-34	Tpos:426.7,Tstd:355.2,Bpos:325.4,Bstd:199.6,StrandBias:-0.0,Multiplicity:1.02
0.100	0.100	0.100	0.700
0.100	0.100	0.100	0.700
0.700	0.100	0.100	0.100
0.100	0.100	0.700	0.100
0.100	0.700	0.100	0.100
0.100	0.100	0.100	0.700
0.700	0.100	0.100	0.100
0.100	0.100	0.100	0.700
>GCACTTAT	14-GCACTTAT	8.304702	-78.354838	0	T:232.0(2.74%),B:447.1(1.09%),P:1e-34	Tpos:369.0,Tstd:358.3,Bpos:328.8,Bstd:205.7,StrandBias:-0.1,Multiplicity:1.01
0.001	0.001	0.997	0.001
0.001	0.997	0.001	0.001
0.935	0.001	0.063	0.001
0.001	0.997	0.001	0.001
0.001	0.001	0.001	0.997
0.001	0.001	0.001	0.997
0.997	0.001	0.001	0.001
0.001	0.001	0.001	0.997
>ACCCCCTG	15-ACCCCCTG	6.501416	-74.713464	0	T:1459.0(17.25%),B:5207.6(12.72%),P:1e-32	Tpos:448.9,Tstd:401.5,Bpos:327.0,Bstd:199.3,StrandBias:0.1,Multiplicity:1.12
0.997	0.001	0.001	0.001
0.001	0.997	0.001	0.001
0.001	0.997	0.001	0.001
0.001	0.617	0.001	0.381
0.001	0.958	0.040	0.001
0.001	0.997	0.001	0.001
0.001	0.001	0.321	0.677
0.001	0.001	0.997	0.001
>TAAAWGMC	16-TAAAWGMC	8.115105	-73.676072	0	T:1290.0(15.25%),B:4506.9(11.01%),P:1e-31	Tpos:449.5,Tstd:393.5,Bpos:326.7,Bstd:207.2,StrandBias:0.1,Multiplicity:1.15
0.001	0.001	0.087	0.911
0.755	0.110	0.001	0.134
0.997	0.001	0.001	0.001
0.997	0.001	0.001	0.001
0.451	0.044	0.108	0.397
0.001	0.112	0.886	0.001
0.519	0.479	0.001	0.001
0.001	0.608	0.390	0.001
>CCTTTGTC	17-CCTTTGTC	7.105953	-70.106812	0	T:782.0(9.25%),B:2469.0(6.03%),P:1e-30	Tpos:450.5,Tstd:414.6,Bpos:321.3,Bstd:196.6,StrandBias:0.1,Multiplicity:1.07
0.001	0.997	0.001	0.001
0.001	0.916	0.082	0.001
0.231	0.001	0.001	0.767
0.001	0.001	0.001	0.997
0.001	0.001	0.001	0.997
0.001	0.001	0.997	0.001
0.001	0.001	0.001	0.997
0.001	0.997	0.001	0.001
>TAGTAAAC	18-TAGTAAAC	8.236954	-65.377626	0	T:200.0(2.36%),B:393.4(0.96%),P:1e-28	Tpos:412.3,Tstd:368.4,Bpos:327.9,Bstd:210.7,StrandBias:-0.1,Multiplicity:1.02
0.100	0.100	0.100	0.700
0.700	0.100	0.100	0.100
0.100	0.100	0.700	0.100
0.100	0.100	0.100	0.700
0.700	0.100	0.100	0.100
0.700	0.100	0.100	0.100
0.700	0.100	0.100	0.100
0.100	0.700	0.100	0.100
>CGGAATTC	19-CGGAATTC	7.601267	-60.471397	0	T:1177.0(13.92%),B:4183.0(10.22%),P:1e-26	Tpos:420.9,Tstd:377.2,Bpos:324.2,Bstd:201.7,StrandBias:-0.0,Multiplicity:1.17
0.084	0.740	0.001	0.175
0.165	0.001	0.597	0.237
0.001	0.035	0.958	0.006
0.958	0.040	0.001	0.001
0.980	0.018	0.001	0.001
0.019	0.040	0.001	0.940
0.001	0.001	0.012	0.986
0.090	0.883	0.019	0.008
>TGWCTTGG	20-TGWCTTGG	7.336056	-58.234139	0	T:1755.0(20.75%),B:6708.5(16.39%),P:1e-25	Tpos:470.4,Tstd:416.9,Bpos:322.3,Bstd:199.7,StrandBias:0.0,Multiplicity:1.24
0.123	0.066	0.001	0.810
0.075	0.001	0.820	0.104
0.455	0.073	0.077	0.394
0.189	0.730	0.001	0.080
0.001	0.001	0.032	0.966
0.001	0.049	0.127	0.823
0.155	0.054	0.586	0.205
0.016	0.041	0.880	0.063
>AATCTCCT	21-AATCTCCT	10.075070	-55.608889	0	T:596.0(7.05%),B:1861.5(4.55%),P:1e-24	Tpos:461.7,Tstd:409.8,Bpos:321.3,Bstd:200.5,StrandBias:-0.1,Multiplicity:1.07
0.997	0.001	0.001	0.001
0.997	0.001	0.001	0.001
0.001	0.001	0.001	0.997
0.001	0.997	0.001	0.001
0.001	0.001	0.001	0.997
0.001	0.997	0.001	0.001
0.001	0.997	0.001	0.001
0.370	0.001	0.001	0.628
>GATCCATA	22-GATCCATA	8.236954	-47.792934	0	T:169.0(2.00%),B:359.7(0.88%),P:1e-20	Tpos:362.9,Tstd:320.2,Bpos:338.1,Bstd:190.8,StrandBias:-0.0,Multiplicity:1.02
0.100	0.100	0.700	0.100
0.700	0.100	0.100	0.100
0.100	0.100	0.100	0.700
0.100	0.700	0.100	0.100
0.100	0.700	0.100	0.100
0.700	0.100	0.100	0.100
0.100	0.100	0.100	0.700
0.700	0.100	0.100	0.100
>TTGGAACA	23-TTGGAACA	8.518276	-46.463298	0	T:400.0(4.73%),B:1179.9(2.88%),P:1e-20	Tpos:402.1,Tstd:338.3,Bpos:315.3,Bstd:195.2,StrandBias:0.1,Multiplicity:1.04
0.001	0.001	0.001	0.997
0.001	0.078	0.001	0.920
0.001	0.001	0.997	0.001
0.001	0.001	0.997	0.001
0.997	0.001	0.001	0.001
0.997	0.001	0.001	0.001
0.001	0.997	0.001	0.001
0.997	0.001	0.001	0.001
>CTSCCGCT	24-CTSCCGCT	7.947393	-40.749885	0	T:924.0(10.93%),B:3361.1(8.21%),P:1e-17	Tpos:407.7,Tstd:372.8,Bpos:328.3,Bstd:199.5,StrandBias:0.0,Multiplicity:1.15
0.318	0.507	0.080	0.095
0.032	0.008	0.001	0.959
0.001	0.469	0.529	0.001
0.001	0.997	0.001	0.001
0.001	0.887	0.111	0.001
0.210	0.001	0.788	0.001
0.002	0.995	0.002	0.001
0.001	0.001	0.090	0.908
>CGTTAGTC	25-CGTTAGTC	8.236954	-39.345774	0	T:65.0(0.77%),B:87.7(0.21%),P:1e-17	Tpos:318.3,Tstd:288.3,Bpos:305.5,Bstd:193.5,StrandBias:-0.3,Multiplicity:1.00
0.100	0.700	0.100	0.100
0.100	0.100	0.700	0.100
0.100	0.100	0.100	0.700
0.100	0.100	0.100	0.700
0.700	0.100	0.100	0.100
0.100	0.100	0.700	0.100
0.100	0.100	0.100	0.700
0.100	0.700	0.100	0.100
