>YCTTATCT	1-YCTTATCT	7.843151	-672.899539	0	T:1329.0(16.36%),B:2079.4(5.22%),P:1e-292	Tpos:247.2,Tstd:230.5,Bpos:191.6,Bstd:121.6,StrandBias:-0.0,Multiplicity:1.25
0.095	0.303	0.150	0.451
0.033	0.508	0.321	0.138
0.001	0.141	0.052	0.806
0.119	0.008	0.019	0.854
0.973	0.007	0.009	0.011
0.015	0.031	0.021	0.933
0.018	0.971	0.001	0.010
0.101	0.029	0.029	0.841
>GCYACACC	2-GCYACACC	6.664161	-551.408977	0	T:3393.0(41.77%),B:9943.3(24.96%),P:1e-239	Tpos:260.5,Tstd:452.7,Bpos:186.5,Bstd:123.5,StrandBias:-0.0,Multiplicity:1.56
0.170	0.001	0.781	0.048
0.078	0.651	0.012	0.259
0.006	0.521	0.024	0.449
0.594	0.381	0.005	0.020
0.039	0.941	0.015	0.005
0.617	0.021	0.163	0.199
0.075	0.912	0.001	0.012
0.001	0.983	0.001	0.015
>WGGAATGC	3-WGGAATGC	8.739324	-483.909457	0	T:1277.0(15.72%),B:2398.8(6.02%),P:1e-210	Tpos:270.0,Tstd:343.9,Bpos:192.1,Bstd:115.3,StrandBias:0.0,Multiplicity:1.12
0.384	0.059	0.169	0.387
0.001	0.001	0.997	0.001
0.001	0.007	0.835	0.157
0.997	0.001	0.001	0.001
0.997	0.001	0.001	0.001
0.001	0.001	0.001	0.997
0.001	0.001	0.895	0.103
0.001	0.655	0.008	0.336
>ACAATAGA	4-ACAATAGA	9.600910	-378.933448	0	T:613.0(7.55%),B:800.0(2.01%),P:1e-164	Tpos:272.6,Tstd:351.8,Bpos:196.3,Bstd:122.8,StrandBias:0.1,Multiplicity:1.09
0.997	0.001	0.001	0.001
0.001	0.997	0.001	0.001
0.820	0.001	0.001	0.178
0.997	0.001	0.001	0.001
0.001	0.001	0.001	0.997
0.997	0.001	0.001	0.001
0.001	0.001	0.997	0.001
0.718	0.280	0.001	0.001
>YGATTGGC	5-YGATTGGC	6.867054	-350.395225	0	T:1466.0(18.05%),B:3483.3(8.74%),P:1e-152	Tpos:249.8,Tstd:457.6,Bpos:184.1,Bstd:121.8,StrandBias:0.0,Multiplicity:1.39
0.074	0.342	0.137	0.446
0.075	0.150	0.622	0.153
0.992	0.001	0.005	0.002
0.033	0.034	0.102	0.831
0.155	0.030	0.011	0.804
0.300	0.032	0.640	0.028
0.033	0.013	0.902	0.052
0.038	0.763	0.019	0.180
>RATTCCGG	6-RATTCCGG	4.936836	-307.030555	0	T:2451.0(30.17%),B:7492.4(18.81%),P:1e-133	Tpos:254.5,Tstd:342.0,Bpos:189.8,Bstd:130.6,StrandBias:0.1,Multiplicity:1.25
0.329	0.173	0.344	0.154
0.510	0.173	0.037	0.280
0.310	0.067	0.043	0.580
0.183	0.237	0.098	0.482
0.004	0.784	0.115	0.097
0.102	0.826	0.025	0.047
0.124	0.163	0.584	0.129
0.031	0.199	0.661	0.109
>CAAGGTCA	7-CAAGGTCA	8.492342	-302.316585	0	T:1140.0(14.03%),B:2559.5(6.43%),P:1e-131	Tpos:277.7,Tstd:323.8,Bpos:191.8,Bstd:118.5,StrandBias:0.0,Multiplicity:1.09
0.094	0.738	0.078	0.090
0.940	0.001	0.001	0.058
0.997	0.001	0.001	0.001
0.001	0.001	0.997	0.001
0.001	0.001	0.997	0.001
0.001	0.001	0.143	0.855
0.001	0.997	0.001	0.001
0.997	0.001	0.001	0.001
>ATTTGCAT	8-ATTTGCAT	9.532205	-300.335739	0	T:706.0(8.69%),B:1210.3(3.04%),P:1e-130	Tpos:264.8,Tstd:497.3,Bpos:189.0,Bstd:117.1,StrandBias:0.1,Multiplicity:1.11
0.997	0.001	0.001	0.001
0.001	0.001	0.001	0.997
0.001	0.001	0.001	0.997
0.215	0.001	0.001	0.783
0.001	0.001	0.997	0.001
0.001	0.997	0.001	0.001
0.997	0.001	0.001	0.001
0.001	0.001	0.001	0.997
>KAGATARC	9-KAGATARC	7.349043	-285.852484	0	T:1642.0(20.21%),B:4428.3(11.12%),P:1e-124	Tpos:273.6,Tstd:371.1,Bpos:191.3,Bstd:121.1,StrandBias:-0.0,Multiplicity:1.20
0.081	0.181	0.387	0.352
0.997	0.001	0.001	0.001
0.001	0.001	0.997	0.001
0.741	0.001	0.257	0.001
0.001	0.001	0.001	0.997
0.913	0.002	0.001	0.084
0.526	0.001	0.472	0.001
0.183	0.551	0.004	0.262
>YTGATAAS	10-YTGATAAS	8.953785	-280.233220	0	T:871.0(10.72%),B:1763.2(4.43%),P:1e-121	Tpos:262.5,Tstd:296.9,Bpos:194.2,Bstd:119.3,StrandBias:0.1,Multiplicity:1.06
0.001	0.449	0.001	0.549
0.001	0.001	0.001	0.997
0.001	0.001	0.997	0.001
0.579	0.001	0.001	0.419
0.001	0.001	0.001	0.997
0.997	0.001	0.001	0.001
0.997	0.001	0.001	0.001
0.001	0.521	0.477	0.001
>GGCGGGAC	11-GGCGGGAC	4.343688	-261.541635	0	T:1673.0(20.60%),B:4680.4(11.75%),P:1e-113	Tpos:274.8,Tstd:417.3,Bpos:186.0,Bstd:138.1,StrandBias:-0.1,Multiplicity:1.24
0.001	0.001	0.997	0.001
0.001	0.001	0.997	0.001
0.001	0.997	0.001	0.001
0.001	0.001	0.997	0.001
0.001	0.001	0.636	0.362
0.028	0.001	0.826	0.145
0.657	0.001	0.341	0.001
0.001	0.654	0.001	0.344
>GTAAATTC	12-GTAAATTC	10.649251	-255.082150	0	T:338.0(4.16%),B:366.0(0.92%),P:1e-110	Tpos:275.1,Tstd:232.6,Bpos:199.3,Bstd:127.1,StrandBias:0.1,Multiplicity:1.26
0.001	0.001	0.997	0.001
0.001	0.001	0.001	0.997
0.997	0.001	0.001	0.001
0.997	0.001	0.001	0.001
0.997	0.001	0.001	0.001
0.001	0.001	0.001	0.997
0.341	0.001	0.001	0.657
0.001	0.997	0.001	0.001
>GTAAAYAC	13-GTAAAYAC	7.299737	-253.324270	0	T:890.0(10.96%),B:1917.2(4.81%),P:1e-110	Tpos:277.7,Tstd:535.2,Bpos:195.8,Bstd:122.8,StrandBias:0.1,Multiplicity:1.06
0.001	0.056	0.724	0.219
0.092	0.001	0.001	0.906
0.866	0.001	0.040	0.093
0.997	0.001	0.001	0.001
0.697	0.002	0.001	0.300
0.189	0.346	0.092	0.374
0.556	0.003	0.192	0.249
0.001	0.664	0.096	0.239
>CCTTAGGC	14-CCTTAGGC	6.893828	-230.131713	0	T:1628.0(20.04%),B:4693.4(11.78%),P:1e-99	Tpos:275.3,Tstd:471.8,Bpos:193.3,Bstd:122.7,StrandBias:-0.1,Multiplicity:1.15
0.028	0.889	0.020	0.063
0.047	0.770	0.034	0.149
0.028	0.136	0.015	0.821
0.206	0.126	0.161	0.507
0.793	0.030	0.156	0.021
0.120	0.034	0.826	0.020
0.138	0.076	0.720	0.066
0.061	0.676	0.236	0.027
>AAGGAAGT	15-AAGGAAGT	7.726470	-219.250894	0	T:838.0(10.32%),B:1875.9(4.71%),P:1e-95	Tpos:273.3,Tstd:304.4,Bpos:192.6,Bstd:119.4,StrandBias:0.0,Multiplicity:1.15
0.997	0.001	0.001	0.001
0.952	0.046	0.001	0.001
0.001	0.001	0.997	0.001
0.001	0.001	0.997	0.001
0.788	0.001	0.210	0.001
0.969	0.029	0.001	0.001
0.001	0.001	0.997	0.001
0.001	0.001	0.001	0.997
>GTGGACTA	16-GTGGACTA	10.868429	-190.828136	0	T:253.0(3.11%),B:275.0(0.69%),P:1e-82	Tpos:264.1,Tstd:184.1,Bpos:184.2,Bstd:121.2,StrandBias:0.1,Multiplicity:1.01
0.001	0.001	0.997	0.001
0.001	0.001	0.001	0.997
0.001	0.001	0.997	0.001
0.001	0.001	0.997	0.001
0.818	0.001	0.001	0.180
0.001	0.997	0.001	0.001
0.001	0.001	0.001	0.997
0.997	0.001	0.001	0.001
>CTAAGTAT	17-CTAAGTAT	8.236954	-186.647288	0	T:260.0(3.20%),B:295.8(0.74%),P:1e-81	Tpos:279.3,Tstd:314.8,Bpos:198.3,Bstd:125.4,StrandBias:-0.1,Multiplicity:1.11
0.100	0.700	0.100	0.100
0.100	0.100	0.100	0.700
0.700	0.100	0.100	0.100
0.700	0.100	0.100	0.100
0.100	0.100	0.700	0.100
0.100	0.100	0.100	0.700
0.700	0.100	0.100	0.100
0.100	0.100	0.100	0.700
>TTCTAAGA	18-TTCTAAGA	8.695690	-182.782259	0	T:494.0(6.08%),B:916.8(2.30%),P:1e-79	Tpos:278.9,Tstd:377.6,Bpos:197.3,Bstd:123.1,StrandBias:0.1,Multiplicity:1.04
0.322	0.040	0.001	0.637
0.001	0.001	0.100	0.898
0.209	0.703	0.087	0.001
0.043	0.201	0.007	0.749
0.550	0.096	0.020	0.334
0.746	0.024	0.229	0.001
0.082	0.091	0.820	0.007
0.900	0.066	0.001	0.033
>AAGGKCGK	19-AAGGKCGK	6.602255	-178.404080	0	T:2162.0(26.62%),B:7248.5(18.20%),P:1e-77	Tpos:318.4,Tstd:725.6,Bpos:192.5,Bstd:121.0,StrandBias:-0.0,Multiplicity:1.29
0.863	0.001	0.029	0.107
0.907	0.006	0.063	0.024
0.086	0.001	0.831	0.082
0.051	0.023	0.890	0.036
0.236	0.001	0.331	0.432
0.028	0.693	0.001	0.278
0.130	0.052	0.569	0.249
0.114	0.009	0.512	0.365
>WAAGTCAC	20-WAAGTCAC	7.804261	-164.436191	0	T:851.0(10.48%),B:2161.5(5.43%),P:1e-71	Tpos:274.6,Tstd:418.3,Bpos:189.0,Bstd:119.8,StrandBias:-0.0,Multiplicity:1.18
0.304	0.120	0.129	0.447
0.616	0.001	0.382	0.001
0.473	0.314	0.212	0.001
0.001	0.001	0.997	0.001
0.001	0.001	0.001	0.997
0.001	0.997	0.001	0.001
0.917	0.081	0.001	0.001
0.001	0.705	0.293	0.001
>GAATTCCG	21-GAATTCCG	6.311317	-161.633056	0	T:1270.0(15.63%),B:3741.9(9.39%),P:1e-70	Tpos:314.8,Tstd:846.4,Bpos:189.6,Bstd:121.3,StrandBias:-0.0,Multiplicity:1.15
0.001	0.043	0.938	0.018
0.950	0.026	0.023	0.001
0.908	0.052	0.024	0.016
0.001	0.001	0.012	0.986
0.001	0.014	0.018	0.967
0.001	0.987	0.011	0.001
0.168	0.747	0.008	0.077
0.238	0.069	0.559	0.134
>TTTGAATG	22-TTTGAATG	10.022019	-152.358059	0	T:594.0(7.31%),B:1333.3(3.35%),P:1e-66	Tpos:305.3,Tstd:534.0,Bpos:194.3,Bstd:112.6,StrandBias:-0.1,Multiplicity:1.08
0.001	0.001	0.001	0.997
0.001	0.390	0.001	0.608
0.001	0.001	0.001	0.997
0.001	0.001	0.997	0.001
0.997	0.001	0.001	0.001
0.997	0.001	0.001	0.001
0.001	0.001	0.001	0.997
0.101	0.001	0.897	0.001
>TAGTTCCT	23-TAGTTCCT	10.590735	-151.665880	0	T:345.0(4.25%),B:574.9(1.44%),P:1e-65	Tpos:300.0,Tstd:442.7,Bpos:183.5,Bstd:121.4,StrandBias:0.2,Multiplicity:1.04
0.001	0.001	0.001	0.997
0.651	0.001	0.347	0.001
0.001	0.001	0.997	0.001
0.001	0.001	0.001	0.997
0.001	0.001	0.001	0.997
0.001	0.997	0.001	0.001
0.001	0.997	0.001	0.001
0.001	0.001	0.049	0.949
>CTATAGTT	24-CTATAGTT	10.649251	-135.543010	0	T:231.0(2.84%),B:312.3(0.78%),P:1e-58	Tpos:256.4,Tstd:226.6,Bpos:196.1,Bstd:114.0,StrandBias:0.2,Multiplicity:1.01
0.001	0.997	0.001	0.001
0.001	0.001	0.001	0.997
0.997	0.001	0.001	0.001
0.001	0.001	0.001	0.997
0.997	0.001	0.001	0.001
0.001	0.001	0.997	0.001
0.341	0.001	0.001	0.657
0.001	0.001	0.001	0.997
>TGGTTCCT	25-TGGTTCCT	8.236954	-72.636590	0	T:377.0(4.64%),B:952.6(2.39%),P:1e-31	Tpos:288.2,Tstd:290.8,Bpos:194.7,Bstd:114.1,StrandBias:-0.0,Multiplicity:1.14
0.100	0.100	0.100	0.700
0.100	0.100	0.700	0.100
0.100	0.100	0.700	0.100
0.100	0.100	0.100	0.700
0.100	0.100	0.100	0.700
0.100	0.700	0.100	0.100
0.100	0.700	0.100	0.100
0.100	0.100	0.100	0.700
