>CTWATCGA	1-CTWATCGA	7.399937	-40.016878	0	T:73.0(17.89%),B:2717.0(5.67%),P:1e-17	Tpos:306.0,Tstd:505.5,Bpos:218.9,Bstd:131.0,StrandBias:0.8,Multiplicity:1.49
0.001	0.856	0.001	0.142
0.001	0.001	0.001	0.997
0.474	0.001	0.001	0.524
0.997	0.001	0.001	0.001
0.001	0.001	0.001	0.997
0.001	0.997	0.001	0.001
0.001	0.001	0.766	0.232
0.490	0.244	0.264	0.001
>GTTATCGG	2-GTTATCGG	7.412635	-35.361569	0	T:74.0(18.14%),B:3040.2(6.35%),P:1e-15	Tpos:415.2,Tstd:793.7,Bpos:217.2,Bstd:132.6,StrandBias:-0.1,Multiplicity:1.17
0.001	0.267	0.731	0.001
0.001	0.001	0.001	0.997
0.057	0.001	0.001	0.941
0.997	0.001	0.001	0.001
0.001	0.001	0.001	0.997
0.001	0.990	0.008	0.001
0.001	0.001	0.655	0.343
0.001	0.148	0.552	0.299
>TATGGCGA	3-TATGGCGA	8.236954	-28.281284	0	T:12.0(2.94%),B:62.2(0.13%),P:1e-12	Tpos:528.0,Tstd:479.8,Bpos:218.2,Bstd:134.2,StrandBias:0.4,Multiplicity:3.67
0.100	0.100	0.100	0.700
0.700	0.100	0.100	0.100
0.100	0.100	0.100	0.700
0.100	0.100	0.700	0.100
0.100	0.100	0.700	0.100
0.100	0.700	0.100	0.100
0.100	0.100	0.700	0.100
0.700	0.100	0.100	0.100
>ATGACTCA	4-ATGACTCA	7.018933	-23.799913	0	T:92.0(22.55%),B:5350.6(11.17%),P:1e-10	Tpos:258.0,Tstd:285.8,Bpos:218.5,Bstd:125.9,StrandBias:-0.1,Multiplicity:1.15
0.687	0.163	0.149	0.001
0.001	0.001	0.001	0.997
0.001	0.001	0.997	0.001
0.981	0.001	0.001	0.017
0.072	0.579	0.239	0.110
0.001	0.049	0.001	0.949
0.001	0.925	0.073	0.001
0.970	0.001	0.011	0.018
>WGKAATKY	5-WGKAATKY	5.380599	-21.635341	0	T:78.0(19.12%),B:4376.6(9.14%),P:1e-9	Tpos:366.1,Tstd:529.6,Bpos:219.1,Bstd:132.6,StrandBias:-0.3,Multiplicity:1.18
0.450	0.126	0.047	0.378
0.032	0.362	0.605	0.001
0.225	0.103	0.390	0.282
0.616	0.283	0.001	0.100
0.539	0.117	0.246	0.098
0.096	0.304	0.001	0.599
0.184	0.001	0.400	0.414
0.001	0.467	0.152	0.380
>GATCTGGT	6-GATCTGGT	8.277056	-20.578716	0	T:59.0(14.46%),B:2938.5(6.14%),P:1e-8	Tpos:280.9,Tstd:390.9,Bpos:221.2,Bstd:129.5,StrandBias:0.8,Multiplicity:1.05
0.001	0.001	0.997	0.001
0.846	0.001	0.152	0.001
0.001	0.100	0.001	0.898
0.001	0.997	0.001	0.001
0.001	0.001	0.001	0.997
0.001	0.001	0.997	0.001
0.001	0.131	0.867	0.001
0.001	0.170	0.001	0.828
>GGAATGTG	7-GGAATGTG	8.008446	-16.303828	0	T:63.0(15.44%),B:3649.3(7.62%),P:1e-7	Tpos:353.7,Tstd:447.5,Bpos:217.4,Bstd:131.2,StrandBias:0.6,Multiplicity:1.63
0.038	0.122	0.839	0.001
0.053	0.001	0.945	0.001
0.997	0.001	0.001	0.001
0.977	0.001	0.001	0.021
0.001	0.001	0.001	0.997
0.255	0.121	0.623	0.001
0.001	0.015	0.001	0.983
0.044	0.170	0.669	0.117
>TCGTAATC	8-TCGTAATC	5.661582	-12.266608	0	T:91.0(22.30%),B:6732.9(14.06%),P:1e-5	Tpos:460.9,Tstd:854.4,Bpos:219.1,Bstd:134.4,StrandBias:0.3,Multiplicity:1.47
0.158	0.057	0.070	0.715
0.026	0.838	0.135	0.001
0.076	0.183	0.626	0.115
0.152	0.060	0.027	0.761
0.779	0.183	0.008	0.030
0.751	0.069	0.067	0.113
0.085	0.110	0.024	0.781
0.036	0.765	0.043	0.156
>TGTAGGAC	9-TGTAGGAC	8.236954	-11.228373	0	T:14.0(3.43%),B:403.1(0.84%),P:1e-4	Tpos:399.4,Tstd:318.2,Bpos:222.1,Bstd:134.5,StrandBias:0.2,Multiplicity:3.64
0.100	0.100	0.100	0.700
0.100	0.100	0.700	0.100
0.100	0.100	0.100	0.700
0.700	0.100	0.100	0.100
0.100	0.100	0.700	0.100
0.100	0.100	0.700	0.100
0.700	0.100	0.100	0.100
0.100	0.700	0.100	0.100
>ARAATGCG	10-ARAATGCG	7.000315	-10.594197	0	T:43.0(10.54%),B:2574.7(5.38%),P:1e-4	Tpos:482.3,Tstd:595.0,Bpos:217.2,Bstd:141.4,StrandBias:0.3,Multiplicity:2.53
0.931	0.067	0.001	0.001
0.467	0.001	0.385	0.147
0.885	0.001	0.001	0.113
0.950	0.048	0.001	0.001
0.001	0.062	0.001	0.936
0.001	0.120	0.878	0.001
0.056	0.942	0.001	0.001
0.001	0.001	0.997	0.001
>AAATGCAC	11-AAATGCAC	10.899720	-8.120408	0	T:18.0(4.41%),B:818.2(1.71%),P:1e-3	Tpos:505.5,Tstd:568.4,Bpos:234.6,Bstd:135.0,StrandBias:0.0,Multiplicity:2.22
0.997	0.001	0.001	0.001
0.844	0.154	0.001	0.001
0.997	0.001	0.001	0.001
0.001	0.001	0.001	0.997
0.001	0.001	0.997	0.001
0.001	0.997	0.001	0.001
0.997	0.001	0.001	0.001
0.001	0.997	0.001	0.001
>TTTTCAGT	12-TTTTCAGT	9.124412	-7.441906	0	T:27.0(6.62%),B:1578.6(3.30%),P:1e-3	Tpos:447.1,Tstd:354.8,Bpos:214.7,Bstd:141.3,StrandBias:-0.1,Multiplicity:3.93
0.001	0.001	0.001	0.997
0.001	0.001	0.001	0.997
0.001	0.001	0.001	0.997
0.001	0.001	0.001	0.997
0.001	0.997	0.001	0.001
0.855	0.143	0.001	0.001
0.001	0.001	0.997	0.001
0.001	0.001	0.001	0.997
>TGGTGGGG	13-TGGTGGGG	6.107507	-5.994676	0	T:101.0(24.75%),B:9105.2(19.01%),P:1e-2	Tpos:372.9,Tstd:673.9,Bpos:216.5,Bstd:133.7,StrandBias:0.1,Multiplicity:1.62
0.001	0.001	0.388	0.610
0.001	0.001	0.981	0.017
0.001	0.001	0.997	0.001
0.001	0.001	0.001	0.997
0.001	0.001	0.997	0.001
0.001	0.113	0.671	0.215
0.001	0.001	0.997	0.001
0.001	0.001	0.997	0.001
>TTGTTTCG	14-TTGTTTCG	8.350504	-5.366395	0	T:25.0(6.13%),B:1654.1(3.45%),P:1e-2	Tpos:229.3,Tstd:179.6,Bpos:216.9,Bstd:135.3,StrandBias:-0.3,Multiplicity:1.00
0.001	0.001	0.001	0.997
0.001	0.097	0.001	0.901
0.001	0.089	0.909	0.001
0.001	0.001	0.203	0.795
0.001	0.041	0.001	0.957
0.080	0.290	0.001	0.629
0.001	0.877	0.001	0.121
0.215	0.016	0.738	0.031
