>TGAGTCAC	1-TGAGTCAC	9.222358	-453.716205	0	T:3746.0(10.20%),B:2204.8(6.12%),P:1e-197	Tpos:432.7,Tstd:336.5,Bpos:354.0,Bstd:207.0,StrandBias:0.0,Multiplicity:1.11
0.001	0.001	0.001	0.997
0.001	0.001	0.997	0.001
0.997	0.001	0.001	0.001
0.040	0.241	0.718	0.001
0.001	0.001	0.001	0.997
0.001	0.997	0.001	0.001
0.997	0.001	0.001	0.001
0.001	0.661	0.119	0.219
>CCTBAGGC	2-CCTBAGGC	6.862587	-428.558484	0	T:14712.0(40.06%),B:11824.8(32.81%),P:1e-186	Tpos:488.1,Tstd:350.5,Bpos:355.7,Bstd:210.9,StrandBias:0.0,Multiplicity:1.43
0.001	0.997	0.001	0.001
0.001	0.960	0.010	0.029
0.001	0.060	0.014	0.925
0.098	0.298	0.307	0.298
0.971	0.001	0.027	0.001
0.001	0.001	0.997	0.001
0.001	0.001	0.997	0.001
0.015	0.883	0.089	0.013
>GCCCCGCC	3-GCCCCGCC	8.626339	-414.655851	0	T:9579.0(26.08%),B:7174.4(19.90%),P:1e-180	Tpos:539.7,Tstd:328.5,Bpos:327.4,Bstd:196.1,StrandBias:-0.0,Multiplicity:1.87
0.067	0.001	0.886	0.046
0.001	0.940	0.001	0.058
0.001	0.839	0.001	0.159
0.162	0.836	0.001	0.001
0.001	0.997	0.001	0.001
0.124	0.001	0.829	0.046
0.001	0.981	0.001	0.017
0.027	0.948	0.001	0.024
>HGGAATBY	4-HGGAATBY	7.707730	-374.245396	0	T:9277.0(25.26%),B:7010.2(19.45%),P:1e-162	Tpos:443.5,Tstd:364.3,Bpos:349.2,Bstd:217.2,StrandBias:0.0,Multiplicity:1.25
0.277	0.379	0.001	0.343
0.001	0.001	0.997	0.001
0.011	0.012	0.976	0.001
0.925	0.001	0.065	0.009
0.977	0.001	0.001	0.021
0.108	0.001	0.061	0.830
0.001	0.312	0.340	0.346
0.059	0.417	0.030	0.494
>CGCCACCT	5-CGCCACCT	8.012093	-348.885075	0	T:5378.0(14.64%),B:3695.8(10.25%),P:1e-151	Tpos:511.3,Tstd:367.1,Bpos:342.7,Bstd:217.3,StrandBias:0.0,Multiplicity:1.16
0.001	0.997	0.001	0.001
0.001	0.001	0.997	0.001
0.065	0.933	0.001	0.001
0.075	0.923	0.001	0.001
0.779	0.219	0.001	0.001
0.001	0.997	0.001	0.001
0.001	0.997	0.001	0.001
0.001	0.001	0.001	0.997
>CCCTAGGG	6-CCCTAGGG	6.830139	-320.786919	0	T:7505.0(20.44%),B:5585.1(15.49%),P:1e-139	Tpos:483.5,Tstd:365.2,Bpos:351.9,Bstd:205.1,StrandBias:0.0,Multiplicity:1.15
0.089	0.820	0.011	0.080
0.090	0.721	0.089	0.100
0.008	0.863	0.105	0.024
0.083	0.161	0.069	0.687
0.666	0.094	0.191	0.049
0.071	0.122	0.733	0.074
0.023	0.108	0.751	0.118
0.040	0.119	0.764	0.077
>ACTTCCCG	7-ACTTCCCG	6.663693	-281.645487	0	T:11408.0(31.06%),B:9221.9(25.58%),P:1e-122	Tpos:492.3,Tstd:365.8,Bpos:351.4,Bstd:214.7,StrandBias:-0.0,Multiplicity:1.37
0.830	0.069	0.061	0.040
0.033	0.864	0.052	0.051
0.032	0.039	0.034	0.895
0.001	0.020	0.001	0.978
0.001	0.972	0.012	0.015
0.011	0.980	0.008	0.001
0.001	0.629	0.156	0.214
0.001	0.027	0.889	0.083
>ACCGGTTT	8-ACCGGTTT	5.509019	-250.816236	0	T:7174.0(19.53%),B:5486.7(15.22%),P:1e-108	Tpos:498.2,Tstd:388.3,Bpos:352.8,Bstd:222.6,StrandBias:-0.0,Multiplicity:1.22
0.606	0.099	0.146	0.149
0.063	0.748	0.108	0.081
0.011	0.831	0.126	0.032
0.026	0.077	0.885	0.012
0.089	0.099	0.774	0.038
0.131	0.097	0.107	0.665
0.044	0.128	0.087	0.741
0.058	0.098	0.095	0.749
>DAKCCGGA	9-DAKCCGGA	5.482998	-233.030714	0	T:8750.0(23.83%),B:6955.1(19.30%),P:1e-101	Tpos:509.4,Tstd:368.4,Bpos:362.1,Bstd:219.4,StrandBias:-0.0,Multiplicity:1.28
0.237	0.142	0.310	0.311
0.611	0.001	0.017	0.371
0.215	0.001	0.378	0.406
0.145	0.559	0.001	0.295
0.001	0.866	0.132	0.001
0.001	0.200	0.798	0.001
0.001	0.391	0.607	0.001
0.471	0.209	0.137	0.184
>AAAGGWCG	10-AAAGGWCG	5.306498	-230.001493	0	T:7061.0(19.23%),B:5448.3(15.12%),P:1e-99	Tpos:497.6,Tstd:377.4,Bpos:350.5,Bstd:223.3,StrandBias:-0.0,Multiplicity:1.20
0.997	0.001	0.001	0.001
0.973	0.001	0.025	0.001
0.997	0.001	0.001	0.001
0.001	0.001	0.997	0.001
0.001	0.001	0.776	0.222
0.390	0.161	0.200	0.248
0.001	0.997	0.001	0.001
0.001	0.001	0.997	0.001
>GCGKWAAA	11-GCGKWAAA	5.525198	-199.041910	0	T:7057.0(19.22%),B:5543.3(15.38%),P:1e-86	Tpos:495.2,Tstd:384.9,Bpos:347.3,Bstd:228.0,StrandBias:-0.0,Multiplicity:1.18
0.045	0.082	0.849	0.024
0.001	0.886	0.001	0.112
0.001	0.082	0.843	0.074
0.156	0.159	0.280	0.405
0.274	0.075	0.247	0.403
0.680	0.150	0.087	0.083
0.798	0.045	0.101	0.056
0.616	0.120	0.087	0.177
>CCYGGWGG	12-CCYGGWGG	7.468417	-194.463971	0	T:13278.0(36.16%),B:11306.8(31.37%),P:1e-84	Tpos:481.2,Tstd:361.4,Bpos:365.2,Bstd:212.4,StrandBias:0.0,Multiplicity:1.37
0.001	0.780	0.125	0.094
0.001	0.997	0.001	0.001
0.001	0.456	0.001	0.542
0.001	0.060	0.749	0.190
0.046	0.358	0.595	0.001
0.535	0.001	0.001	0.463
0.052	0.002	0.860	0.086
0.207	0.135	0.611	0.047
>AAACCGCA	13-AAACCGCA	5.576572	-170.757559	0	T:11788.0(32.10%),B:10007.2(27.76%),P:1e-74	Tpos:486.1,Tstd:379.7,Bpos:355.7,Bstd:222.4,StrandBias:0.0,Multiplicity:1.27
0.670	0.077	0.116	0.137
0.682	0.117	0.147	0.054
0.731	0.124	0.144	0.001
0.026	0.746	0.105	0.123
0.069	0.833	0.051	0.047
0.001	0.001	0.983	0.015
0.155	0.709	0.135	0.001
0.647	0.172	0.051	0.130
>CGCGKTTH	14-CGCGKTTH	4.209939	-157.510901	0	T:10675.0(29.07%),B:9024.8(25.04%),P:1e-68	Tpos:519.9,Tstd:377.7,Bpos:354.0,Bstd:229.2,StrandBias:-0.0,Multiplicity:1.53
0.166	0.455	0.209	0.169
0.193	0.025	0.690	0.092
0.217	0.653	0.124	0.006
0.195	0.177	0.468	0.160
0.183	0.175	0.275	0.367
0.114	0.132	0.074	0.680
0.170	0.206	0.201	0.423
0.206	0.320	0.149	0.325
>WCTAGYGG	15-WCTAGYGG	7.296317	-153.239514	0	T:2651.0(7.22%),B:1843.3(5.11%),P:1e-66	Tpos:466.3,Tstd:357.7,Bpos:342.3,Bstd:216.0,StrandBias:0.0,Multiplicity:1.06
0.374	0.001	0.144	0.480
0.001	0.997	0.001	0.001
0.001	0.001	0.001	0.997
0.798	0.001	0.200	0.001
0.032	0.170	0.713	0.085
0.107	0.508	0.001	0.384
0.001	0.411	0.587	0.001
0.080	0.278	0.529	0.113
>CRTTCRGA	16-CRTTCRGA	6.796416	-141.902876	0	T:3897.0(10.61%),B:2933.7(8.14%),P:1e-61	Tpos:474.2,Tstd:374.5,Bpos:351.1,Bstd:219.8,StrandBias:0.1,Multiplicity:1.08
0.045	0.842	0.001	0.112
0.442	0.001	0.556	0.001
0.146	0.110	0.068	0.676
0.001	0.058	0.001	0.940
0.050	0.804	0.090	0.056
0.425	0.008	0.566	0.001
0.001	0.149	0.798	0.052
0.950	0.001	0.048	0.001
>AGGTGTTA	17-AGGTGTTA	4.846163	-140.075642	0	T:6571.0(17.89%),B:5318.0(14.75%),P:1e-60	Tpos:442.8,Tstd:369.7,Bpos:349.7,Bstd:206.7,StrandBias:-0.0,Multiplicity:1.15
0.989	0.001	0.009	0.001
0.362	0.001	0.636	0.001
0.001	0.001	0.997	0.001
0.001	0.001	0.001	0.997
0.001	0.001	0.997	0.001
0.001	0.001	0.001	0.997
0.001	0.005	0.389	0.605
0.997	0.001	0.001	0.001
>AGGAATGC	18-AGGAATGC	8.569135	-126.589550	0	T:1445.0(3.93%),B:917.5(2.55%),P:1e-54	Tpos:430.7,Tstd:332.1,Bpos:341.0,Bstd:215.4,StrandBias:0.0,Multiplicity:1.04
0.770	0.179	0.001	0.050
0.316	0.067	0.583	0.034
0.166	0.001	0.498	0.334
0.972	0.001	0.001	0.026
0.807	0.001	0.001	0.191
0.001	0.033	0.001	0.965
0.020	0.134	0.845	0.001
0.049	0.562	0.001	0.388
>ATAAGCGS	19-ATAAGCGS	5.517566	-125.475701	0	T:2914.0(7.93%),B:2133.3(5.92%),P:1e-54	Tpos:462.4,Tstd:390.4,Bpos:342.8,Bstd:224.5,StrandBias:0.0,Multiplicity:1.05
0.719	0.001	0.001	0.279
0.001	0.001	0.001	0.997
0.997	0.001	0.001	0.001
0.880	0.118	0.001	0.001
0.169	0.001	0.829	0.001
0.009	0.973	0.001	0.017
0.001	0.001	0.997	0.001
0.266	0.430	0.303	0.001
>AGGAAGCT	20-AGGAAGCT	8.626084	-125.380346	0	T:6398.0(17.42%),B:5219.4(14.48%),P:1e-54	Tpos:443.4,Tstd:366.9,Bpos:346.3,Bstd:213.7,StrandBias:-0.0,Multiplicity:1.12
0.964	0.034	0.001	0.001
0.001	0.001	0.997	0.001
0.001	0.001	0.997	0.001
0.997	0.001	0.001	0.001
0.966	0.032	0.001	0.001
0.150	0.001	0.635	0.214
0.001	0.839	0.001	0.159
0.085	0.001	0.001	0.913
>AGCGTCGC	21-AGCGTCGC	5.398195	-123.010459	0	T:9460.0(25.76%),B:8053.6(22.34%),P:1e-53	Tpos:522.7,Tstd:361.1,Bpos:361.5,Bstd:225.7,StrandBias:0.0,Multiplicity:1.46
0.823	0.016	0.048	0.113
0.135	0.068	0.713	0.084
0.094	0.766	0.068	0.072
0.096	0.124	0.688	0.092
0.086	0.055	0.100	0.759
0.117	0.722	0.083	0.078
0.084	0.090	0.728	0.098
0.054	0.801	0.082	0.063
>TTTATWGC	22-TTTATWGC	9.392670	-87.439990	0	T:2259.0(6.15%),B:1679.1(4.66%),P:1e-37	Tpos:440.7,Tstd:378.2,Bpos:345.5,Bstd:214.6,StrandBias:-0.0,Multiplicity:1.05
0.001	0.001	0.001	0.997
0.001	0.001	0.001	0.997
0.001	0.001	0.001	0.997
0.997	0.001	0.001	0.001
0.001	0.386	0.001	0.612
0.483	0.001	0.138	0.378
0.001	0.001	0.997	0.001
0.001	0.997	0.001	0.001
>CACGTTTC	23-CACGTTTC	6.109313	-82.951134	0	T:7603.0(20.70%),B:6532.9(18.12%),P:1e-36	Tpos:472.6,Tstd:382.3,Bpos:350.1,Bstd:224.0,StrandBias:0.1,Multiplicity:1.16
0.129	0.728	0.090	0.053
0.756	0.082	0.058	0.104
0.091	0.810	0.048	0.051
0.035	0.060	0.856	0.049
0.059	0.064	0.166	0.711
0.029	0.078	0.125	0.768
0.104	0.108	0.081	0.707
0.071	0.665	0.085	0.179
>NCTTTGTN	24-NCTTTGTN	5.103298	-67.781705	0	T:5770.0(15.71%),B:4915.9(13.64%),P:1e-29	Tpos:437.1,Tstd:363.0,Bpos:349.8,Bstd:216.9,StrandBias:0.1,Multiplicity:1.12
0.239	0.288	0.256	0.216
0.109	0.661	0.106	0.124
0.142	0.121	0.226	0.511
0.129	0.156	0.100	0.615
0.157	0.213	0.123	0.507
0.127	0.187	0.558	0.128
0.111	0.156	0.107	0.626
0.283	0.237	0.195	0.285
>TATGCAAA	25-TATGCAAA	8.915157	-42.357217	0	T:1424.0(3.88%),B:1099.6(3.05%),P:1e-18	Tpos:439.6,Tstd:364.7,Bpos:348.4,Bstd:208.2,StrandBias:0.0,Multiplicity:1.08
0.001	0.001	0.001	0.997
0.997	0.001	0.001	0.001
0.001	0.001	0.001	0.997
0.001	0.001	0.997	0.001
0.001	0.997	0.001	0.001
0.719	0.001	0.116	0.164
0.997	0.001	0.001	0.001
0.997	0.001	0.001	0.001
