>TATGGCGA	1-TATGGCGA	8.236954	-39.527693	0	T:17.0(4.10%),B:84.1(0.18%),P:1e-17	Tpos:423.9,Tstd:493.0,Bpos:191.8,Bstd:139.8,StrandBias:1.3,Multiplicity:2.47
0.100	0.100	0.100	0.700
0.700	0.100	0.100	0.100
0.100	0.100	0.100	0.700
0.100	0.100	0.700	0.100
0.100	0.100	0.700	0.100
0.100	0.700	0.100	0.100
0.100	0.100	0.700	0.100
0.700	0.100	0.100	0.100
>GGCGTAAA	2-GGCGTAAA	5.457215	-25.087521	0	T:111.0(26.75%),B:6613.5(14.12%),P:1e-10	Tpos:374.3,Tstd:734.1,Bpos:186.9,Bstd:134.6,StrandBias:-0.3,Multiplicity:1.18
0.056	0.050	0.785	0.109
0.055	0.113	0.715	0.117
0.047	0.841	0.013	0.099
0.027	0.091	0.788	0.094
0.175	0.070	0.141	0.614
0.677	0.188	0.041	0.094
0.769	0.103	0.085	0.043
0.829	0.055	0.066	0.050
>CGAATATG	3-CGAATATG	7.655967	-22.635984	0	T:29.0(6.99%),B:773.6(1.65%),P:1e-9	Tpos:358.7,Tstd:415.1,Bpos:192.2,Bstd:127.7,StrandBias:0.2,Multiplicity:2.03
0.001	0.909	0.089	0.001
0.001	0.001	0.997	0.001
0.918	0.001	0.080	0.001
0.858	0.001	0.001	0.140
0.249	0.001	0.001	0.749
0.787	0.001	0.211	0.001
0.001	0.001	0.090	0.908
0.136	0.001	0.862	0.001
>GTTCCGCC	4-GTTCCGCC	8.406563	-21.755195	0	T:102.0(24.58%),B:6198.5(13.24%),P:1e-9	Tpos:235.6,Tstd:444.4,Bpos:176.3,Bstd:128.7,StrandBias:0.3,Multiplicity:1.28
0.166	0.017	0.816	0.001
0.007	0.312	0.001	0.680
0.059	0.151	0.001	0.789
0.035	0.955	0.003	0.007
0.052	0.930	0.017	0.001
0.001	0.001	0.997	0.001
0.005	0.962	0.032	0.001
0.001	0.957	0.001	0.041
>TAGTAGTA	5-TAGTAGTA	6.977592	-20.933128	0	T:46.0(11.08%),B:1877.0(4.01%),P:1e-9	Tpos:635.2,Tstd:1117.0,Bpos:197.0,Bstd:128.2,StrandBias:-0.4,Multiplicity:1.31
0.117	0.001	0.001	0.881
0.877	0.043	0.079	0.001
0.001	0.001	0.997	0.001
0.043	0.001	0.001	0.955
0.798	0.049	0.152	0.001
0.001	0.029	0.799	0.171
0.001	0.012	0.148	0.839
0.848	0.095	0.001	0.056
>ACTGAAAA	6-ACTGAAAA	8.888955	-20.033050	0	T:32.0(7.71%),B:1040.0(2.22%),P:1e-8	Tpos:342.2,Tstd:317.8,Bpos:188.7,Bstd:136.6,StrandBias:0.2,Multiplicity:3.34
0.997	0.001	0.001	0.001
0.001	0.997	0.001	0.001
0.001	0.001	0.113	0.885
0.001	0.001	0.997	0.001
0.997	0.001	0.001	0.001
0.997	0.001	0.001	0.001
0.997	0.001	0.001	0.001
0.997	0.001	0.001	0.001
>GTCCTACA	7-GTCCTACA	8.236954	-18.763429	0	T:16.0(3.86%),B:278.7(0.60%),P:1e-8	Tpos:346.1,Tstd:295.4,Bpos:192.0,Bstd:124.1,StrandBias:-0.5,Multiplicity:3.00
0.100	0.100	0.700	0.100
0.100	0.100	0.100	0.700
0.100	0.700	0.100	0.100
0.100	0.700	0.100	0.100
0.100	0.100	0.100	0.700
0.700	0.100	0.100	0.100
0.100	0.700	0.100	0.100
0.700	0.100	0.100	0.100
>AACGCTAC	8-AACGCTAC	6.498263	-16.498293	0	T:54.0(13.01%),B:2777.5(5.93%),P:1e-7	Tpos:399.7,Tstd:914.2,Bpos:191.7,Bstd:135.6,StrandBias:-0.1,Multiplicity:1.17
0.790	0.019	0.133	0.058
0.907	0.013	0.039	0.041
0.001	0.960	0.001	0.038
0.001	0.088	0.868	0.043
0.071	0.891	0.037	0.001
0.030	0.005	0.022	0.943
0.748	0.048	0.111	0.093
0.001	0.926	0.027	0.046
>AAGAACGA	9-AAGAACGA	7.497708	-16.031565	0	T:47.0(11.33%),B:2286.5(4.88%),P:1e-6	Tpos:327.1,Tstd:501.8,Bpos:192.7,Bstd:139.2,StrandBias:0.2,Multiplicity:1.09
0.997	0.001	0.001	0.001
0.608	0.001	0.325	0.066
0.160	0.001	0.838	0.001
0.720	0.107	0.001	0.172
0.997	0.001	0.001	0.001
0.027	0.971	0.001	0.001
0.001	0.001	0.997	0.001
0.764	0.001	0.234	0.001
>CAAAAACT	10-CAAAAACT	7.888011	-15.422261	0	T:51.0(12.29%),B:2640.3(5.64%),P:1e-6	Tpos:382.0,Tstd:754.0,Bpos:189.1,Bstd:128.0,StrandBias:-0.2,Multiplicity:1.23
0.001	0.997	0.001	0.001
0.997	0.001	0.001	0.001
0.638	0.001	0.001	0.360
0.874	0.001	0.001	0.124
0.827	0.171	0.001	0.001
0.681	0.001	0.317	0.001
0.001	0.997	0.001	0.001
0.001	0.001	0.077	0.921
>ATTWCGTC	11-ATTWCGTC	6.318286	-15.294978	0	T:40.0(9.64%),B:1831.1(3.91%),P:1e-6	Tpos:309.8,Tstd:483.0,Bpos:188.2,Bstd:137.0,StrandBias:-0.1,Multiplicity:1.39
0.589	0.001	0.098	0.312
0.268	0.001	0.126	0.605
0.171	0.231	0.122	0.476
0.387	0.209	0.150	0.254
0.100	0.836	0.001	0.063
0.001	0.001	0.997	0.001
0.188	0.062	0.018	0.732
0.001	0.822	0.001	0.176
>CAAACCGC	12-CAAACCGC	5.427000	-14.150740	0	T:145.0(34.94%),B:11364.6(24.27%),P:1e-6	Tpos:402.3,Tstd:818.5,Bpos:191.7,Bstd:131.6,StrandBias:0.1,Multiplicity:1.38
0.094	0.683	0.126	0.097
0.738	0.073	0.139	0.050
0.796	0.066	0.057	0.081
0.878	0.035	0.001	0.086
0.049	0.793	0.101	0.057
0.051	0.838	0.057	0.054
0.159	0.074	0.655	0.112
0.273	0.632	0.038	0.057
>RCCAATCA	13-RCCAATCA	6.677830	-12.534404	0	T:58.0(13.98%),B:3497.9(7.47%),P:1e-5	Tpos:317.2,Tstd:521.6,Bpos:169.2,Bstd:117.0,StrandBias:0.4,Multiplicity:1.33
0.316	0.016	0.462	0.206
0.001	0.997	0.001	0.001
0.039	0.667	0.034	0.260
0.836	0.001	0.127	0.036
0.870	0.053	0.076	0.001
0.162	0.164	0.030	0.644
0.298	0.462	0.097	0.143
0.684	0.082	0.133	0.101
>GCCCTARC	14-GCCCTARC	5.689417	-12.368711	0	T:89.0(21.45%),B:6266.0(13.38%),P:1e-5	Tpos:373.7,Tstd:761.2,Bpos:188.5,Bstd:127.5,StrandBias:0.2,Multiplicity:1.27
0.001	0.099	0.899	0.001
0.001	0.997	0.001	0.001
0.001	0.894	0.104	0.001
0.001	0.997	0.001	0.001
0.001	0.001	0.001	0.997
0.997	0.001	0.001	0.001
0.430	0.001	0.568	0.001
0.001	0.661	0.218	0.120
>AAAATGAG	15-AAAATGAG	8.236954	-11.539332	0	T:21.0(5.06%),B:781.5(1.67%),P:1e-5	Tpos:374.2,Tstd:365.9,Bpos:189.3,Bstd:126.1,StrandBias:0.4,Multiplicity:3.90
0.700	0.100	0.100	0.100
0.700	0.100	0.100	0.100
0.700	0.100	0.100	0.100
0.700	0.100	0.100	0.100
0.100	0.100	0.100	0.700
0.100	0.100	0.700	0.100
0.700	0.100	0.100	0.100
0.100	0.100	0.700	0.100
>TCTTACTT	16-TCTTACTT	8.324185	-10.851418	0	T:39.0(9.40%),B:2127.9(4.54%),P:1e-4	Tpos:517.6,Tstd:1002.7,Bpos:192.1,Bstd:126.2,StrandBias:0.1,Multiplicity:1.38
0.047	0.001	0.268	0.684
0.001	0.997	0.001	0.001
0.019	0.001	0.004	0.976
0.001	0.001	0.324	0.674
0.732	0.001	0.001	0.266
0.046	0.636	0.001	0.317
0.001	0.001	0.015	0.983
0.001	0.124	0.093	0.782
>AATGYMCA	17-AATGYMCA	7.320941	-7.796075	0	T:49.0(11.81%),B:3342.0(7.14%),P:1e-3	Tpos:401.4,Tstd:485.0,Bpos:188.5,Bstd:120.1,StrandBias:0.3,Multiplicity:1.67
0.997	0.001	0.001	0.001
0.854	0.110	0.001	0.035
0.001	0.145	0.001	0.853
0.005	0.001	0.993	0.001
0.001	0.495	0.096	0.408
0.335	0.441	0.111	0.114
0.001	0.693	0.032	0.274
0.854	0.035	0.069	0.042
>CKTTCGTA	18-CKTTCGTA	6.572408	-7.098430	0	T:20.0(4.82%),B:1007.3(2.15%),P:1e-3	Tpos:328.5,Tstd:503.8,Bpos:194.4,Bstd:149.2,StrandBias:-1.0,Multiplicity:1.20
0.136	0.785	0.001	0.078
0.102	0.095	0.365	0.438
0.264	0.001	0.001	0.734
0.252	0.126	0.001	0.621
0.001	0.888	0.082	0.029
0.001	0.001	0.838	0.160
0.127	0.001	0.152	0.720
0.558	0.001	0.177	0.264
>CCCCCCCY	19-CCCCCCCY	8.001574	-6.087743	0	T:153.0(36.87%),B:14163.5(30.25%),P:1e-2	Tpos:293.6,Tstd:621.2,Bpos:174.1,Bstd:118.5,StrandBias:0.4,Multiplicity:1.60
0.165	0.833	0.001	0.001
0.352	0.646	0.001	0.001
0.009	0.874	0.001	0.116
0.001	0.997	0.001	0.001
0.001	0.696	0.302	0.001
0.274	0.724	0.001	0.001
0.001	0.997	0.001	0.001
0.001	0.487	0.001	0.511
>NTCTTTCN	20-NTCTTTCN	5.310827	-2.701875	0	T:5.0(1.20%),B:243.2(0.52%),P:1e-1	Tpos:227.2,Tstd:94.2,Bpos:193.0,Bstd:150.9,StrandBias:0.0,Multiplicity:1.00
0.210	0.264	0.231	0.296
0.148	0.161	0.161	0.530
0.145	0.576	0.115	0.164
0.155	0.153	0.157	0.535
0.170	0.112	0.124	0.594
0.138	0.151	0.121	0.590
0.142	0.610	0.111	0.137
0.204	0.225	0.299	0.271
>YTCTTTCK	21-YTCTTTCK	6.844702	-1.579940	0	T:47.0(11.33%),B:4686.3(10.01%),P:1e0	Tpos:294.8,Tstd:201.8,Bpos:192.3,Bstd:145.0,StrandBias:1.2,Multiplicity:2.74
0.001	0.474	0.029	0.495
0.001	0.001	0.001	0.997
0.001	0.997	0.001	0.001
0.001	0.001	0.001	0.997
0.001	0.001	0.001	0.997
0.001	0.001	0.001	0.997
0.001	0.997	0.001	0.001
0.001	0.001	0.503	0.495
