>GCATTCCW	1-GCATTCCW	6.518883	-264.025451	0	T:1136.0(25.22%),B:5629.2(12.65%),P:1e-114	Tpos:302.1,Tstd:261.3,Bpos:231.4,Bstd:144.1,StrandBias:-0.2,Multiplicity:1.36
0.184	0.001	0.814	0.001
0.339	0.659	0.001	0.001
0.997	0.001	0.001	0.001
0.001	0.001	0.001	0.997
0.001	0.001	0.001	0.997
0.002	0.996	0.001	0.001
0.001	0.994	0.001	0.004
0.478	0.001	0.169	0.352
>AAGAATGT	2-AAGAATGT	8.851985	-158.205739	0	T:470.0(10.43%),B:1878.8(4.22%),P:1e-68	Tpos:295.2,Tstd:216.8,Bpos:238.4,Bstd:143.8,StrandBias:0.1,Multiplicity:1.07
0.997	0.001	0.001	0.001
0.575	0.001	0.423	0.001
0.001	0.001	0.684	0.314
0.997	0.001	0.001	0.001
0.997	0.001	0.001	0.001
0.001	0.001	0.001	0.997
0.001	0.108	0.686	0.205
0.001	0.400	0.001	0.598
>CGGAANTW	3-CGGAANTW	4.908442	-119.612506	0	T:1347.0(29.90%),B:9034.1(20.30%),P:1e-51	Tpos:274.4,Tstd:242.1,Bpos:227.8,Bstd:143.4,StrandBias:0.2,Multiplicity:1.27
0.289	0.664	0.046	0.001
0.001	0.175	0.823	0.001
0.287	0.019	0.588	0.106
0.530	0.190	0.104	0.176
0.575	0.095	0.021	0.309
0.187	0.186	0.305	0.322
0.059	0.146	0.126	0.669
0.382	0.120	0.203	0.295
>GCYCCGCC	4-GCYCCGCC	7.122738	-98.480330	0	T:1788.0(39.69%),B:13359.8(30.03%),P:1e-42	Tpos:273.2,Tstd:205.6,Bpos:214.1,Bstd:137.6,StrandBias:0.0,Multiplicity:2.20
0.350	0.001	0.568	0.081
0.090	0.556	0.078	0.276
0.096	0.487	0.001	0.416
0.270	0.705	0.024	0.001
0.060	0.913	0.001	0.026
0.197	0.001	0.801	0.001
0.025	0.973	0.001	0.001
0.001	0.997	0.001	0.001
>TGASTCAY	5-TGASTCAY	9.006842	-83.331556	0	T:388.0(8.61%),B:1909.3(4.29%),P:1e-36	Tpos:283.8,Tstd:201.6,Bpos:230.3,Bstd:134.4,StrandBias:0.1,Multiplicity:1.09
0.001	0.001	0.001	0.997
0.001	0.001	0.997	0.001
0.997	0.001	0.001	0.001
0.001	0.545	0.453	0.001
0.001	0.001	0.001	0.997
0.001	0.913	0.085	0.001
0.958	0.001	0.040	0.001
0.029	0.465	0.188	0.318
>AATAATGC	6-AATAATGC	8.674656	-80.021971	0	T:107.0(2.38%),B:240.0(0.54%),P:1e-34	Tpos:273.8,Tstd:204.1,Bpos:238.4,Bstd:146.3,StrandBias:0.2,Multiplicity:1.02
0.997	0.001	0.001	0.001
0.608	0.026	0.365	0.001
0.001	0.001	0.374	0.624
0.769	0.138	0.092	0.001
0.673	0.001	0.001	0.325
0.001	0.026	0.138	0.835
0.001	0.001	0.851	0.147
0.001	0.642	0.001	0.356
>GCGTSRTY	7-GCGTSRTY	7.093691	-78.356617	0	T:497.0(11.03%),B:2750.7(6.18%),P:1e-34	Tpos:276.7,Tstd:208.8,Bpos:221.7,Bstd:146.7,StrandBias:-0.3,Multiplicity:1.07
0.243	0.048	0.708	0.001
0.001	0.988	0.001	0.010
0.001	0.228	0.637	0.134
0.001	0.001	0.001	0.997
0.240	0.342	0.417	0.001
0.564	0.001	0.434	0.001
0.001	0.001	0.001	0.997
0.001	0.484	0.001	0.514
>GCCAATCA	8-GCCAATCA	6.228963	-68.865375	0	T:979.0(21.73%),B:6796.1(15.27%),P:1e-29	Tpos:309.6,Tstd:309.0,Bpos:216.5,Bstd:135.6,StrandBias:-0.1,Multiplicity:1.30
0.175	0.032	0.792	0.001
0.042	0.735	0.149	0.074
0.115	0.543	0.150	0.192
0.927	0.001	0.058	0.014
0.903	0.018	0.078	0.001
0.053	0.037	0.001	0.909
0.244	0.528	0.100	0.128
0.711	0.113	0.116	0.060
>AGGGCGTT	9-AGGGCGTT	5.417580	-63.578960	0	T:1724.0(38.27%),B:13601.7(30.57%),P:1e-27	Tpos:281.1,Tstd:266.0,Bpos:230.9,Bstd:147.6,StrandBias:-0.1,Multiplicity:1.32
0.752	0.054	0.089	0.105
0.187	0.041	0.733	0.039
0.098	0.073	0.755	0.074
0.111	0.164	0.602	0.123
0.038	0.857	0.037	0.068
0.068	0.025	0.749	0.158
0.073	0.066	0.129	0.732
0.077	0.001	0.096	0.826
>CTACTAAT	10-CTACTAAT	8.236954	-54.585490	0	T:76.0(1.69%),B:178.4(0.40%),P:1e-23	Tpos:333.5,Tstd:391.7,Bpos:226.5,Bstd:145.0,StrandBias:0.5,Multiplicity:1.01
0.100	0.700	0.100	0.100
0.100	0.100	0.100	0.700
0.700	0.100	0.100	0.100
0.100	0.700	0.100	0.100
0.100	0.100	0.100	0.700
0.700	0.100	0.100	0.100
0.700	0.100	0.100	0.100
0.100	0.100	0.100	0.700
>CGCCATAC	11-CGCCATAC	8.724007	-53.581402	0	T:129.0(2.86%),B:455.7(1.02%),P:1e-23	Tpos:296.2,Tstd:211.5,Bpos:245.0,Bstd:133.4,StrandBias:0.0,Multiplicity:1.14
0.001	0.766	0.001	0.232
0.001	0.097	0.901	0.001
0.001	0.997	0.001	0.001
0.001	0.997	0.001	0.001
0.997	0.001	0.001	0.001
0.001	0.001	0.001	0.997
0.997	0.001	0.001	0.001
0.001	0.860	0.001	0.138
>ACCATTGT	12-ACCATTGT	8.236954	-53.032296	0	T:109.0(2.42%),B:347.0(0.78%),P:1e-23	Tpos:275.9,Tstd:254.9,Bpos:230.3,Bstd:135.2,StrandBias:-0.2,Multiplicity:1.02
0.700	0.100	0.100	0.100
0.100	0.700	0.100	0.100
0.100	0.700	0.100	0.100
0.700	0.100	0.100	0.100
0.100	0.100	0.100	0.700
0.100	0.100	0.100	0.700
0.100	0.100	0.700	0.100
0.100	0.100	0.100	0.700
>ATAGCGWR	13-ATAGCGWR	6.095033	-52.310234	0	T:551.0(12.23%),B:3534.1(7.94%),P:1e-22	Tpos:287.5,Tstd:234.8,Bpos:225.9,Bstd:149.1,StrandBias:0.0,Multiplicity:1.14
0.526	0.352	0.006	0.116
0.117	0.048	0.001	0.834
0.897	0.004	0.001	0.098
0.001	0.055	0.893	0.051
0.001	0.847	0.001	0.151
0.001	0.047	0.867	0.085
0.392	0.103	0.065	0.440
0.425	0.107	0.374	0.095
>ATGTAGTM	14-ATGTAGTM	10.489504	-52.060448	0	T:87.0(1.93%),B:238.4(0.54%),P:1e-22	Tpos:272.7,Tstd:185.8,Bpos:243.1,Bstd:139.6,StrandBias:-0.0,Multiplicity:1.01
0.997	0.001	0.001	0.001
0.001	0.001	0.001	0.997
0.001	0.001	0.997	0.001
0.001	0.001	0.001	0.997
0.997	0.001	0.001	0.001
0.001	0.001	0.997	0.001
0.001	0.001	0.001	0.997
0.560	0.438	0.001	0.001
>CTAARCTT	15-CTAARCTT	10.167920	-50.136852	0	T:121.0(2.69%),B:428.3(0.96%),P:1e-21	Tpos:277.7,Tstd:177.0,Bpos:246.7,Bstd:147.2,StrandBias:-0.2,Multiplicity:1.01
0.001	0.997	0.001	0.001
0.001	0.001	0.001	0.997
0.997	0.001	0.001	0.001
0.997	0.001	0.001	0.001
0.401	0.192	0.406	0.001
0.001	0.997	0.001	0.001
0.001	0.001	0.001	0.997
0.001	0.001	0.001	0.997
>ACATTCAG	16-ACATTCAG	8.236954	-48.714036	0	T:147.0(3.26%),B:591.3(1.33%),P:1e-21	Tpos:284.4,Tstd:208.8,Bpos:234.0,Bstd:142.4,StrandBias:-0.1,Multiplicity:1.07
0.700	0.100	0.100	0.100
0.100	0.700	0.100	0.100
0.700	0.100	0.100	0.100
0.100	0.100	0.100	0.700
0.100	0.100	0.100	0.700
0.100	0.700	0.100	0.100
0.700	0.100	0.100	0.100
0.100	0.100	0.700	0.100
>TAGCTARM	17-TAGCTARM	8.623669	-48.289837	0	T:79.0(1.75%),B:213.2(0.48%),P:1e-20	Tpos:274.3,Tstd:190.1,Bpos:221.3,Bstd:144.5,StrandBias:-0.0,Multiplicity:1.01
0.001	0.001	0.001	0.997
0.695	0.001	0.001	0.303
0.038	0.001	0.658	0.303
0.001	0.845	0.153	0.001
0.001	0.001	0.104	0.894
0.845	0.001	0.153	0.001
0.574	0.001	0.424	0.001
0.425	0.508	0.066	0.001
>TAGAGTAT	18-TAGAGTAT	9.320622	-48.250904	0	T:115.0(2.55%),B:404.4(0.91%),P:1e-20	Tpos:263.5,Tstd:191.4,Bpos:244.6,Bstd:136.9,StrandBias:-0.3,Multiplicity:1.03
0.001	0.001	0.001	0.997
0.997	0.001	0.001	0.001
0.001	0.001	0.997	0.001
0.824	0.001	0.174	0.001
0.001	0.001	0.997	0.001
0.001	0.001	0.001	0.997
0.997	0.001	0.001	0.001
0.001	0.001	0.001	0.997
>GATAGTAA	19-GATAGTAA	10.638539	-48.246114	0	T:75.0(1.66%),B:194.4(0.44%),P:1e-20	Tpos:292.7,Tstd:220.4,Bpos:245.1,Bstd:148.1,StrandBias:0.2,Multiplicity:1.07
0.001	0.001	0.997	0.001
0.997	0.001	0.001	0.001
0.001	0.001	0.001	0.997
0.997	0.001	0.001	0.001
0.001	0.001	0.997	0.001
0.001	0.001	0.001	0.997
0.650	0.001	0.348	0.001
0.997	0.001	0.001	0.001
>ACTATAAT	20-ACTATAAT	8.236954	-47.698654	0	T:81.0(1.80%),B:225.5(0.51%),P:1e-20	Tpos:323.2,Tstd:513.4,Bpos:230.1,Bstd:150.4,StrandBias:-0.2,Multiplicity:1.00
0.700	0.100	0.100	0.100
0.100	0.700	0.100	0.100
0.100	0.100	0.100	0.700
0.700	0.100	0.100	0.100
0.100	0.100	0.100	0.700
0.700	0.100	0.100	0.100
0.700	0.100	0.100	0.100
0.100	0.100	0.100	0.700
>TACATTAC	21-TACATTAC	8.236954	-47.243064	0	T:78.0(1.73%),B:212.8(0.48%),P:1e-20	Tpos:272.9,Tstd:163.8,Bpos:232.6,Bstd:143.5,StrandBias:0.2,Multiplicity:1.00
0.100	0.100	0.100	0.700
0.700	0.100	0.100	0.100
0.100	0.700	0.100	0.100
0.700	0.100	0.100	0.100
0.100	0.100	0.100	0.700
0.100	0.100	0.100	0.700
0.700	0.100	0.100	0.100
0.100	0.700	0.100	0.100
>TATATGGG	22-TATATGGG	8.222010	-45.313899	0	T:90.0(2.00%),B:281.9(0.63%),P:1e-19	Tpos:317.8,Tstd:406.0,Bpos:234.2,Bstd:136.4,StrandBias:0.3,Multiplicity:1.04
0.001	0.001	0.001	0.997
0.997	0.001	0.001	0.001
0.001	0.001	0.001	0.997
0.997	0.001	0.001	0.001
0.001	0.001	0.001	0.997
0.001	0.001	0.997	0.001
0.001	0.058	0.940	0.001
0.001	0.001	0.997	0.001
>CCTATTCA	23-CCTATTCA	11.022231	-44.024666	0	T:95.0(2.11%),B:314.9(0.71%),P:1e-19	Tpos:304.9,Tstd:457.1,Bpos:224.8,Bstd:142.0,StrandBias:0.2,Multiplicity:1.00
0.001	0.997	0.001	0.001
0.001	0.954	0.044	0.001
0.001	0.001	0.001	0.997
0.997	0.001	0.001	0.001
0.001	0.001	0.001	0.997
0.001	0.001	0.001	0.997
0.001	0.997	0.001	0.001
0.997	0.001	0.001	0.001
>CTAAACTT	24-CTAAACTT	10.677760	-42.429480	0	T:108.0(2.40%),B:396.5(0.89%),P:1e-18	Tpos:265.1,Tstd:207.1,Bpos:237.3,Bstd:151.2,StrandBias:-0.1,Multiplicity:1.05
0.001	0.997	0.001	0.001
0.001	0.001	0.001	0.997
0.997	0.001	0.001	0.001
0.997	0.001	0.001	0.001
0.676	0.322	0.001	0.001
0.001	0.997	0.001	0.001
0.001	0.001	0.001	0.997
0.001	0.001	0.001	0.997
>TTABAATA	25-TTABAATA	9.298115	-30.924524	0	T:193.0(4.28%),B:1063.2(2.39%),P:1e-13	Tpos:288.2,Tstd:370.6,Bpos:234.8,Bstd:144.0,StrandBias:-0.1,Multiplicity:1.30
0.001	0.407	0.001	0.591
0.001	0.001	0.001	0.997
0.997	0.001	0.001	0.001
0.001	0.287	0.304	0.408
0.997	0.001	0.001	0.001
0.997	0.001	0.001	0.001
0.001	0.001	0.001	0.997
0.997	0.001	0.001	0.001
