>ACAATAGA	1-ACAATAGA	10.849922	-1158.283289	0	T:1489.0(4.28%),B:307.5(0.91%),P:1e-503	Tpos:309.6,Tstd:321.7,Bpos:201.0,Bstd:119.3,StrandBias:0.2,Multiplicity:1.03
0.997	0.001	0.001	0.001
0.001	0.997	0.001	0.001
0.997	0.001	0.001	0.001
0.997	0.001	0.001	0.001
0.001	0.001	0.001	0.997
0.997	0.001	0.001	0.001
0.001	0.001	0.997	0.001
0.803	0.195	0.001	0.001
>KCCTTTGT	2-KCCTTTGT	6.920533	-829.596587	0	T:8226.0(23.66%),B:5166.5(15.32%),P:1e-360	Tpos:301.3,Tstd:375.8,Bpos:207.3,Bstd:127.7,StrandBias:-0.0,Multiplicity:1.25
0.040	0.216	0.382	0.362
0.028	0.718	0.121	0.133
0.048	0.772	0.014	0.166
0.348	0.029	0.070	0.553
0.008	0.003	0.012	0.977
0.074	0.004	0.001	0.921
0.061	0.059	0.839	0.041
0.026	0.060	0.056	0.858
>ATGCTAAT	3-ATGCTAAT	8.503547	-724.479779	0	T:3074.0(8.84%),B:1412.7(4.19%),P:1e-314	Tpos:296.1,Tstd:418.7,Bpos:207.3,Bstd:129.4,StrandBias:-0.1,Multiplicity:1.13
0.997	0.001	0.001	0.001
0.001	0.001	0.001	0.997
0.001	0.001	0.997	0.001
0.001	0.875	0.001	0.123
0.375	0.001	0.001	0.623
0.997	0.001	0.001	0.001
0.997	0.001	0.001	0.001
0.001	0.001	0.001	0.997
>HGGAATKY	4-HGGAATKY	6.632094	-600.552059	0	T:7483.0(21.53%),B:4928.9(14.61%),P:1e-260	Tpos:305.0,Tstd:395.5,Bpos:206.0,Bstd:130.3,StrandBias:0.0,Multiplicity:1.26
0.263	0.402	0.021	0.315
0.101	0.009	0.809	0.081
0.001	0.050	0.944	0.005
0.871	0.015	0.100	0.014
0.980	0.018	0.001	0.001
0.072	0.001	0.137	0.790
0.055	0.056	0.394	0.495
0.041	0.369	0.142	0.448
>DGGGYGKR	5-DGGGYGKR	6.407148	-596.324510	0	T:14395.0(41.41%),B:10993.3(32.59%),P:1e-258	Tpos:294.5,Tstd:338.7,Bpos:200.8,Bstd:129.0,StrandBias:0.0,Multiplicity:1.70
0.347	0.001	0.284	0.368
0.402	0.001	0.562	0.035
0.085	0.001	0.913	0.001
0.001	0.001	0.997	0.001
0.162	0.409	0.112	0.317
0.001	0.126	0.872	0.001
0.020	0.001	0.517	0.462
0.420	0.089	0.408	0.083
>TRACCTTG	6-TRACCTTG	7.970327	-422.823509	0	T:2997.0(8.62%),B:1661.7(4.93%),P:1e-183	Tpos:309.4,Tstd:358.1,Bpos:209.7,Bstd:126.4,StrandBias:0.1,Multiplicity:1.10
0.001	0.235	0.269	0.495
0.496	0.001	0.456	0.048
0.997	0.001	0.001	0.001
0.001	0.846	0.001	0.152
0.001	0.806	0.192	0.001
0.001	0.001	0.001	0.997
0.153	0.061	0.001	0.785
0.001	0.226	0.622	0.151
>WGAATAGG	7-WGAATAGG	7.915987	-391.798093	0	T:3581.0(10.30%),B:2143.7(6.35%),P:1e-170	Tpos:314.8,Tstd:361.4,Bpos:204.5,Bstd:129.0,StrandBias:-0.0,Multiplicity:1.17
0.421	0.067	0.210	0.302
0.040	0.387	0.572	0.001
0.949	0.001	0.049	0.001
0.825	0.173	0.001	0.001
0.001	0.083	0.001	0.915
0.875	0.123	0.001	0.001
0.001	0.016	0.982	0.001
0.001	0.417	0.581	0.001
>CCGGAARV	8-CCGGAARV	7.063478	-351.296220	0	T:6029.0(17.34%),B:4197.8(12.44%),P:1e-152	Tpos:291.2,Tstd:284.7,Bpos:203.5,Bstd:140.2,StrandBias:0.0,Multiplicity:1.31
0.044	0.481	0.326	0.149
0.001	0.997	0.001	0.001
0.001	0.001	0.997	0.001
0.001	0.024	0.974	0.001
0.997	0.001	0.001	0.001
0.997	0.001	0.001	0.001
0.338	0.217	0.444	0.001
0.227	0.315	0.331	0.128
>CYGATTGG	9-CYGATTGG	6.110985	-288.964953	0	T:5303.0(15.26%),B:3724.6(11.04%),P:1e-125	Tpos:298.0,Tstd:319.1,Bpos:203.0,Bstd:127.1,StrandBias:-0.0,Multiplicity:1.21
0.259	0.546	0.194	0.001
0.002	0.390	0.206	0.402
0.164	0.001	0.661	0.174
0.867	0.001	0.131	0.001
0.399	0.001	0.001	0.599
0.068	0.029	0.001	0.902
0.184	0.184	0.631	0.001
0.313	0.001	0.504	0.182
>TTTGAATG	10-TTTGAATG	9.444771	-284.852033	0	T:1979.0(5.69%),B:1084.3(3.21%),P:1e-123	Tpos:302.0,Tstd:396.0,Bpos:211.5,Bstd:130.8,StrandBias:-0.0,Multiplicity:1.08
0.001	0.001	0.001	0.997
0.001	0.001	0.001	0.997
0.001	0.001	0.001	0.997
0.001	0.001	0.997	0.001
0.997	0.001	0.001	0.001
0.997	0.001	0.001	0.001
0.001	0.001	0.001	0.997
0.197	0.001	0.801	0.001
>GYATTGCA	11-GYATTGCA	7.467205	-267.662887	0	T:5350.0(15.39%),B:3813.5(11.31%),P:1e-116	Tpos:311.1,Tstd:428.9,Bpos:207.3,Bstd:128.7,StrandBias:-0.0,Multiplicity:1.19
0.318	0.001	0.680	0.001
0.204	0.446	0.001	0.349
0.701	0.001	0.001	0.297
0.141	0.001	0.001	0.857
0.001	0.001	0.001	0.997
0.235	0.001	0.763	0.001
0.001	0.997	0.001	0.001
0.997	0.001	0.001	0.001
>TAATTAGT	12-TAATTAGT	10.766865	-262.233535	0	T:747.0(2.15%),B:278.6(0.83%),P:1e-113	Tpos:343.7,Tstd:589.6,Bpos:215.0,Bstd:130.8,StrandBias:0.0,Multiplicity:1.02
0.001	0.001	0.001	0.997
0.997	0.001	0.001	0.001
0.997	0.001	0.001	0.001
0.001	0.001	0.001	0.997
0.001	0.001	0.001	0.997
0.997	0.001	0.001	0.001
0.001	0.259	0.739	0.001
0.001	0.001	0.001	0.997
>ACTAGGGG	13-ACTAGGGG	8.045887	-260.963732	0	T:1937.0(5.57%),B:1084.0(3.21%),P:1e-113	Tpos:288.2,Tstd:302.3,Bpos:209.0,Bstd:129.0,StrandBias:-0.1,Multiplicity:1.04
0.890	0.108	0.001	0.001
0.139	0.744	0.001	0.116
0.163	0.181	0.021	0.635
0.997	0.001	0.001	0.001
0.139	0.020	0.840	0.001
0.148	0.077	0.774	0.001
0.001	0.049	0.741	0.209
0.162	0.001	0.836	0.001
>CAGCAGGT	14-CAGCAGGT	7.700999	-224.129775	0	T:6209.0(17.86%),B:4665.7(13.83%),P:1e-97	Tpos:293.5,Tstd:411.3,Bpos:213.0,Bstd:125.4,StrandBias:0.0,Multiplicity:1.13
0.001	0.997	0.001	0.001
0.997	0.001	0.001	0.001
0.001	0.001	0.997	0.001
0.001	0.857	0.088	0.054
0.997	0.001	0.001	0.001
0.001	0.001	0.997	0.001
0.001	0.001	0.997	0.001
0.178	0.001	0.185	0.636
>ATAGCTAA	15-ATAGCTAA	8.255912	-199.864452	0	T:712.0(2.05%),B:298.8(0.89%),P:1e-86	Tpos:339.8,Tstd:301.9,Bpos:212.5,Bstd:135.0,StrandBias:0.1,Multiplicity:1.05
0.997	0.001	0.001	0.001
0.001	0.001	0.001	0.997
0.938	0.060	0.001	0.001
0.001	0.001	0.997	0.001
0.001	0.997	0.001	0.001
0.001	0.001	0.001	0.997
0.997	0.001	0.001	0.001
0.997	0.001	0.001	0.001
>GGAGGCTA	16-GGAGGCTA	6.981522	-189.173585	0	T:3644.0(10.48%),B:2564.5(7.60%),P:1e-82	Tpos:299.7,Tstd:352.4,Bpos:208.1,Bstd:129.8,StrandBias:0.0,Multiplicity:1.15
0.056	0.054	0.854	0.036
0.084	0.261	0.531	0.124
0.775	0.155	0.001	0.069
0.047	0.096	0.810	0.047
0.302	0.079	0.570	0.049
0.079	0.679	0.001	0.241
0.026	0.001	0.134	0.839
0.945	0.001	0.001	0.053
>TTTACTAA	17-TTTACTAA	8.236954	-183.276103	0	T:810.0(2.33%),B:374.6(1.11%),P:1e-79	Tpos:336.8,Tstd:453.3,Bpos:218.5,Bstd:137.3,StrandBias:-0.0,Multiplicity:1.02
0.100	0.100	0.100	0.700
0.100	0.100	0.100	0.700
0.100	0.100	0.100	0.700
0.700	0.100	0.100	0.100
0.100	0.700	0.100	0.100
0.100	0.100	0.100	0.700
0.700	0.100	0.100	0.100
0.700	0.100	0.100	0.100
>MACTCCCT	18-MACTCCCT	6.916881	-182.114338	0	T:5816.0(16.73%),B:4447.2(13.18%),P:1e-79	Tpos:293.1,Tstd:312.4,Bpos:208.3,Bstd:127.9,StrandBias:0.1,Multiplicity:1.12
0.476	0.397	0.101	0.026
0.908	0.001	0.090	0.001
0.115	0.529	0.001	0.355
0.001	0.131	0.001	0.867
0.001	0.657	0.049	0.293
0.001	0.793	0.205	0.001
0.001	0.852	0.052	0.095
0.175	0.154	0.258	0.413
>GCTTCTAA	19-GCTTCTAA	8.867050	-177.993823	0	T:1690.0(4.86%),B:1013.5(3.00%),P:1e-77	Tpos:309.1,Tstd:416.1,Bpos:215.8,Bstd:125.1,StrandBias:0.1,Multiplicity:1.06
0.001	0.001	0.997	0.001
0.132	0.866	0.001	0.001
0.001	0.001	0.001	0.997
0.001	0.001	0.001	0.997
0.163	0.835	0.001	0.001
0.001	0.001	0.001	0.997
0.997	0.001	0.001	0.001
0.997	0.001	0.001	0.001
>GCACTTAT	20-GCACTTAT	8.236954	-167.925599	0	T:522.0(1.50%),B:204.3(0.61%),P:1e-72	Tpos:376.0,Tstd:424.1,Bpos:201.2,Bstd:118.6,StrandBias:0.0,Multiplicity:1.01
0.100	0.100	0.700	0.100
0.100	0.700	0.100	0.100
0.700	0.100	0.100	0.100
0.100	0.700	0.100	0.100
0.100	0.100	0.100	0.700
0.100	0.100	0.100	0.700
0.700	0.100	0.100	0.100
0.100	0.100	0.100	0.700
>CCGGTTTC	21-CCGGTTTC	5.531068	-160.550974	0	T:5164.0(14.86%),B:3944.2(11.69%),P:1e-69	Tpos:304.7,Tstd:357.9,Bpos:208.0,Bstd:135.0,StrandBias:0.0,Multiplicity:1.16
0.095	0.599	0.198	0.108
0.149	0.605	0.138	0.108
0.106	0.121	0.664	0.109
0.119	0.124	0.653	0.104
0.199	0.096	0.102	0.603
0.128	0.093	0.070	0.709
0.151	0.130	0.089	0.630
0.205	0.538	0.121	0.136
>GGGAATCC	22-GGGAATCC	10.477246	-160.182146	0	T:890.0(2.56%),B:451.0(1.34%),P:1e-69	Tpos:298.5,Tstd:251.6,Bpos:214.7,Bstd:125.8,StrandBias:0.1,Multiplicity:1.01
0.001	0.001	0.997	0.001
0.001	0.001	0.997	0.001
0.001	0.001	0.997	0.001
0.997	0.001	0.001	0.001
0.583	0.001	0.001	0.415
0.001	0.001	0.001	0.997
0.001	0.997	0.001	0.001
0.001	0.946	0.052	0.001
>ACAACGCY	23-ACAACGCY	6.138441	-143.742711	0	T:7256.0(20.87%),B:5865.7(17.39%),P:1e-62	Tpos:294.9,Tstd:410.1,Bpos:211.4,Bstd:130.9,StrandBias:0.0,Multiplicity:1.17
0.657	0.102	0.049	0.192
0.097	0.690	0.094	0.119
0.935	0.001	0.001	0.063
0.788	0.046	0.139	0.027
0.179	0.658	0.136	0.027
0.065	0.036	0.836	0.063
0.006	0.847	0.146	0.001
0.167	0.345	0.110	0.378
>TCGGCYTA	24-TCGGCYTA	6.561019	-137.410390	0	T:2157.0(6.21%),B:1454.1(4.31%),P:1e-59	Tpos:321.8,Tstd:382.8,Bpos:208.6,Bstd:130.3,StrandBias:0.0,Multiplicity:1.14
0.001	0.001	0.001	0.997
0.001	0.947	0.051	0.001
0.001	0.001	0.997	0.001
0.001	0.001	0.997	0.001
0.001	0.609	0.001	0.389
0.001	0.446	0.001	0.552
0.001	0.001	0.001	0.997
0.997	0.001	0.001	0.001
>TGAATTCT	25-TGAATTCT	8.211562	-114.570142	0	T:1976.0(5.68%),B:1357.0(4.02%),P:1e-49	Tpos:321.0,Tstd:353.6,Bpos:206.2,Bstd:134.7,StrandBias:0.0,Multiplicity:1.17
0.001	0.075	0.001	0.923
0.235	0.001	0.763	0.001
0.997	0.001	0.001	0.001
0.997	0.001	0.001	0.001
0.001	0.001	0.001	0.997
0.001	0.001	0.001	0.997
0.001	0.997	0.001	0.001
0.001	0.001	0.001	0.997
