>ACCGRAAA	1-ACCGRAAA	3.754607	-47.462462	0	T:757.0(42.77%),B:15229.9(32.05%),P:1e-20	Tpos:289.2,Tstd:387.3,Bpos:214.0,Bstd:142.6,StrandBias:0.0,Multiplicity:1.38
0.598	0.030	0.165	0.207
0.268	0.584	0.147	0.001
0.001	0.997	0.001	0.001
0.001	0.001	0.997	0.001
0.497	0.075	0.428	0.001
0.997	0.001	0.001	0.001
0.941	0.057	0.001	0.001
0.886	0.001	0.001	0.112
>GTAGGCGT	2-GTAGGCGT	6.773589	-37.708174	0	T:536.0(30.28%),B:10339.2(21.76%),P:1e-16	Tpos:262.3,Tstd:260.0,Bpos:198.6,Bstd:133.3,StrandBias:-0.2,Multiplicity:1.42
0.001	0.105	0.800	0.094
0.320	0.001	0.152	0.527
0.644	0.001	0.354	0.001
0.097	0.019	0.774	0.110
0.015	0.001	0.949	0.035
0.032	0.966	0.001	0.001
0.001	0.001	0.997	0.001
0.001	0.001	0.193	0.805
>CACCCCCT	3-CACCCCCT	6.939107	-36.528759	0	T:482.0(27.23%),B:9119.3(19.19%),P:1e-15	Tpos:264.8,Tstd:379.8,Bpos:203.1,Bstd:132.7,StrandBias:0.1,Multiplicity:1.16
0.001	0.997	0.001	0.001
0.948	0.001	0.050	0.001
0.258	0.740	0.001	0.001
0.001	0.997	0.001	0.001
0.001	0.997	0.001	0.001
0.001	0.721	0.277	0.001
0.394	0.604	0.001	0.001
0.012	0.001	0.001	0.986
>AGGGGCGG	4-AGGGGCGG	6.470220	-35.709724	0	T:790.0(44.63%),B:16760.5(35.27%),P:1e-15	Tpos:253.9,Tstd:223.3,Bpos:199.4,Bstd:134.5,StrandBias:-0.1,Multiplicity:1.74
0.894	0.001	0.001	0.104
0.164	0.001	0.495	0.340
0.229	0.001	0.683	0.087
0.001	0.001	0.997	0.001
0.001	0.001	0.997	0.001
0.001	0.930	0.001	0.068
0.001	0.001	0.997	0.001
0.028	0.001	0.667	0.304
>ACCAATCA	5-ACCAATCA	7.189536	-34.796840	0	T:216.0(12.20%),B:3279.7(6.90%),P:1e-15	Tpos:296.5,Tstd:275.2,Bpos:182.8,Bstd:118.2,StrandBias:0.1,Multiplicity:1.19
0.569	0.001	0.258	0.172
0.001	0.979	0.019	0.001
0.001	0.943	0.041	0.015
0.935	0.053	0.001	0.011
0.960	0.001	0.038	0.001
0.023	0.001	0.001	0.975
0.032	0.876	0.091	0.001
0.886	0.028	0.085	0.001
>AGCGTTAA	6-AGCGTTAA	5.424298	-34.206790	0	T:533.0(30.11%),B:10458.1(22.01%),P:1e-14	Tpos:282.0,Tstd:374.5,Bpos:212.7,Bstd:141.0,StrandBias:-0.0,Multiplicity:1.24
0.763	0.051	0.001	0.185
0.032	0.038	0.877	0.053
0.036	0.942	0.021	0.001
0.001	0.115	0.843	0.041
0.006	0.126	0.115	0.753
0.127	0.089	0.080	0.704
0.553	0.160	0.131	0.156
0.609	0.149	0.157	0.085
>AGTCCCGC	7-AGTCCCGC	5.437577	-31.222157	0	T:192.0(10.85%),B:2904.5(6.11%),P:1e-13	Tpos:245.2,Tstd:172.1,Bpos:211.5,Bstd:139.4,StrandBias:0.1,Multiplicity:1.11
0.997	0.001	0.001	0.001
0.094	0.001	0.904	0.001
0.001	0.001	0.001	0.997
0.039	0.959	0.001	0.001
0.001	0.997	0.001	0.001
0.001	0.997	0.001	0.001
0.001	0.001	0.997	0.001
0.101	0.897	0.001	0.001
>TTCGCTAG	8-TTCGCTAG	5.844382	-27.669097	0	T:363.0(20.51%),B:6802.1(14.32%),P:1e-12	Tpos:269.2,Tstd:282.1,Bpos:210.3,Bstd:140.8,StrandBias:0.0,Multiplicity:1.12
0.001	0.075	0.107	0.817
0.001	0.098	0.053	0.848
0.001	0.878	0.085	0.036
0.001	0.095	0.903	0.001
0.018	0.961	0.001	0.020
0.001	0.001	0.001	0.997
0.976	0.022	0.001	0.001
0.018	0.152	0.809	0.021
>TCCGGAST	9-TCCGGAST	6.942996	-27.435217	0	T:387.0(21.86%),B:7372.1(15.51%),P:1e-11	Tpos:241.4,Tstd:182.2,Bpos:212.4,Bstd:140.9,StrandBias:-0.1,Multiplicity:1.13
0.001	0.001	0.001	0.997
0.001	0.671	0.327	0.001
0.001	0.997	0.001	0.001
0.001	0.114	0.884	0.001
0.202	0.001	0.476	0.321
0.840	0.001	0.158	0.001
0.001	0.571	0.427	0.001
0.370	0.001	0.001	0.628
>GGATTCGT	10-GGATTCGT	7.043836	-25.790625	0	T:201.0(11.36%),B:3281.2(6.91%),P:1e-11	Tpos:286.0,Tstd:413.7,Bpos:211.8,Bstd:142.2,StrandBias:-0.2,Multiplicity:1.07
0.001	0.001	0.926	0.072
0.001	0.049	0.949	0.001
0.908	0.054	0.001	0.037
0.111	0.001	0.001	0.887
0.019	0.057	0.026	0.898
0.016	0.734	0.050	0.200
0.001	0.137	0.861	0.001
0.027	0.051	0.079	0.843
>TAWNTCGA	11-TAWNTCGA	4.641402	-22.820049	0	T:642.0(36.27%),B:13903.8(29.26%),P:1e-9	Tpos:273.7,Tstd:341.2,Bpos:215.0,Bstd:142.7,StrandBias:0.1,Multiplicity:1.35
0.001	0.001	0.001	0.997
0.790	0.208	0.001	0.001
0.509	0.001	0.012	0.478
0.279	0.173	0.311	0.237
0.069	0.189	0.067	0.675
0.001	0.997	0.001	0.001
0.018	0.001	0.980	0.001
0.612	0.140	0.247	0.001
>ACCGGATT	12-ACCGGATT	7.522857	-21.679191	0	T:114.0(6.44%),B:1637.3(3.45%),P:1e-9	Tpos:247.5,Tstd:204.9,Bpos:221.5,Bstd:148.0,StrandBias:0.3,Multiplicity:1.05
0.800	0.128	0.071	0.001
0.001	0.927	0.036	0.036
0.001	0.970	0.005	0.024
0.065	0.001	0.933	0.001
0.009	0.005	0.985	0.001
0.540	0.202	0.257	0.001
0.001	0.001	0.069	0.929
0.009	0.001	0.031	0.959
>AGGSTGGG	13-AGGSTGGG	8.604754	-18.038035	0	T:513.0(28.98%),B:11046.1(23.25%),P:1e-7	Tpos:264.0,Tstd:216.7,Bpos:206.3,Bstd:131.4,StrandBias:-0.0,Multiplicity:1.27
0.997	0.001	0.001	0.001
0.001	0.001	0.997	0.001
0.001	0.001	0.854	0.144
0.029	0.414	0.556	0.001
0.001	0.305	0.001	0.693
0.001	0.001	0.997	0.001
0.001	0.001	0.932	0.066
0.002	0.274	0.674	0.050
>TTTTTCAG	14-TTTTTCAG	5.036745	-11.968135	0	T:160.0(9.04%),B:3013.8(6.34%),P:1e-5	Tpos:308.5,Tstd:346.6,Bpos:215.6,Bstd:144.0,StrandBias:0.1,Multiplicity:1.46
0.208	0.001	0.001	0.790
0.001	0.001	0.001	0.997
0.001	0.001	0.001	0.997
0.001	0.001	0.001	0.997
0.098	0.001	0.001	0.900
0.001	0.997	0.001	0.001
0.997	0.001	0.001	0.001
0.001	0.117	0.881	0.001
>GTAGGACC	15-GTAGGACC	6.925563	-11.863417	0	T:291.0(16.44%),B:6101.5(12.84%),P:1e-5	Tpos:275.2,Tstd:320.7,Bpos:213.5,Bstd:133.8,StrandBias:-0.1,Multiplicity:1.24
0.052	0.085	0.826	0.037
0.001	0.089	0.001	0.909
0.816	0.090	0.093	0.001
0.001	0.001	0.997	0.001
0.071	0.014	0.879	0.036
0.997	0.001	0.001	0.001
0.045	0.820	0.103	0.032
0.001	0.864	0.069	0.066
>TGGAAAAT	16-TGGAAAAT	9.323345	-5.991430	0	T:40.0(2.26%),B:662.0(1.39%),P:1e-2	Tpos:291.7,Tstd:256.4,Bpos:222.8,Bstd:137.9,StrandBias:0.4,Multiplicity:1.69
0.001	0.001	0.001	0.997
0.001	0.197	0.801	0.001
0.001	0.001	0.997	0.001
0.997	0.001	0.001	0.001
0.997	0.001	0.001	0.001
0.883	0.001	0.001	0.115
0.997	0.001	0.001	0.001
0.001	0.001	0.001	0.997
