>CTTATCGC	1-CTTATCGC	5.356291	-121.750941	0	T:246.0(24.19%),B:3883.2(8.20%),P:1e-52	Tpos:321.0,Tstd:541.1,Bpos:210.6,Bstd:125.9,StrandBias:0.1,Multiplicity:1.24
0.001	0.655	0.343	0.001
0.001	0.001	0.001	0.997
0.001	0.001	0.001	0.997
0.997	0.001	0.001	0.001
0.001	0.001	0.001	0.997
0.001	0.997	0.001	0.001
0.001	0.001	0.640	0.358
0.014	0.503	0.174	0.309
>TGACTCAT	2-TGACTCAT	6.787616	-75.357831	0	T:211.0(20.75%),B:4029.3(8.51%),P:1e-32	Tpos:248.8,Tstd:201.6,Bpos:210.4,Bstd:122.4,StrandBias:0.0,Multiplicity:1.15
0.001	0.001	0.001	0.997
0.001	0.025	0.973	0.001
0.969	0.001	0.001	0.029
0.013	0.737	0.176	0.074
0.025	0.001	0.024	0.950
0.001	0.997	0.001	0.001
0.997	0.001	0.001	0.001
0.056	0.206	0.182	0.556
>ACATTCYT	3-ACATTCYT	5.342241	-65.814188	0	T:248.0(24.39%),B:5542.8(11.71%),P:1e-28	Tpos:281.1,Tstd:404.4,Bpos:207.4,Bstd:122.3,StrandBias:-0.2,Multiplicity:1.35
0.657	0.001	0.341	0.001
0.001	0.997	0.001	0.001
0.997	0.001	0.001	0.001
0.001	0.001	0.001	0.997
0.001	0.001	0.001	0.997
0.189	0.809	0.001	0.001
0.001	0.552	0.001	0.446
0.011	0.001	0.001	0.987
>CTGATAAG	4-CTGATAAG	7.293113	-35.114112	0	T:96.0(9.44%),B:1778.5(3.76%),P:1e-15	Tpos:329.6,Tstd:649.0,Bpos:206.5,Bstd:123.8,StrandBias:0.2,Multiplicity:1.04
0.001	0.997	0.001	0.001
0.001	0.001	0.001	0.997
0.001	0.001	0.997	0.001
0.997	0.001	0.001	0.001
0.001	0.001	0.001	0.997
0.880	0.001	0.001	0.118
0.946	0.052	0.001	0.001
0.001	0.204	0.794	0.001
>YRCTATCT	5-YRCTATCT	7.968332	-30.236937	0	T:104.0(10.23%),B:2178.9(4.60%),P:1e-13	Tpos:228.4,Tstd:233.3,Bpos:206.0,Bstd:122.6,StrandBias:-0.6,Multiplicity:1.05
0.001	0.396	0.093	0.510
0.375	0.190	0.333	0.102
0.001	0.870	0.027	0.102
0.060	0.001	0.134	0.805
0.860	0.001	0.001	0.138
0.001	0.001	0.072	0.926
0.071	0.902	0.016	0.011
0.050	0.001	0.045	0.904
>GGAATTCC	6-GGAATTCC	7.451336	-24.575156	0	T:150.0(14.75%),B:3988.3(8.42%),P:1e-10	Tpos:280.3,Tstd:374.6,Bpos:209.8,Bstd:126.1,StrandBias:0.2,Multiplicity:1.14
0.245	0.001	0.536	0.218
0.069	0.034	0.896	0.001
0.910	0.088	0.001	0.001
0.898	0.059	0.001	0.042
0.001	0.001	0.001	0.997
0.001	0.099	0.001	0.899
0.001	0.997	0.001	0.001
0.001	0.973	0.025	0.001
>CCTGAGGC	7-CCTGAGGC	6.777864	-24.157644	0	T:329.0(32.35%),B:11037.6(23.31%),P:1e-10	Tpos:254.6,Tstd:322.2,Bpos:210.3,Bstd:129.5,StrandBias:0.1,Multiplicity:1.24
0.001	0.997	0.001	0.001
0.002	0.863	0.029	0.106
0.103	0.187	0.112	0.598
0.237	0.275	0.433	0.056
0.710	0.056	0.233	0.001
0.121	0.076	0.802	0.001
0.009	0.001	0.989	0.001
0.037	0.624	0.319	0.020
>GTAAATTC	8-GTAAATTC	8.236954	-23.409716	0	T:35.0(3.44%),B:433.9(0.92%),P:1e-10	Tpos:175.5,Tstd:128.2,Bpos:214.3,Bstd:129.1,StrandBias:-0.2,Multiplicity:1.03
0.100	0.100	0.700	0.100
0.100	0.100	0.100	0.700
0.700	0.100	0.100	0.100
0.700	0.100	0.100	0.100
0.700	0.100	0.100	0.100
0.100	0.100	0.100	0.700
0.100	0.100	0.100	0.700
0.100	0.700	0.100	0.100
>CCTATTCG	9-CCTATTCG	6.711960	-23.051850	0	T:63.0(6.19%),B:1176.8(2.49%),P:1e-10	Tpos:401.6,Tstd:761.6,Bpos:210.8,Bstd:128.9,StrandBias:0.3,Multiplicity:1.07
0.234	0.676	0.089	0.001
0.054	0.887	0.058	0.001
0.001	0.184	0.093	0.722
0.997	0.001	0.001	0.001
0.001	0.089	0.001	0.909
0.154	0.001	0.001	0.844
0.001	0.997	0.001	0.001
0.038	0.001	0.960	0.001
>AKCTARCC	10-AKCTARCC	8.410852	-22.523075	0	T:68.0(6.69%),B:1340.6(2.83%),P:1e-9	Tpos:337.1,Tstd:338.7,Bpos:202.6,Bstd:127.0,StrandBias:0.2,Multiplicity:1.33
0.633	0.001	0.365	0.001
0.011	0.001	0.420	0.568
0.001	0.997	0.001	0.001
0.001	0.001	0.102	0.896
0.997	0.001	0.001	0.001
0.561	0.001	0.437	0.001
0.025	0.591	0.001	0.383
0.001	0.997	0.001	0.001
>RWTTACGA	11-RWTTACGA	5.845615	-22.505037	0	T:206.0(20.26%),B:6215.2(13.13%),P:1e-9	Tpos:393.1,Tstd:695.3,Bpos:208.4,Bstd:129.2,StrandBias:-0.0,Multiplicity:1.21
0.398	0.001	0.525	0.076
0.468	0.011	0.011	0.510
0.111	0.039	0.002	0.848
0.124	0.024	0.176	0.676
0.657	0.107	0.063	0.173
0.072	0.614	0.200	0.114
0.093	0.183	0.704	0.020
0.836	0.053	0.039	0.072
>TATGGCGA	12-TATGGCGA	10.997826	-22.189326	0	T:16.0(1.57%),B:89.3(0.19%),P:1e-9	Tpos:424.5,Tstd:437.1,Bpos:220.5,Bstd:130.7,StrandBias:0.9,Multiplicity:3.00
0.001	0.001	0.001	0.997
0.997	0.001	0.001	0.001
0.001	0.001	0.001	0.997
0.001	0.001	0.997	0.001
0.001	0.001	0.931	0.067
0.001	0.997	0.001	0.001
0.001	0.001	0.997	0.001
0.997	0.001	0.001	0.001
>TGTAGTAS	13-TGTAGTAS	8.552324	-21.280988	0	T:58.0(5.70%),B:1084.7(2.29%),P:1e-9	Tpos:298.8,Tstd:288.0,Bpos:205.5,Bstd:121.6,StrandBias:0.2,Multiplicity:1.62
0.001	0.060	0.001	0.938
0.001	0.001	0.746	0.252
0.001	0.146	0.001	0.852
0.997	0.001	0.001	0.001
0.001	0.115	0.883	0.001
0.001	0.044	0.402	0.553
0.704	0.251	0.044	0.001
0.001	0.532	0.406	0.061
>GGGCGKDD	14-GGGCGKDD	5.646732	-16.725393	0	T:329.0(32.35%),B:11787.8(24.90%),P:1e-7	Tpos:301.9,Tstd:467.7,Bpos:201.4,Bstd:136.0,StrandBias:-0.1,Multiplicity:1.57
0.001	0.001	0.984	0.014
0.135	0.066	0.630	0.169
0.030	0.321	0.648	0.001
0.169	0.472	0.110	0.249
0.001	0.001	0.997	0.001
0.189	0.017	0.333	0.461
0.281	0.126	0.342	0.251
0.350	0.001	0.373	0.275
>ACGRAAAA	15-ACGRAAAA	7.968071	-15.394042	0	T:75.0(7.37%),B:1849.7(3.91%),P:1e-6	Tpos:354.5,Tstd:482.0,Bpos:209.3,Bstd:133.8,StrandBias:0.6,Multiplicity:2.11
0.997	0.001	0.001	0.001
0.001	0.997	0.001	0.001
0.001	0.001	0.862	0.136
0.471	0.001	0.527	0.001
0.997	0.001	0.001	0.001
0.997	0.001	0.001	0.001
0.624	0.001	0.001	0.374
0.997	0.001	0.001	0.001
>CTGAGATT	16-CTGAGATT	8.499405	-15.166035	0	T:123.0(12.09%),B:3583.5(7.57%),P:1e-6	Tpos:251.1,Tstd:391.5,Bpos:206.0,Bstd:122.8,StrandBias:0.2,Multiplicity:1.07
0.001	0.997	0.001	0.001
0.001	0.001	0.272	0.726
0.001	0.001	0.997	0.001
0.866	0.011	0.001	0.122
0.001	0.001	0.997	0.001
0.859	0.139	0.001	0.001
0.001	0.001	0.001	0.997
0.001	0.001	0.001	0.997
>TACTTTGC	17-TACTTTGC	7.089023	-14.031612	0	T:50.0(4.92%),B:1088.1(2.30%),P:1e-6	Tpos:251.9,Tstd:246.6,Bpos:201.0,Bstd:127.9,StrandBias:0.1,Multiplicity:1.02
0.222	0.001	0.001	0.776
0.997	0.001	0.001	0.001
0.001	0.997	0.001	0.001
0.001	0.001	0.001	0.997
0.001	0.001	0.001	0.997
0.001	0.024	0.001	0.974
0.001	0.001	0.997	0.001
0.001	0.997	0.001	0.001
>ATGATAAG	18-ATGATAAG	7.664950	-13.117629	0	T:57.0(5.60%),B:1353.6(2.86%),P:1e-5	Tpos:252.8,Tstd:287.8,Bpos:204.4,Bstd:122.2,StrandBias:0.4,Multiplicity:1.04
0.997	0.001	0.001	0.001
0.001	0.082	0.001	0.916
0.404	0.001	0.594	0.001
0.997	0.001	0.001	0.001
0.001	0.001	0.001	0.997
0.997	0.001	0.001	0.001
0.997	0.001	0.001	0.001
0.001	0.001	0.997	0.001
>CTTGACGA	19-CTTGACGA	8.236954	-11.876749	0	T:12.0(1.18%),B:110.5(0.23%),P:1e-5	Tpos:290.5,Tstd:216.7,Bpos:192.7,Bstd:139.0,StrandBias:1.5,Multiplicity:1.25
0.100	0.700	0.100	0.100
0.100	0.100	0.100	0.700
0.100	0.100	0.100	0.700
0.100	0.100	0.700	0.100
0.700	0.100	0.100	0.100
0.100	0.700	0.100	0.100
0.100	0.100	0.700	0.100
0.700	0.100	0.100	0.100
>GGGGTGGG	20-GGGGTGGG	10.910967	-6.925139	0	T:114.0(11.21%),B:3959.0(8.36%),P:1e-3	Tpos:358.2,Tstd:575.8,Bpos:203.2,Bstd:125.0,StrandBias:0.1,Multiplicity:1.42
0.001	0.001	0.997	0.001
0.001	0.001	0.997	0.001
0.001	0.001	0.997	0.001
0.001	0.001	0.997	0.001
0.001	0.001	0.001	0.997
0.001	0.001	0.997	0.001
0.001	0.071	0.927	0.001
0.001	0.001	0.918	0.080
>AAATGAGA	21-AAATGAGA	8.236954	-5.023872	0	T:43.0(4.23%),B:1334.6(2.82%),P:1e-2	Tpos:361.7,Tstd:299.6,Bpos:210.8,Bstd:127.2,StrandBias:0.4,Multiplicity:2.44
0.700	0.100	0.100	0.100
0.700	0.100	0.100	0.100
0.700	0.100	0.100	0.100
0.100	0.100	0.100	0.700
0.100	0.100	0.700	0.100
0.700	0.100	0.100	0.100
0.100	0.100	0.700	0.100
0.700	0.100	0.100	0.100
