>TGAGTCAC	1-TGAGTCAC	9.398334	-926.773619	0	T:7106.0(16.30%),B:4084.7(9.69%),P:1e-402	Tpos:1369.4,Tstd:2650.1,Bpos:647.8,Bstd:373.6,StrandBias:0.0,Multiplicity:1.21
0.001	0.001	0.001	0.997
0.001	0.001	0.997	0.001
0.997	0.001	0.001	0.001
0.001	0.251	0.747	0.001
0.001	0.001	0.001	0.997
0.001	0.997	0.001	0.001
0.997	0.001	0.001	0.001
0.001	0.610	0.138	0.251
>CCTSAGGC	2-CCTSAGGC	7.938769	-391.271697	0	T:10734.0(24.62%),B:8093.6(19.20%),P:1e-169	Tpos:1419.1,Tstd:2319.7,Bpos:648.0,Bstd:376.8,StrandBias:-0.0,Multiplicity:1.32
0.006	0.986	0.001	0.007
0.012	0.893	0.059	0.036
0.035	0.284	0.053	0.628
0.164	0.329	0.337	0.170
0.708	0.040	0.251	0.001
0.022	0.016	0.960	0.002
0.005	0.006	0.958	0.031
0.012	0.699	0.269	0.020
>RCCCCGCC	3-RCCCCGCC	9.708386	-373.465318	0	T:9523.0(21.85%),B:7081.2(16.80%),P:1e-162	Tpos:1371.5,Tstd:1837.9,Bpos:637.3,Bstd:359.7,StrandBias:-0.0,Multiplicity:1.87
0.533	0.001	0.396	0.070
0.053	0.840	0.055	0.052
0.026	0.886	0.026	0.062
0.073	0.897	0.019	0.011
0.001	0.974	0.024	0.001
0.001	0.001	0.997	0.001
0.001	0.981	0.017	0.001
0.001	0.997	0.001	0.001
>SCCTRGGG	4-SCCTRGGG	8.599002	-343.398681	0	T:7246.0(16.62%),B:5198.3(12.33%),P:1e-149	Tpos:1505.9,Tstd:2424.9,Bpos:656.2,Bstd:383.9,StrandBias:0.0,Multiplicity:1.23
0.018	0.462	0.500	0.020
0.030	0.805	0.098	0.067
0.054	0.833	0.070	0.043
0.001	0.080	0.120	0.799
0.363	0.143	0.406	0.088
0.040	0.052	0.907	0.001
0.034	0.054	0.891	0.021
0.001	0.007	0.942	0.050
>ACATTCCK	5-ACATTCCK	8.618900	-285.675683	0	T:8330.0(19.11%),B:6286.0(14.92%),P:1e-124	Tpos:1411.8,Tstd:2392.1,Bpos:639.7,Bstd:389.2,StrandBias:-0.0,Multiplicity:1.24
0.559	0.021	0.387	0.033
0.234	0.718	0.047	0.001
0.844	0.143	0.012	0.001
0.010	0.021	0.016	0.953
0.001	0.001	0.001	0.997
0.001	0.997	0.001	0.001
0.001	0.997	0.001	0.001
0.264	0.001	0.303	0.432
>GAATTCCG	6-GAATTCCG	6.579282	-223.734680	0	T:7769.0(17.82%),B:5985.6(14.20%),P:1e-97	Tpos:1418.2,Tstd:2493.2,Bpos:633.8,Bstd:400.7,StrandBias:-0.0,Multiplicity:1.21
0.194	0.118	0.617	0.071
0.675	0.224	0.054	0.047
0.711	0.151	0.055	0.083
0.078	0.087	0.074	0.761
0.029	0.074	0.089	0.808
0.026	0.863	0.082	0.029
0.042	0.851	0.075	0.032
0.091	0.072	0.714	0.123
>CCCCAGGS	7-CCCCAGGS	8.688137	-217.066394	0	T:16188.0(37.14%),B:13677.5(32.45%),P:1e-94	Tpos:1543.1,Tstd:2284.9,Bpos:667.5,Bstd:394.2,StrandBias:-0.0,Multiplicity:1.49
0.001	0.997	0.001	0.001
0.001	0.997	0.001	0.001
0.001	0.604	0.394	0.001
0.063	0.551	0.385	0.001
0.997	0.001	0.001	0.001
0.060	0.001	0.938	0.001
0.001	0.001	0.997	0.001
0.001	0.420	0.515	0.064
>CTAGSGCG	8-CTAGSGCG	5.129395	-169.642136	0	T:15977.0(36.65%),B:13707.0(32.52%),P:1e-73	Tpos:1394.8,Tstd:2046.4,Bpos:667.8,Bstd:410.1,StrandBias:-0.0,Multiplicity:2.14
0.243	0.533	0.118	0.106
0.129	0.251	0.199	0.421
0.585	0.120	0.145	0.150
0.165	0.152	0.600	0.083
0.199	0.323	0.386	0.092
0.096	0.136	0.623	0.145
0.028	0.811	0.157	0.004
0.043	0.030	0.809	0.118
>GAATTTAC	9-GAATTTAC	8.236954	-165.302678	0	T:1673.0(3.84%),B:1014.2(2.41%),P:1e-71	Tpos:1295.0,Tstd:2374.9,Bpos:646.4,Bstd:415.6,StrandBias:-0.0,Multiplicity:1.09
0.100	0.100	0.700	0.100
0.700	0.100	0.100	0.100
0.700	0.100	0.100	0.100
0.100	0.100	0.100	0.700
0.100	0.100	0.100	0.700
0.100	0.100	0.100	0.700
0.700	0.100	0.100	0.100
0.100	0.700	0.100	0.100
>CGCGGGAA	10-CGCGGGAA	7.394965	-161.120808	0	T:7773.0(17.83%),B:6211.3(14.74%),P:1e-69	Tpos:1335.1,Tstd:1801.7,Bpos:680.3,Bstd:413.4,StrandBias:0.0,Multiplicity:1.41
0.048	0.821	0.077	0.054
0.001	0.048	0.880	0.071
0.027	0.897	0.044	0.032
0.053	0.137	0.809	0.001
0.014	0.001	0.961	0.024
0.063	0.018	0.909	0.010
0.912	0.001	0.066	0.021
0.858	0.073	0.051	0.018
>RAAACCGG	11-RAAACCGG	5.520800	-156.381360	0	T:5092.0(11.68%),B:3866.2(9.17%),P:1e-67	Tpos:1448.7,Tstd:2156.1,Bpos:647.3,Bstd:425.9,StrandBias:0.0,Multiplicity:1.18
0.240	0.226	0.380	0.153
0.511	0.198	0.164	0.127
0.665	0.047	0.182	0.106
0.477	0.169	0.099	0.256
0.145	0.522	0.234	0.099
0.001	0.848	0.145	0.006
0.001	0.271	0.716	0.012
0.139	0.231	0.485	0.145
>CCGCTAGG	12-CCGCTAGG	7.157212	-151.313511	0	T:5648.0(12.96%),B:4367.5(10.36%),P:1e-65	Tpos:1468.4,Tstd:2282.7,Bpos:664.0,Bstd:402.4,StrandBias:-0.0,Multiplicity:1.18
0.066	0.746	0.042	0.146
0.001	0.957	0.041	0.001
0.089	0.162	0.598	0.151
0.001	0.868	0.008	0.123
0.075	0.143	0.111	0.671
0.738	0.001	0.231	0.030
0.125	0.021	0.799	0.055
0.274	0.064	0.493	0.169
>BWAACCGG	13-BWAACCGG	5.943540	-141.599451	0	T:7638.0(17.52%),B:6169.1(14.64%),P:1e-61	Tpos:1552.8,Tstd:2469.3,Bpos:651.7,Bstd:421.0,StrandBias:-0.0,Multiplicity:1.18
0.085	0.260	0.267	0.389
0.385	0.100	0.096	0.419
0.680	0.071	0.121	0.128
0.657	0.133	0.165	0.045
0.058	0.730	0.121	0.091
0.001	0.945	0.053	0.001
0.001	0.099	0.899	0.001
0.100	0.175	0.724	0.001
>CGCGTTTC	14-CGCGTTTC	6.639501	-134.318613	0	T:6517.0(14.95%),B:5197.4(12.33%),P:1e-58	Tpos:1403.0,Tstd:2135.0,Bpos:648.4,Bstd:426.1,StrandBias:-0.1,Multiplicity:1.27
0.090	0.751	0.087	0.072
0.047	0.065	0.865	0.023
0.066	0.752	0.147	0.035
0.070	0.094	0.743	0.093
0.110	0.137	0.103	0.650
0.072	0.074	0.056	0.798
0.055	0.065	0.125	0.755
0.116	0.685	0.092	0.107
>GTRRCGYY	15-GTRRCGYY	6.883615	-128.564565	0	T:5926.0(13.59%),B:4695.8(11.14%),P:1e-55	Tpos:1340.6,Tstd:2052.4,Bpos:666.9,Bstd:409.5,StrandBias:0.0,Multiplicity:1.19
0.091	0.117	0.623	0.169
0.088	0.147	0.108	0.657
0.516	0.035	0.397	0.052
0.397	0.041	0.542	0.020
0.001	0.997	0.001	0.001
0.001	0.087	0.911	0.001
0.001	0.414	0.193	0.392
0.030	0.475	0.012	0.483
>YKCCGGGA	16-YKCCGGGA	8.130530	-95.295054	0	T:7163.0(16.43%),B:5952.1(14.12%),P:1e-41	Tpos:1385.3,Tstd:1857.2,Bpos:685.1,Bstd:406.8,StrandBias:-0.0,Multiplicity:1.37
0.188	0.477	0.001	0.334
0.221	0.001	0.420	0.358
0.001	0.997	0.001	0.001
0.001	0.997	0.001	0.001
0.001	0.381	0.617	0.001
0.001	0.001	0.997	0.001
0.287	0.001	0.711	0.001
0.997	0.001	0.001	0.001
>WBTCGCDR	17-WBTCGCDR	5.256093	-87.541882	0	T:5765.0(13.23%),B:4727.1(11.22%),P:1e-38	Tpos:1364.3,Tstd:1846.8,Bpos:666.0,Bstd:414.4,StrandBias:-0.0,Multiplicity:1.22
0.414	0.085	0.230	0.271
0.177	0.229	0.370	0.223
0.248	0.235	0.082	0.435
0.075	0.814	0.110	0.001
0.001	0.001	0.997	0.001
0.001	0.779	0.001	0.219
0.296	0.107	0.323	0.274
0.398	0.146	0.262	0.194
>ACTGCGSR	18-ACTGCGSR	6.952584	-78.511174	0	T:8246.0(18.92%),B:7034.8(16.69%),P:1e-34	Tpos:1315.6,Tstd:1798.5,Bpos:665.8,Bstd:404.5,StrandBias:-0.0,Multiplicity:1.32
0.606	0.163	0.196	0.035
0.001	0.941	0.016	0.042
0.294	0.001	0.001	0.704
0.001	0.190	0.654	0.155
0.030	0.968	0.001	0.001
0.001	0.125	0.873	0.001
0.081	0.492	0.426	0.001
0.449	0.043	0.452	0.055
>TGCGTCAM	19-TGCGTCAM	7.032581	-75.693245	0	T:2080.0(4.77%),B:1535.2(3.64%),P:1e-32	Tpos:1403.9,Tstd:1953.5,Bpos:625.8,Bstd:374.1,StrandBias:0.0,Multiplicity:1.07
0.090	0.376	0.001	0.533
0.031	0.001	0.684	0.284
0.270	0.698	0.031	0.001
0.001	0.029	0.969	0.001
0.145	0.181	0.001	0.673
0.054	0.750	0.055	0.141
0.759	0.001	0.215	0.025
0.304	0.362	0.150	0.183
>GCCTCCAG	20-GCCTCCAG	8.897243	-44.022418	0	T:8845.0(20.29%),B:7833.8(18.59%),P:1e-19	Tpos:1522.1,Tstd:2609.0,Bpos:664.3,Bstd:394.6,StrandBias:0.0,Multiplicity:1.28
0.001	0.001	0.997	0.001
0.001	0.997	0.001	0.001
0.001	0.997	0.001	0.001
0.001	0.001	0.001	0.997
0.001	0.757	0.241	0.001
0.001	0.478	0.318	0.203
0.685	0.001	0.313	0.001
0.001	0.001	0.997	0.001
>CATTCGGA	21-CATTCGGA	7.081800	-39.290121	0	T:4068.0(9.33%),B:3452.8(8.19%),P:1e-17	Tpos:1601.2,Tstd:2471.1,Bpos:647.1,Bstd:409.5,StrandBias:-0.0,Multiplicity:1.14
0.141	0.661	0.044	0.154
0.541	0.119	0.177	0.163
0.114	0.042	0.162	0.682
0.009	0.114	0.147	0.730
0.012	0.986	0.001	0.001
0.001	0.001	0.997	0.001
0.091	0.138	0.737	0.034
0.660	0.057	0.116	0.167
>ACATTCAG	22-ACATTCAG	8.236954	-36.630102	0	T:2417.0(5.54%),B:1977.1(4.69%),P:1e-15	Tpos:1360.4,Tstd:2282.6,Bpos:631.6,Bstd:381.0,StrandBias:0.1,Multiplicity:1.11
0.700	0.100	0.100	0.100
0.100	0.700	0.100	0.100
0.700	0.100	0.100	0.100
0.100	0.100	0.100	0.700
0.100	0.100	0.100	0.700
0.100	0.700	0.100	0.100
0.700	0.100	0.100	0.100
0.100	0.100	0.700	0.100
>CCCCCCCC	23-CCCCCCCC	10.346278	-31.715943	0	T:6498.0(14.91%),B:5750.7(13.65%),P:1e-13	Tpos:1686.6,Tstd:2668.4,Bpos:642.5,Bstd:403.0,StrandBias:0.0,Multiplicity:1.30
0.001	0.997	0.001	0.001
0.040	0.958	0.001	0.001
0.147	0.851	0.001	0.001
0.145	0.853	0.001	0.001
0.251	0.747	0.001	0.001
0.075	0.923	0.001	0.001
0.001	0.997	0.001	0.001
0.001	0.997	0.001	0.001
>GGGTGGGG	24-GGGTGGGG	10.499619	-9.730361	0	T:11852.0(27.19%),B:11115.1(26.37%),P:1e-4	Tpos:1595.7,Tstd:2389.9,Bpos:650.7,Bstd:389.3,StrandBias:-0.0,Multiplicity:1.79
0.001	0.001	0.997	0.001
0.001	0.001	0.997	0.001
0.001	0.001	0.997	0.001
0.001	0.001	0.001	0.997
0.001	0.001	0.997	0.001
0.001	0.116	0.724	0.159
0.219	0.001	0.779	0.001
0.001	0.001	0.997	0.001
>TTTTTTTT	25-TTTTTTTT	8.236954	-0.000000	0	T:14568.0(33.42%),B:14791.9(35.10%),P:1e0	Tpos:1758.8,Tstd:3126.3,Bpos:628.2,Bstd:442.1,StrandBias:0.0,Multiplicity:1.81
0.100	0.100	0.100	0.700
0.100	0.100	0.100	0.700
0.100	0.100	0.100	0.700
0.100	0.100	0.100	0.700
0.100	0.100	0.100	0.700
0.100	0.100	0.100	0.700
0.100	0.100	0.100	0.700
0.100	0.100	0.100	0.700
