>CCTBAGGC	1-CCTBAGGC	9.526888	-478.295528	0	T:3848.0(15.47%),B:2304.8(9.32%),P:1e-207	Tpos:387.2,Tstd:276.1,Bpos:283.9,Bstd:162.7,StrandBias:-0.0,Multiplicity:1.14
0.001	0.997	0.001	0.001
0.001	0.952	0.001	0.046
0.001	0.028	0.016	0.955
0.049	0.382	0.310	0.259
0.966	0.001	0.032	0.001
0.001	0.003	0.995	0.001
0.001	0.017	0.981	0.001
0.001	0.946	0.041	0.012
>CCTAGGGC	2-CCTAGGGC	7.730602	-320.088780	0	T:4553.0(18.30%),B:3141.2(12.70%),P:1e-139	Tpos:411.6,Tstd:305.0,Bpos:286.8,Bstd:172.5,StrandBias:-0.0,Multiplicity:1.19
0.001	0.997	0.001	0.001
0.012	0.871	0.001	0.116
0.087	0.168	0.001	0.744
0.471	0.172	0.239	0.118
0.001	0.338	0.660	0.001
0.172	0.074	0.753	0.001
0.001	0.001	0.997	0.001
0.124	0.631	0.191	0.054
>GCCACGCC	3-GCCACGCC	6.892769	-294.043067	0	T:8863.0(35.63%),B:7069.1(28.58%),P:1e-127	Tpos:414.3,Tstd:289.0,Bpos:261.0,Bstd:163.1,StrandBias:0.0,Multiplicity:1.96
0.190	0.033	0.694	0.083
0.092	0.668	0.072	0.168
0.068	0.751	0.054	0.127
0.542	0.360	0.018	0.080
0.066	0.839	0.054	0.041
0.240	0.001	0.685	0.074
0.037	0.924	0.005	0.034
0.022	0.898	0.030	0.050
>ACATTCCT	4-ACATTCCT	8.326849	-259.645468	0	T:3435.0(13.81%),B:2317.1(9.37%),P:1e-112	Tpos:353.6,Tstd:293.2,Bpos:277.3,Bstd:167.6,StrandBias:0.0,Multiplicity:1.15
0.774	0.001	0.224	0.001
0.053	0.818	0.128	0.001
0.997	0.001	0.001	0.001
0.009	0.001	0.001	0.989
0.001	0.001	0.001	0.997
0.019	0.979	0.001	0.001
0.001	0.854	0.018	0.127
0.166	0.018	0.001	0.815
>GCCTTGAG	5-GCCTTGAG	6.907194	-226.049820	0	T:9279.0(37.30%),B:7672.6(31.02%),P:1e-98	Tpos:385.6,Tstd:304.0,Bpos:279.8,Bstd:169.6,StrandBias:-0.0,Multiplicity:1.31
0.001	0.027	0.971	0.001
0.021	0.977	0.001	0.001
0.001	0.958	0.001	0.040
0.001	0.070	0.001	0.928
0.247	0.043	0.231	0.480
0.414	0.001	0.584	0.001
0.839	0.001	0.159	0.001
0.134	0.001	0.843	0.022
>AGATAAGA	6-AGATAAGA	8.226323	-217.453844	0	T:1828.0(7.35%),B:1091.5(4.41%),P:1e-94	Tpos:380.1,Tstd:323.4,Bpos:284.8,Bstd:164.1,StrandBias:0.1,Multiplicity:1.11
0.696	0.158	0.001	0.145
0.001	0.001	0.997	0.001
0.997	0.001	0.001	0.001
0.001	0.001	0.001	0.997
0.842	0.001	0.001	0.156
0.895	0.001	0.103	0.001
0.145	0.299	0.555	0.001
0.631	0.001	0.367	0.001
>ATTCCGGN	7-ATTCCGGN	5.396331	-196.039197	0	T:4457.0(17.92%),B:3337.9(13.49%),P:1e-85	Tpos:410.6,Tstd:320.9,Bpos:281.5,Bstd:181.9,StrandBias:-0.0,Multiplicity:1.24
0.555	0.091	0.183	0.171
0.238	0.152	0.086	0.524
0.075	0.085	0.141	0.699
0.014	0.821	0.052	0.113
0.048	0.820	0.131	0.001
0.092	0.139	0.726	0.043
0.113	0.239	0.561	0.087
0.320	0.305	0.178	0.196
>GCATTCSW	8-GCATTCSW	7.843213	-190.384187	0	T:2141.0(8.61%),B:1381.7(5.59%),P:1e-82	Tpos:370.3,Tstd:329.5,Bpos:284.9,Bstd:169.9,StrandBias:-0.1,Multiplicity:1.04
0.250	0.046	0.632	0.072
0.374	0.579	0.046	0.001
0.824	0.001	0.174	0.001
0.001	0.001	0.001	0.997
0.035	0.001	0.001	0.963
0.001	0.997	0.001	0.001
0.070	0.466	0.327	0.136
0.551	0.001	0.036	0.412
>GCTCCGCC	9-GCTCCGCC	9.635897	-168.682646	0	T:2762.0(11.10%),B:1937.3(7.83%),P:1e-73	Tpos:431.9,Tstd:281.9,Bpos:262.1,Bstd:165.9,StrandBias:-0.1,Multiplicity:1.25
0.284	0.001	0.639	0.076
0.076	0.865	0.001	0.058
0.001	0.001	0.001	0.997
0.001	0.965	0.001	0.033
0.001	0.997	0.001	0.001
0.001	0.001	0.997	0.001
0.001	0.997	0.001	0.001
0.001	0.997	0.001	0.001
>GCCTCACC	10-GCCTCACC	4.235445	-145.042117	0	T:5055.0(20.32%),B:4023.6(16.27%),P:1e-62	Tpos:382.1,Tstd:309.3,Bpos:280.3,Bstd:173.8,StrandBias:0.0,Multiplicity:1.11
0.001	0.001	0.997	0.001
0.001	0.997	0.001	0.001
0.001	0.997	0.001	0.001
0.013	0.001	0.001	0.985
0.073	0.925	0.001	0.001
0.909	0.001	0.001	0.089
0.001	0.997	0.001	0.001
0.001	0.997	0.001	0.001
>CAAGGTCA	11-CAAGGTCA	7.644942	-141.437272	0	T:3270.0(13.15%),B:2440.8(9.87%),P:1e-61	Tpos:367.8,Tstd:314.9,Bpos:284.3,Bstd:170.6,StrandBias:0.0,Multiplicity:1.13
0.001	0.997	0.001	0.001
0.940	0.001	0.058	0.001
0.997	0.001	0.001	0.001
0.001	0.045	0.953	0.001
0.001	0.001	0.997	0.001
0.137	0.001	0.001	0.861
0.001	0.936	0.001	0.062
0.944	0.001	0.054	0.001
>TGCGGRAA	12-TGCGGRAA	5.197030	-131.934639	0	T:9390.0(37.75%),B:8144.0(32.92%),P:1e-57	Tpos:407.2,Tstd:318.2,Bpos:284.9,Bstd:178.2,StrandBias:-0.0,Multiplicity:1.57
0.105	0.019	0.233	0.643
0.010	0.287	0.669	0.034
0.001	0.997	0.001	0.001
0.001	0.149	0.849	0.001
0.084	0.033	0.686	0.197
0.372	0.077	0.388	0.163
0.599	0.041	0.083	0.277
0.570	0.073	0.070	0.287
>MGHTWMGS	13-MGHTWMGS	4.834789	-125.071620	0	T:4398.0(17.68%),B:3494.5(14.13%),P:1e-54	Tpos:394.9,Tstd:323.5,Bpos:283.3,Bstd:177.0,StrandBias:0.1,Multiplicity:1.14
0.402	0.344	0.085	0.169
0.133	0.001	0.865	0.001
0.327	0.278	0.083	0.312
0.002	0.319	0.084	0.595
0.344	0.195	0.001	0.460
0.345	0.454	0.094	0.107
0.241	0.001	0.642	0.116
0.220	0.398	0.283	0.099
>ACGCGATT	14-ACGCGATT	4.681747	-120.515480	0	T:7018.0(28.21%),B:5935.8(24.00%),P:1e-52	Tpos:398.2,Tstd:323.3,Bpos:277.1,Bstd:180.2,StrandBias:-0.0,Multiplicity:1.37
0.678	0.115	0.118	0.089
0.094	0.776	0.076	0.054
0.056	0.112	0.746	0.086
0.088	0.764	0.062	0.086
0.080	0.060	0.802	0.058
0.715	0.093	0.089	0.103
0.130	0.074	0.067	0.729
0.084	0.066	0.058	0.792
>AGACCGGT	15-AGACCGGT	5.600624	-118.864676	0	T:6142.0(24.69%),B:5121.6(20.71%),P:1e-51	Tpos:405.7,Tstd:323.3,Bpos:286.6,Bstd:179.5,StrandBias:-0.1,Multiplicity:1.31
0.772	0.072	0.112	0.044
0.160	0.106	0.670	0.064
0.671	0.043	0.182	0.104
0.057	0.699	0.110	0.134
0.014	0.893	0.082	0.011
0.010	0.091	0.830	0.069
0.068	0.139	0.741	0.052
0.080	0.163	0.031	0.726
>CGGAAGTD	16-CGGAAGTD	7.650709	-111.940877	0	T:1435.0(5.77%),B:951.1(3.85%),P:1e-48	Tpos:401.7,Tstd:276.1,Bpos:258.4,Bstd:146.8,StrandBias:0.1,Multiplicity:1.12
0.323	0.503	0.055	0.119
0.001	0.244	0.754	0.001
0.001	0.099	0.899	0.001
0.682	0.024	0.190	0.104
0.688	0.201	0.024	0.087
0.001	0.001	0.862	0.136
0.047	0.001	0.029	0.923
0.252	0.140	0.264	0.343
>SCTTATCG	17-SCTTATCG	4.108294	-109.304579	0	T:947.0(3.81%),B:568.9(2.30%),P:1e-47	Tpos:368.2,Tstd:302.7,Bpos:279.8,Bstd:165.8,StrandBias:-0.1,Multiplicity:1.03
0.001	0.523	0.475	0.001
0.001	0.997	0.001	0.001
0.001	0.001	0.001	0.997
0.007	0.001	0.001	0.991
0.997	0.001	0.001	0.001
0.001	0.001	0.001	0.997
0.001	0.997	0.001	0.001
0.047	0.001	0.951	0.001
>CAAATTCC	18-CAAATTCC	7.538741	-107.951746	0	T:2864.0(11.51%),B:2178.2(8.81%),P:1e-46	Tpos:362.1,Tstd:308.8,Bpos:278.3,Bstd:170.5,StrandBias:-0.0,Multiplicity:1.10
0.001	0.689	0.115	0.195
0.997	0.001	0.001	0.001
0.997	0.001	0.001	0.001
0.867	0.131	0.001	0.001
0.001	0.001	0.001	0.997
0.070	0.001	0.001	0.928
0.185	0.813	0.001	0.001
0.001	0.997	0.001	0.001
>ACACACCC	19-ACACACCC	8.037018	-100.680130	0	T:4141.0(16.65%),B:3347.2(13.53%),P:1e-43	Tpos:367.5,Tstd:313.6,Bpos:282.3,Bstd:165.2,StrandBias:-0.1,Multiplicity:1.14
0.625	0.001	0.114	0.260
0.001	0.997	0.001	0.001
0.997	0.001	0.001	0.001
0.001	0.997	0.001	0.001
0.903	0.001	0.001	0.095
0.001	0.997	0.001	0.001
0.001	0.997	0.001	0.001
0.001	0.807	0.001	0.191
>CGACGTTT	20-CGACGTTT	6.520931	-97.325985	0	T:1715.0(6.89%),B:1214.5(4.91%),P:1e-42	Tpos:373.0,Tstd:308.8,Bpos:270.4,Bstd:183.8,StrandBias:-0.0,Multiplicity:1.07
0.156	0.789	0.001	0.054
0.001	0.049	0.895	0.055
0.946	0.001	0.001	0.052
0.026	0.829	0.105	0.040
0.022	0.107	0.826	0.045
0.023	0.067	0.001	0.909
0.025	0.147	0.001	0.827
0.001	0.001	0.001	0.997
>CGTCACGT	21-CGTCACGT	6.678825	-92.640776	0	T:2620.0(10.53%),B:2009.8(8.12%),P:1e-40	Tpos:397.1,Tstd:293.9,Bpos:275.9,Bstd:165.8,StrandBias:-0.1,Multiplicity:1.14
0.086	0.766	0.108	0.040
0.063	0.033	0.885	0.019
0.001	0.158	0.076	0.765
0.001	0.980	0.001	0.018
0.946	0.001	0.023	0.030
0.019	0.934	0.001	0.046
0.034	0.044	0.885	0.037
0.035	0.001	0.001	0.963
>TTTACGGC	22-TTTACGGC	7.775946	-89.997989	0	T:1765.0(7.10%),B:1274.5(5.15%),P:1e-39	Tpos:372.9,Tstd:332.2,Bpos:286.5,Bstd:170.5,StrandBias:-0.1,Multiplicity:1.06
0.001	0.001	0.015	0.983
0.001	0.001	0.001	0.997
0.001	0.052	0.027	0.920
0.941	0.001	0.001	0.057
0.001	0.716	0.037	0.246
0.191	0.001	0.653	0.155
0.035	0.001	0.963	0.001
0.001	0.947	0.001	0.051
>GGTGTGGT	23-GGTGTGGT	7.210607	-67.291188	0	T:5226.0(21.01%),B:4499.9(18.19%),P:1e-29	Tpos:364.6,Tstd:318.4,Bpos:284.3,Bstd:169.1,StrandBias:0.0,Multiplicity:1.22
0.001	0.048	0.950	0.001
0.001	0.001	0.710	0.288
0.207	0.055	0.001	0.737
0.064	0.001	0.934	0.001
0.001	0.001	0.283	0.715
0.104	0.002	0.532	0.362
0.221	0.001	0.777	0.001
0.108	0.121	0.001	0.770
>CTGAATGT	24-CTGAATGT	8.236954	-33.414449	0	T:584.0(2.35%),B:414.5(1.68%),P:1e-14	Tpos:329.1,Tstd:287.7,Bpos:273.7,Bstd:155.5,StrandBias:-0.0,Multiplicity:1.02
0.100	0.700	0.100	0.100
0.100	0.100	0.100	0.700
0.100	0.100	0.700	0.100
0.700	0.100	0.100	0.100
0.700	0.100	0.100	0.100
0.100	0.100	0.100	0.700
0.100	0.100	0.700	0.100
0.100	0.100	0.100	0.700
>AACAAACA	25-AACAAACA	7.935682	-23.783538	0	T:3199.0(12.86%),B:2851.2(11.53%),P:1e-10	Tpos:350.0,Tstd:318.5,Bpos:275.8,Bstd:177.1,StrandBias:-0.0,Multiplicity:1.61
0.935	0.001	0.063	0.001
0.997	0.001	0.001	0.001
0.001	0.908	0.001	0.090
0.997	0.001	0.001	0.001
0.997	0.001	0.001	0.001
0.947	0.001	0.001	0.051
0.001	0.997	0.001	0.001
0.997	0.001	0.001	0.001
