>GGCGTGGT	1-GGCGTGGT	7.734780	-1088.172696	0	T:4843.0(25.53%),B:3919.9(12.95%),P:1e-472	Tpos:446.9,Tstd:331.6,Bpos:326.4,Bstd:201.2,StrandBias:0.0,Multiplicity:1.25
0.001	0.001	0.997	0.001
0.001	0.001	0.997	0.001
0.001	0.666	0.001	0.332
0.001	0.001	0.997	0.001
0.001	0.001	0.001	0.997
0.001	0.001	0.997	0.001
0.001	0.001	0.997	0.001
0.001	0.107	0.001	0.891
>ACATTCCT	2-ACATTCCT	8.602805	-1039.604721	0	T:4167.0(21.97%),B:3194.6(10.55%),P:1e-451	Tpos:481.6,Tstd:334.2,Bpos:329.6,Bstd:197.2,StrandBias:-0.0,Multiplicity:1.25
0.815	0.001	0.183	0.001
0.087	0.911	0.001	0.001
0.997	0.001	0.001	0.001
0.001	0.001	0.001	0.997
0.001	0.001	0.001	0.997
0.001	0.997	0.001	0.001
0.001	0.852	0.001	0.146
0.198	0.001	0.025	0.776
>CCTTGAAC	3-CCTTGAAC	5.678145	-690.246379	0	T:6902.0(36.39%),B:7361.3(24.31%),P:1e-299	Tpos:440.7,Tstd:347.5,Bpos:331.7,Bstd:211.8,StrandBias:-0.0,Multiplicity:1.61
0.001	0.994	0.004	0.001
0.001	0.993	0.001	0.005
0.001	0.001	0.001	0.997
0.042	0.107	0.305	0.546
0.001	0.001	0.997	0.001
0.997	0.001	0.001	0.001
0.997	0.001	0.001	0.001
0.007	0.977	0.001	0.015
>ATTAAAGG	4-ATTAAAGG	9.023244	-578.464315	0	T:3464.0(18.26%),B:3061.7(10.11%),P:1e-251	Tpos:439.5,Tstd:338.6,Bpos:332.0,Bstd:211.3,StrandBias:-0.0,Multiplicity:1.19
0.997	0.001	0.001	0.001
0.001	0.001	0.001	0.997
0.001	0.001	0.001	0.997
0.997	0.001	0.001	0.001
0.997	0.001	0.001	0.001
0.859	0.001	0.139	0.001
0.001	0.001	0.927	0.071
0.001	0.001	0.997	0.001
>AAATTCCT	5-AAATTCCT	7.926326	-514.932220	0	T:4813.0(25.37%),B:4923.9(16.26%),P:1e-223	Tpos:466.9,Tstd:349.8,Bpos:334.7,Bstd:197.5,StrandBias:-0.0,Multiplicity:1.17
0.777	0.001	0.221	0.001
0.512	0.144	0.343	0.001
0.997	0.001	0.001	0.001
0.001	0.001	0.001	0.997
0.001	0.001	0.001	0.997
0.138	0.860	0.001	0.001
0.001	0.997	0.001	0.001
0.125	0.001	0.101	0.773
>CGGAATTC	6-CGGAATTC	7.109872	-501.199500	0	T:4579.0(24.14%),B:4644.9(15.34%),P:1e-217	Tpos:437.4,Tstd:351.9,Bpos:333.1,Bstd:205.7,StrandBias:-0.0,Multiplicity:1.18
0.135	0.631	0.026	0.208
0.315	0.065	0.559	0.061
0.037	0.025	0.929	0.009
0.902	0.034	0.045	0.019
0.835	0.004	0.039	0.122
0.248	0.045	0.036	0.671
0.004	0.046	0.200	0.750
0.057	0.722	0.033	0.188
>GGTTTCTC	7-GGTTTCTC	10.911498	-440.410938	0	T:3026.0(15.95%),B:2780.5(9.18%),P:1e-191	Tpos:413.4,Tstd:351.0,Bpos:331.1,Bstd:219.4,StrandBias:-0.0,Multiplicity:1.10
0.001	0.001	0.997	0.001
0.001	0.001	0.997	0.001
0.001	0.001	0.001	0.997
0.001	0.001	0.001	0.997
0.001	0.001	0.001	0.997
0.001	0.854	0.001	0.144
0.001	0.001	0.001	0.997
0.001	0.997	0.001	0.001
>GCCMCACC	8-GCCMCACC	7.561835	-423.322920	0	T:5733.0(30.22%),B:6431.7(21.24%),P:1e-183	Tpos:439.1,Tstd:324.4,Bpos:320.9,Bstd:197.1,StrandBias:-0.1,Multiplicity:1.42
0.168	0.081	0.750	0.001
0.215	0.548	0.077	0.160
0.036	0.794	0.001	0.169
0.475	0.523	0.001	0.001
0.029	0.912	0.001	0.058
0.611	0.001	0.387	0.001
0.040	0.904	0.001	0.055
0.001	0.958	0.001	0.040
>GGTCTACA	9-GGTCTACA	7.547208	-412.002244	0	T:4940.0(26.04%),B:5360.1(17.70%),P:1e-178	Tpos:428.1,Tstd:352.4,Bpos:331.6,Bstd:211.4,StrandBias:0.0,Multiplicity:1.42
0.001	0.001	0.997	0.001
0.057	0.001	0.896	0.046
0.056	0.001	0.285	0.658
0.001	0.970	0.001	0.028
0.001	0.001	0.001	0.997
0.997	0.001	0.001	0.001
0.001	0.997	0.001	0.001
0.997	0.001	0.001	0.001
>ACAAACAA	10-ACAAACAA	10.579030	-321.352583	0	T:3034.0(16.00%),B:3050.6(10.08%),P:1e-139	Tpos:405.2,Tstd:341.2,Bpos:331.6,Bstd:225.5,StrandBias:-0.1,Multiplicity:2.31
0.997	0.001	0.001	0.001
0.283	0.715	0.001	0.001
0.997	0.001	0.001	0.001
0.997	0.001	0.001	0.001
0.997	0.001	0.001	0.001
0.144	0.854	0.001	0.001
0.997	0.001	0.001	0.001
0.997	0.001	0.001	0.001
>CGAGACAG	11-CGAGACAG	7.292647	-303.693389	0	T:3427.0(18.07%),B:3612.0(11.93%),P:1e-131	Tpos:418.4,Tstd:362.9,Bpos:336.0,Bstd:210.4,StrandBias:-0.1,Multiplicity:1.13
0.001	0.761	0.001	0.237
0.001	0.001	0.997	0.001
0.997	0.001	0.001	0.001
0.001	0.001	0.997	0.001
0.997	0.001	0.001	0.001
0.001	0.968	0.001	0.030
0.997	0.001	0.001	0.001
0.001	0.001	0.997	0.001
>SCCTGCCT	12-SCCTGCCT	9.788455	-298.869659	0	T:3165.0(16.69%),B:3279.0(10.83%),P:1e-129	Tpos:429.6,Tstd:343.6,Bpos:333.4,Bstd:210.6,StrandBias:0.0,Multiplicity:1.16
0.001	0.470	0.528	0.001
0.001	0.637	0.001	0.361
0.001	0.997	0.001	0.001
0.001	0.177	0.001	0.821
0.001	0.001	0.997	0.001
0.001	0.997	0.001	0.001
0.001	0.997	0.001	0.001
0.001	0.001	0.001	0.997
>ASTRCTGG	13-ASTRCTGG	8.446701	-274.491007	0	T:4045.0(21.33%),B:4537.2(14.99%),P:1e-119	Tpos:433.2,Tstd:353.1,Bpos:333.9,Bstd:206.6,StrandBias:-0.1,Multiplicity:1.16
0.997	0.001	0.001	0.001
0.088	0.411	0.500	0.001
0.001	0.035	0.274	0.690
0.520	0.001	0.432	0.047
0.034	0.910	0.001	0.055
0.001	0.076	0.307	0.616
0.050	0.055	0.894	0.001
0.033	0.001	0.965	0.001
>AGATAAGA	14-AGATAAGA	8.277092	-239.192234	0	T:2296.0(12.10%),B:2301.7(7.60%),P:1e-103	Tpos:473.7,Tstd:358.9,Bpos:331.9,Bstd:197.7,StrandBias:-0.0,Multiplicity:1.16
0.921	0.001	0.001	0.077
0.001	0.001	0.997	0.001
0.997	0.001	0.001	0.001
0.001	0.001	0.001	0.997
0.944	0.001	0.001	0.054
0.997	0.001	0.001	0.001
0.001	0.118	0.880	0.001
0.592	0.137	0.270	0.001
>TTTGTTTT	15-TTTGTTTT	9.160439	-234.955790	0	T:5934.0(31.28%),B:7384.3(24.39%),P:1e-102	Tpos:418.2,Tstd:367.3,Bpos:333.5,Bstd:227.6,StrandBias:-0.1,Multiplicity:2.11
0.001	0.001	0.070	0.928
0.001	0.001	0.001	0.997
0.001	0.001	0.159	0.839
0.001	0.001	0.997	0.001
0.001	0.001	0.198	0.800
0.001	0.001	0.001	0.997
0.001	0.001	0.045	0.953
0.001	0.001	0.001	0.997
>CGTGTGCC	16-CGTGTGCC	7.290652	-206.596114	0	T:1881.0(9.92%),B:1852.5(6.12%),P:1e-89	Tpos:419.3,Tstd:332.3,Bpos:333.5,Bstd:224.5,StrandBias:-0.1,Multiplicity:1.06
0.090	0.759	0.150	0.001
0.169	0.001	0.737	0.093
0.040	0.138	0.001	0.821
0.040	0.128	0.768	0.064
0.093	0.345	0.001	0.561
0.259	0.001	0.671	0.069
0.106	0.892	0.001	0.001
0.001	0.796	0.155	0.048
>CACTCCCK	17-CACTCCCK	8.017562	-202.151939	0	T:1926.0(10.15%),B:1920.3(6.34%),P:1e-87	Tpos:449.7,Tstd:342.8,Bpos:318.0,Bstd:195.1,StrandBias:-0.1,Multiplicity:1.07
0.044	0.954	0.001	0.001
0.995	0.003	0.001	0.001
0.276	0.431	0.056	0.238
0.001	0.001	0.006	0.992
0.113	0.769	0.001	0.117
0.001	0.792	0.056	0.151
0.001	0.646	0.172	0.181
0.056	0.001	0.525	0.418
>GGAGGCAG	18-GGAGGCAG	8.236954	-195.114809	0	T:3966.0(20.91%),B:4706.4(15.54%),P:1e-84	Tpos:432.7,Tstd:351.2,Bpos:330.0,Bstd:206.7,StrandBias:0.1,Multiplicity:1.15
0.100	0.100	0.700	0.100
0.100	0.100	0.700	0.100
0.700	0.100	0.100	0.100
0.100	0.100	0.700	0.100
0.100	0.100	0.700	0.100
0.100	0.700	0.100	0.100
0.700	0.100	0.100	0.100
0.100	0.100	0.700	0.100
>ATAGCCCT	19-ATAGCCCT	7.708541	-161.855077	0	T:1717.0(9.05%),B:1756.2(5.80%),P:1e-70	Tpos:448.0,Tstd:365.9,Bpos:331.9,Bstd:203.4,StrandBias:-0.1,Multiplicity:1.06
0.997	0.001	0.001	0.001
0.001	0.001	0.001	0.997
0.957	0.041	0.001	0.001
0.001	0.001	0.997	0.001
0.001	0.997	0.001	0.001
0.001	0.997	0.001	0.001
0.001	0.997	0.001	0.001
0.154	0.001	0.001	0.844
>GCCTAAGG	20-GCCTAAGG	7.525149	-132.973677	0	T:3787.0(19.97%),B:4717.4(15.58%),P:1e-57	Tpos:455.6,Tstd:340.1,Bpos:332.9,Bstd:199.4,StrandBias:0.0,Multiplicity:1.18
0.001	0.069	0.929	0.001
0.001	0.972	0.026	0.001
0.014	0.970	0.001	0.015
0.001	0.080	0.010	0.909
0.512	0.271	0.184	0.033
0.873	0.001	0.125	0.001
0.084	0.009	0.906	0.001
0.001	0.001	0.997	0.001
>CAGAGATC	21-CAGAGATC	7.596996	-128.477780	0	T:2600.0(13.71%),B:3053.9(10.09%),P:1e-55	Tpos:441.3,Tstd:359.0,Bpos:329.0,Bstd:198.4,StrandBias:-0.0,Multiplicity:1.09
0.089	0.909	0.001	0.001
0.952	0.001	0.046	0.001
0.001	0.260	0.738	0.001
0.997	0.001	0.001	0.001
0.001	0.001	0.997	0.001
0.997	0.001	0.001	0.001
0.001	0.001	0.001	0.997
0.001	0.997	0.001	0.001
>CGGAACGT	22-CGGAACGT	6.772043	-115.438842	0	T:2172.0(11.45%),B:2512.2(8.30%),P:1e-50	Tpos:430.4,Tstd:351.6,Bpos:333.0,Bstd:199.2,StrandBias:0.0,Multiplicity:1.15
0.001	0.997	0.001	0.001
0.001	0.001	0.840	0.158
0.001	0.001	0.997	0.001
0.997	0.001	0.001	0.001
0.997	0.001	0.001	0.001
0.001	0.903	0.001	0.095
0.001	0.097	0.901	0.001
0.001	0.001	0.001	0.997
>TCTTATCA	23-TCTTATCA	8.436793	-102.093732	0	T:2406.0(12.68%),B:2892.8(9.55%),P:1e-44	Tpos:443.0,Tstd:361.5,Bpos:331.2,Bstd:195.3,StrandBias:-0.1,Multiplicity:1.19
0.001	0.302	0.001	0.696
0.362	0.636	0.001	0.001
0.001	0.001	0.001	0.997
0.001	0.006	0.001	0.992
0.997	0.001	0.001	0.001
0.001	0.001	0.001	0.997
0.341	0.657	0.001	0.001
0.997	0.001	0.001	0.001
>AATGCTCC	24-AATGCTCC	8.236954	-96.182583	0	T:572.0(3.02%),B:490.6(1.62%),P:1e-41	Tpos:424.9,Tstd:321.9,Bpos:325.8,Bstd:201.3,StrandBias:0.0,Multiplicity:1.01
0.700	0.100	0.100	0.100
0.700	0.100	0.100	0.100
0.100	0.100	0.100	0.700
0.100	0.100	0.700	0.100
0.100	0.700	0.100	0.100
0.100	0.100	0.100	0.700
0.100	0.700	0.100	0.100
0.100	0.700	0.100	0.100
>ATAGCTAA	25-ATAGCTAA	8.236954	-66.030795	0	T:453.0(2.39%),B:408.3(1.35%),P:1e-28	Tpos:446.9,Tstd:360.3,Bpos:322.7,Bstd:197.1,StrandBias:0.2,Multiplicity:1.06
0.700	0.100	0.100	0.100
0.100	0.100	0.100	0.700
0.700	0.100	0.100	0.100
0.100	0.100	0.700	0.100
0.100	0.700	0.100	0.100
0.100	0.100	0.100	0.700
0.700	0.100	0.100	0.100
0.700	0.100	0.100	0.100
