>TACATTCC	1-TACATTCC	7.417934	-547.610172	0	T:2394.0(25.43%),B:5068.1(12.81%),P:1e-237	Tpos:721.7,Tstd:2144.0,Bpos:359.6,Bstd:226.7,StrandBias:0.0,Multiplicity:1.35
0.176	0.224	0.180	0.419
0.597	0.019	0.367	0.017
0.280	0.630	0.065	0.025
0.885	0.035	0.036	0.044
0.045	0.004	0.013	0.938
0.066	0.005	0.001	0.928
0.090	0.875	0.034	0.001
0.079	0.728	0.033	0.160
>TGACTCAT	2-TGACTCAT	7.918868	-331.923934	0	T:1614.0(17.14%),B:3480.1(8.80%),P:1e-144	Tpos:796.8,Tstd:2958.0,Bpos:366.7,Bstd:214.8,StrandBias:0.0,Multiplicity:1.25
0.001	0.001	0.001	0.997
0.001	0.015	0.975	0.009
0.997	0.001	0.001	0.001
0.013	0.754	0.211	0.022
0.014	0.001	0.011	0.974
0.012	0.986	0.001	0.001
0.962	0.001	0.011	0.026
0.040	0.222	0.203	0.535
>CGGAATTC	3-CGGAATTC	9.532049	-187.080910	0	T:678.0(7.20%),B:1258.4(3.18%),P:1e-81	Tpos:689.0,Tstd:2224.2,Bpos:358.7,Bstd:231.7,StrandBias:0.1,Multiplicity:1.05
0.091	0.514	0.038	0.357
0.102	0.030	0.720	0.148
0.015	0.008	0.976	0.001
0.947	0.032	0.020	0.001
0.997	0.001	0.001	0.001
0.001	0.049	0.018	0.932
0.004	0.001	0.012	0.983
0.014	0.970	0.001	0.015
>ARKAATKC	4-ARKAATKC	5.224655	-167.951119	0	T:2410.0(25.60%),B:7146.2(18.07%),P:1e-72	Tpos:752.6,Tstd:2280.6,Bpos:365.0,Bstd:226.2,StrandBias:-0.1,Multiplicity:1.41
0.997	0.001	0.001	0.001
0.524	0.001	0.474	0.001
0.001	0.001	0.524	0.474
0.997	0.001	0.001	0.001
0.997	0.001	0.001	0.001
0.001	0.001	0.001	0.997
0.001	0.001	0.475	0.523
0.001	0.976	0.001	0.022
>CCGGAAGT	5-CCGGAAGT	6.598130	-116.111278	0	T:2784.0(29.57%),B:9047.7(22.88%),P:1e-50	Tpos:724.4,Tstd:2443.3,Bpos:362.0,Bstd:220.9,StrandBias:-0.0,Multiplicity:1.33
0.216	0.594	0.015	0.175
0.258	0.636	0.085	0.021
0.014	0.020	0.891	0.075
0.095	0.044	0.829	0.032
0.811	0.042	0.104	0.043
0.814	0.048	0.048	0.090
0.111	0.109	0.690	0.090
0.060	0.149	0.054	0.737
>CTAATTAG	6-CTAATTAG	8.236954	-105.870806	0	T:178.0(1.89%),B:205.0(0.52%),P:1e-45	Tpos:599.9,Tstd:1395.8,Bpos:366.9,Bstd:221.9,StrandBias:0.0,Multiplicity:1.01
0.100	0.700	0.100	0.100
0.100	0.100	0.100	0.700
0.700	0.100	0.100	0.100
0.700	0.100	0.100	0.100
0.100	0.100	0.100	0.700
0.100	0.100	0.100	0.700
0.700	0.100	0.100	0.100
0.100	0.100	0.700	0.100
>GTGTATGG	7-GTGTATGG	9.523193	-96.737567	0	T:494.0(5.25%),B:1060.3(2.68%),P:1e-42	Tpos:620.9,Tstd:1044.2,Bpos:353.9,Bstd:214.2,StrandBias:0.1,Multiplicity:1.20
0.250	0.001	0.748	0.001
0.001	0.001	0.001	0.997
0.284	0.001	0.714	0.001
0.001	0.001	0.001	0.997
0.997	0.001	0.001	0.001
0.001	0.001	0.001	0.997
0.001	0.001	0.997	0.001
0.001	0.001	0.997	0.001
>TTCGCTAG	8-TTCGCTAG	5.863695	-84.754593	0	T:571.0(6.07%),B:1353.5(3.42%),P:1e-36	Tpos:669.4,Tstd:1135.5,Bpos:370.8,Bstd:231.2,StrandBias:-0.1,Multiplicity:1.17
0.001	0.001	0.001	0.997
0.001	0.001	0.001	0.997
0.131	0.867	0.001	0.001
0.001	0.001	0.997	0.001
0.030	0.968	0.001	0.001
0.001	0.001	0.001	0.997
0.997	0.001	0.001	0.001
0.001	0.001	0.955	0.043
>GGGCGKRR	9-GGGCGKRR	4.146462	-79.139851	0	T:4399.0(46.73%),B:16000.3(40.46%),P:1e-34	Tpos:585.3,Tstd:1321.0,Bpos:347.9,Bstd:216.2,StrandBias:-0.0,Multiplicity:2.65
0.412	0.001	0.586	0.001
0.001	0.001	0.997	0.001
0.001	0.001	0.997	0.001
0.001	0.989	0.001	0.009
0.001	0.001	0.997	0.001
0.001	0.001	0.433	0.565
0.427	0.001	0.571	0.001
0.572	0.001	0.424	0.003
>GCACTTAT	10-GCACTTAT	8.236954	-75.676654	0	T:218.0(2.32%),B:359.6(0.91%),P:1e-32	Tpos:1036.7,Tstd:3595.9,Bpos:347.7,Bstd:223.5,StrandBias:0.2,Multiplicity:1.03
0.100	0.100	0.700	0.100
0.100	0.700	0.100	0.100
0.700	0.100	0.100	0.100
0.100	0.700	0.100	0.100
0.100	0.100	0.100	0.700
0.100	0.100	0.100	0.700
0.700	0.100	0.100	0.100
0.100	0.100	0.100	0.700
>ACACTATC	11-ACACTATC	10.693901	-71.378623	0	T:220.0(2.34%),B:376.7(0.95%),P:1e-30	Tpos:739.4,Tstd:1717.5,Bpos:353.5,Bstd:219.1,StrandBias:-0.1,Multiplicity:1.00
0.687	0.001	0.001	0.311
0.001	0.997	0.001	0.001
0.997	0.001	0.001	0.001
0.001	0.997	0.001	0.001
0.001	0.001	0.001	0.997
0.997	0.001	0.001	0.001
0.001	0.001	0.001	0.997
0.001	0.997	0.001	0.001
>CCTATTCA	12-CCTATTCA	8.236954	-71.000728	0	T:250.0(2.66%),B:457.4(1.16%),P:1e-30	Tpos:593.0,Tstd:1219.1,Bpos:379.0,Bstd:222.3,StrandBias:-0.1,Multiplicity:1.01
0.100	0.700	0.100	0.100
0.100	0.700	0.100	0.100
0.100	0.100	0.100	0.700
0.700	0.100	0.100	0.100
0.100	0.100	0.100	0.700
0.100	0.100	0.100	0.700
0.100	0.700	0.100	0.100
0.700	0.100	0.100	0.100
>CCTTAGGC	13-CCTTAGGC	6.337278	-69.366462	0	T:3165.0(33.62%),B:11150.3(28.19%),P:1e-30	Tpos:676.6,Tstd:1513.9,Bpos:367.7,Bstd:222.3,StrandBias:0.0,Multiplicity:1.41
0.038	0.866	0.048	0.048
0.074	0.707	0.122	0.097
0.042	0.139	0.052	0.767
0.220	0.074	0.058	0.648
0.705	0.056	0.185	0.054
0.129	0.033	0.837	0.001
0.095	0.032	0.693	0.180
0.049	0.778	0.096	0.077
>GBCGATAA	14-GBCGATAA	6.428567	-66.300640	0	T:598.0(6.35%),B:1547.3(3.91%),P:1e-28	Tpos:616.9,Tstd:721.6,Bpos:362.8,Bstd:235.2,StrandBias:-0.2,Multiplicity:1.06
0.214	0.267	0.477	0.042
0.001	0.267	0.389	0.343
0.001	0.972	0.026	0.001
0.282	0.079	0.638	0.001
0.491	0.211	0.001	0.297
0.251	0.001	0.195	0.553
0.765	0.233	0.001	0.001
0.920	0.001	0.037	0.042
>TTAGAAGC	15-TTAGAAGC	8.236954	-65.283943	0	T:366.0(3.89%),B:814.2(2.06%),P:1e-28	Tpos:1015.2,Tstd:4358.9,Bpos:364.5,Bstd:228.7,StrandBias:0.1,Multiplicity:1.09
0.100	0.100	0.100	0.700
0.100	0.100	0.100	0.700
0.700	0.100	0.100	0.100
0.100	0.100	0.700	0.100
0.700	0.100	0.100	0.100
0.700	0.100	0.100	0.100
0.100	0.100	0.700	0.100
0.100	0.700	0.100	0.100
>TTAGAGTA	16-TTAGAGTA	10.649121	-64.872143	0	T:231.0(2.45%),B:425.2(1.08%),P:1e-28	Tpos:782.7,Tstd:2948.7,Bpos:359.1,Bstd:221.8,StrandBias:-0.0,Multiplicity:1.02
0.001	0.132	0.001	0.866
0.001	0.001	0.001	0.997
0.997	0.001	0.001	0.001
0.001	0.001	0.997	0.001
0.939	0.059	0.001	0.001
0.195	0.001	0.803	0.001
0.001	0.001	0.001	0.997
0.997	0.001	0.001	0.001
>AAGCCGTT	17-AAGCCGTT	6.570920	-63.924361	0	T:1620.0(17.21%),B:5225.6(13.21%),P:1e-27	Tpos:619.3,Tstd:1540.9,Bpos:369.8,Bstd:238.1,StrandBias:-0.0,Multiplicity:1.18
0.710	0.001	0.288	0.001
0.903	0.095	0.001	0.001
0.001	0.259	0.739	0.001
0.001	0.854	0.144	0.001
0.001	0.997	0.001	0.001
0.001	0.036	0.962	0.001
0.001	0.001	0.167	0.831
0.001	0.001	0.001	0.997
>GTTGGAAC	18-GTTGGAAC	9.577667	-62.248347	0	T:398.0(4.23%),B:927.2(2.34%),P:1e-27	Tpos:935.8,Tstd:3538.5,Bpos:373.7,Bstd:223.9,StrandBias:0.2,Multiplicity:1.05
0.225	0.001	0.773	0.001
0.001	0.001	0.001	0.997
0.001	0.001	0.001	0.997
0.001	0.001	0.997	0.001
0.001	0.001	0.997	0.001
0.997	0.001	0.001	0.001
0.997	0.001	0.001	0.001
0.001	0.997	0.001	0.001
>MATTCWGA	19-MATTCWGA	8.273318	-60.809227	0	T:1082.0(11.49%),B:3275.2(8.28%),P:1e-26	Tpos:716.9,Tstd:2321.0,Bpos:357.3,Bstd:223.8,StrandBias:-0.1,Multiplicity:1.23
0.325	0.427	0.050	0.198
0.870	0.001	0.001	0.128
0.027	0.001	0.001	0.971
0.001	0.001	0.001	0.997
0.082	0.916	0.001	0.001
0.413	0.050	0.055	0.482
0.001	0.128	0.688	0.183
0.719	0.083	0.001	0.197
>TCAAGGAC	20-TCAAGGAC	10.853651	-56.885457	0	T:430.0(4.57%),B:1057.7(2.67%),P:1e-24	Tpos:1086.5,Tstd:4000.4,Bpos:362.1,Bstd:228.8,StrandBias:0.1,Multiplicity:1.06
0.001	0.001	0.001	0.997
0.001	0.997	0.001	0.001
0.806	0.001	0.001	0.192
0.997	0.001	0.001	0.001
0.001	0.001	0.997	0.001
0.001	0.001	0.997	0.001
0.997	0.001	0.001	0.001
0.001	0.997	0.001	0.001
>ACCGGATG	21-ACCGGATG	8.236954	-55.240961	0	T:139.0(1.48%),B:213.2(0.54%),P:1e-23	Tpos:485.7,Tstd:461.3,Bpos:355.6,Bstd:218.0,StrandBias:0.3,Multiplicity:1.01
0.700	0.100	0.100	0.100
0.100	0.700	0.100	0.100
0.100	0.700	0.100	0.100
0.100	0.100	0.700	0.100
0.100	0.100	0.700	0.100
0.700	0.100	0.100	0.100
0.100	0.100	0.100	0.700
0.100	0.100	0.700	0.100
>CTWTTAAG	22-CTWTTAAG	8.548491	-54.033998	0	T:661.0(7.02%),B:1847.2(4.67%),P:1e-23	Tpos:666.8,Tstd:1784.7,Bpos:358.6,Bstd:232.0,StrandBias:0.2,Multiplicity:1.09
0.001	0.997	0.001	0.001
0.001	0.001	0.001	0.997
0.545	0.001	0.001	0.453
0.299	0.001	0.132	0.568
0.001	0.001	0.001	0.997
0.626	0.138	0.104	0.132
0.894	0.104	0.001	0.001
0.001	0.001	0.871	0.127
>CGKSWTTT	23-CGKSWTTT	6.296387	-51.624020	0	T:2417.0(25.67%),B:8470.1(21.42%),P:1e-22	Tpos:652.9,Tstd:1224.6,Bpos:361.2,Bstd:242.9,StrandBias:0.0,Multiplicity:1.33
0.001	0.997	0.001	0.001
0.001	0.001	0.997	0.001
0.122	0.127	0.438	0.314
0.026	0.414	0.338	0.222
0.334	0.229	0.023	0.414
0.001	0.001	0.040	0.958
0.001	0.001	0.194	0.804
0.001	0.240	0.162	0.597
>AGTATTGT	24-AGTATTGT	10.655817	-48.987715	0	T:208.0(2.21%),B:416.8(1.05%),P:1e-21	Tpos:569.8,Tstd:976.4,Bpos:370.3,Bstd:228.5,StrandBias:0.0,Multiplicity:1.21
0.997	0.001	0.001	0.001
0.001	0.001	0.997	0.001
0.001	0.001	0.001	0.997
0.997	0.001	0.001	0.001
0.214	0.001	0.001	0.784
0.001	0.001	0.001	0.997
0.157	0.001	0.841	0.001
0.001	0.001	0.001	0.997
>CGTTAGAC	25-CGTTAGAC	5.920810	-37.234926	0	T:1807.0(19.19%),B:6323.4(15.99%),P:1e-16	Tpos:740.6,Tstd:2162.5,Bpos:364.7,Bstd:228.9,StrandBias:-0.1,Multiplicity:1.28
0.394	0.604	0.001	0.001
0.232	0.080	0.575	0.113
0.250	0.001	0.156	0.593
0.001	0.001	0.057	0.941
0.820	0.079	0.072	0.029
0.212	0.160	0.570	0.058
0.627	0.057	0.082	0.234
0.169	0.665	0.088	0.078
