>TTTATGGC	1-TTTATGGC	8.403760	-1284.881255	0	T:2581.0(11.27%),B:940.5(3.56%),P:1e-558	Tpos:390.9,Tstd:284.7,Bpos:289.3,Bstd:170.0,StrandBias:0.0,Multiplicity:1.10
0.122	0.097	0.078	0.703
0.001	0.093	0.111	0.795
0.001	0.054	0.001	0.944
0.997	0.001	0.001	0.001
0.001	0.090	0.001	0.908
0.091	0.033	0.518	0.358
0.399	0.001	0.599	0.001
0.001	0.690	0.001	0.308
>TTTAYGAY	2-TTTAYGAY	8.182731	-1047.141522	0	T:4062.0(17.74%),B:2187.7(8.29%),P:1e-454	Tpos:384.9,Tstd:266.9,Bpos:275.3,Bstd:177.4,StrandBias:-0.1,Multiplicity:1.19
0.001	0.001	0.001	0.997
0.001	0.001	0.001	0.997
0.001	0.001	0.001	0.997
0.997	0.001	0.001	0.001
0.001	0.526	0.001	0.472
0.381	0.001	0.617	0.001
0.631	0.001	0.367	0.001
0.001	0.534	0.001	0.464
>TGAGTCAC	3-TGAGTCAC	9.503445	-701.845469	0	T:2194.0(9.58%),B:1039.6(3.94%),P:1e-304	Tpos:348.4,Tstd:255.4,Bpos:280.3,Bstd:164.1,StrandBias:0.1,Multiplicity:1.11
0.001	0.001	0.001	0.997
0.001	0.001	0.997	0.001
0.997	0.001	0.001	0.001
0.001	0.215	0.783	0.001
0.001	0.001	0.001	0.997
0.001	0.997	0.001	0.001
0.997	0.001	0.001	0.001
0.001	0.620	0.113	0.266
>TTTATGGC	4-TTTATGGC	6.809310	-596.081716	0	T:6079.0(26.54%),B:4596.4(17.41%),P:1e-258	Tpos:361.5,Tstd:288.1,Bpos:280.3,Bstd:176.9,StrandBias:-0.0,Multiplicity:1.20
0.030	0.001	0.001	0.968
0.090	0.014	0.156	0.740
0.094	0.001	0.043	0.862
0.934	0.048	0.002	0.016
0.001	0.366	0.001	0.632
0.208	0.107	0.527	0.158
0.044	0.004	0.951	0.001
0.027	0.436	0.257	0.280
>ACATTCCK	5-ACATTCCK	9.333737	-590.650056	0	T:2297.0(10.03%),B:1211.6(4.59%),P:1e-256	Tpos:394.9,Tstd:299.8,Bpos:278.7,Bstd:169.3,StrandBias:0.0,Multiplicity:1.19
0.987	0.011	0.001	0.001
0.019	0.960	0.016	0.005
0.997	0.001	0.001	0.001
0.001	0.001	0.001	0.997
0.001	0.001	0.001	0.997
0.001	0.997	0.001	0.001
0.394	0.604	0.001	0.001
0.168	0.039	0.468	0.325
>MGGAATKC	6-MGGAATKC	7.734647	-578.059548	0	T:3796.0(16.57%),B:2485.5(9.42%),P:1e-251	Tpos:364.6,Tstd:279.9,Bpos:274.6,Bstd:173.7,StrandBias:-0.0,Multiplicity:1.19
0.385	0.404	0.001	0.210
0.209	0.001	0.654	0.136
0.001	0.020	0.978	0.001
0.987	0.011	0.001	0.001
0.997	0.001	0.001	0.001
0.017	0.001	0.001	0.981
0.001	0.024	0.472	0.503
0.009	0.870	0.013	0.108
>AGGAATGT	7-AGGAATGT	8.188361	-548.299149	0	T:3176.0(13.87%),B:1981.5(7.51%),P:1e-238	Tpos:377.3,Tstd:284.5,Bpos:283.2,Bstd:173.9,StrandBias:0.0,Multiplicity:1.15
0.614	0.001	0.074	0.311
0.381	0.038	0.580	0.001
0.001	0.018	0.600	0.381
0.997	0.001	0.001	0.001
0.942	0.056	0.001	0.001
0.001	0.044	0.001	0.954
0.057	0.118	0.809	0.016
0.001	0.298	0.001	0.700
>CCGGAAGT	8-CCGGAAGT	6.892524	-436.942222	0	T:5201.0(22.71%),B:4040.9(15.31%),P:1e-189	Tpos:357.2,Tstd:269.1,Bpos:271.3,Bstd:163.9,StrandBias:0.1,Multiplicity:1.26
0.227	0.567	0.098	0.108
0.301	0.602	0.089	0.008
0.001	0.016	0.947	0.036
0.020	0.055	0.879	0.046
0.846	0.054	0.049	0.051
0.869	0.024	0.031	0.076
0.144	0.111	0.625	0.120
0.072	0.162	0.100	0.666
>AGGTGTGA	9-AGGTGTGA	8.442320	-408.819909	0	T:3036.0(13.26%),B:2049.8(7.77%),P:1e-177	Tpos:368.6,Tstd:278.1,Bpos:282.3,Bstd:161.4,StrandBias:-0.0,Multiplicity:1.11
0.879	0.001	0.119	0.001
0.001	0.001	0.997	0.001
0.001	0.001	0.997	0.001
0.001	0.001	0.001	0.997
0.001	0.001	0.997	0.001
0.001	0.001	0.001	0.997
0.082	0.133	0.618	0.167
0.997	0.001	0.001	0.001
>GCCCCGCC	10-GCCCCGCC	6.421676	-367.033739	0	T:8559.0(37.37%),B:7678.3(29.09%),P:1e-159	Tpos:349.6,Tstd:255.3,Bpos:263.3,Bstd:166.8,StrandBias:0.0,Multiplicity:2.04
0.075	0.001	0.923	0.001
0.001	0.875	0.001	0.123
0.001	0.839	0.001	0.159
0.160	0.838	0.001	0.001
0.001	0.997	0.001	0.001
0.088	0.001	0.910	0.001
0.001	0.997	0.001	0.001
0.001	0.997	0.001	0.001
>AAACCGGW	11-AAACCGGW	5.737224	-322.785081	0	T:4846.0(21.16%),B:3936.2(14.91%),P:1e-140	Tpos:360.4,Tstd:295.7,Bpos:282.3,Bstd:181.1,StrandBias:-0.0,Multiplicity:1.19
0.532	0.001	0.102	0.365
0.571	0.054	0.105	0.270
0.620	0.080	0.001	0.299
0.001	0.944	0.054	0.001
0.001	0.979	0.019	0.001
0.001	0.129	0.869	0.001
0.044	0.109	0.796	0.051
0.386	0.179	0.050	0.385
>TTGCATTA	12-TTGCATTA	8.288701	-293.680805	0	T:669.0(2.92%),B:260.0(0.98%),P:1e-127	Tpos:415.7,Tstd:256.7,Bpos:286.5,Bstd:174.5,StrandBias:0.3,Multiplicity:1.02
0.001	0.001	0.001	0.997
0.001	0.062	0.001	0.936
0.001	0.001	0.997	0.001
0.001	0.997	0.001	0.001
0.997	0.001	0.001	0.001
0.001	0.001	0.001	0.997
0.001	0.001	0.001	0.997
0.997	0.001	0.001	0.001
>CCTBAGGC	13-CCTBAGGC	7.237793	-265.573162	0	T:4788.0(20.91%),B:4019.1(15.23%),P:1e-115	Tpos:355.9,Tstd:276.3,Bpos:280.7,Bstd:166.3,StrandBias:0.0,Multiplicity:1.16
0.001	0.997	0.001	0.001
0.001	0.964	0.014	0.021
0.001	0.068	0.012	0.919
0.119	0.236	0.276	0.368
0.997	0.001	0.001	0.001
0.001	0.006	0.992	0.001
0.001	0.001	0.997	0.001
0.001	0.895	0.103	0.001
>TTGTACCT	14-TTGTACCT	8.236954	-250.144294	0	T:685.0(2.99%),B:297.7(1.13%),P:1e-108	Tpos:407.4,Tstd:283.6,Bpos:279.6,Bstd:178.1,StrandBias:0.1,Multiplicity:1.01
0.100	0.100	0.100	0.700
0.100	0.100	0.100	0.700
0.100	0.100	0.700	0.100
0.100	0.100	0.100	0.700
0.700	0.100	0.100	0.100
0.100	0.700	0.100	0.100
0.100	0.700	0.100	0.100
0.100	0.100	0.100	0.700
>TCGATTTG	15-TCGATTTG	8.236954	-243.567718	0	T:273.0(1.19%),B:58.8(0.22%),P:1e-105	Tpos:396.2,Tstd:313.8,Bpos:303.4,Bstd:174.9,StrandBias:0.1,Multiplicity:1.01
0.100	0.100	0.100	0.700
0.100	0.700	0.100	0.100
0.100	0.100	0.700	0.100
0.700	0.100	0.100	0.100
0.100	0.100	0.100	0.700
0.100	0.100	0.100	0.700
0.100	0.100	0.100	0.700
0.100	0.100	0.700	0.100
>AGGGCGTT	16-AGGGCGTT	6.081346	-243.437058	0	T:5753.0(25.12%),B:5073.0(19.22%),P:1e-105	Tpos:358.1,Tstd:271.2,Bpos:278.8,Bstd:177.3,StrandBias:0.0,Multiplicity:1.19
0.794	0.057	0.056	0.093
0.156	0.060	0.737	0.047
0.090	0.084	0.721	0.105
0.059	0.175	0.638	0.128
0.052	0.812	0.048	0.088
0.046	0.079	0.700	0.175
0.054	0.059	0.140	0.747
0.052	0.024	0.072	0.852
>ATAARWGC	17-ATAARWGC	8.321797	-206.563192	0	T:1596.0(6.97%),B:1077.4(4.08%),P:1e-89	Tpos:398.1,Tstd:338.4,Bpos:280.5,Bstd:174.8,StrandBias:0.1,Multiplicity:1.12
0.543	0.355	0.101	0.001
0.001	0.001	0.001	0.997
0.955	0.001	0.001	0.043
0.997	0.001	0.001	0.001
0.450	0.001	0.447	0.101
0.450	0.085	0.001	0.463
0.001	0.001	0.997	0.001
0.355	0.603	0.041	0.001
>TGAATAGG	18-TGAATAGG	8.236954	-201.497510	0	T:550.0(2.40%),B:238.2(0.90%),P:1e-87	Tpos:417.0,Tstd:330.8,Bpos:257.9,Bstd:166.1,StrandBias:0.0,Multiplicity:1.01
0.100	0.100	0.100	0.700
0.100	0.100	0.700	0.100
0.700	0.100	0.100	0.100
0.700	0.100	0.100	0.100
0.100	0.100	0.100	0.700
0.700	0.100	0.100	0.100
0.100	0.100	0.700	0.100
0.100	0.100	0.700	0.100
>CGTAATTA	19-CGTAATTA	7.129909	-183.071743	0	T:2103.0(9.18%),B:1582.2(5.99%),P:1e-79	Tpos:391.7,Tstd:318.7,Bpos:279.1,Bstd:177.4,StrandBias:0.0,Multiplicity:1.10
0.081	0.667	0.124	0.128
0.001	0.234	0.670	0.095
0.014	0.015	0.001	0.970
0.912	0.054	0.011	0.023
0.997	0.001	0.001	0.001
0.001	0.001	0.001	0.997
0.079	0.025	0.001	0.895
0.915	0.026	0.037	0.022
>TTAGAAGC	20-TTAGAAGC	8.236954	-174.184500	0	T:787.0(3.44%),B:437.2(1.66%),P:1e-75	Tpos:422.8,Tstd:262.4,Bpos:289.4,Bstd:170.4,StrandBias:-0.0,Multiplicity:1.06
0.100	0.100	0.100	0.700
0.100	0.100	0.100	0.700
0.700	0.100	0.100	0.100
0.100	0.100	0.700	0.100
0.700	0.100	0.100	0.100
0.700	0.100	0.100	0.100
0.100	0.100	0.700	0.100
0.100	0.700	0.100	0.100
>CGATCTAC	21-CGATCTAC	4.537157	-170.125505	0	T:930.0(4.06%),B:557.4(2.11%),P:1e-73	Tpos:369.7,Tstd:313.4,Bpos:277.5,Bstd:191.3,StrandBias:-0.2,Multiplicity:1.06
0.001	0.997	0.001	0.001
0.001	0.001	0.997	0.001
0.799	0.001	0.001	0.199
0.001	0.001	0.001	0.997
0.190	0.808	0.001	0.001
0.001	0.009	0.110	0.880
0.997	0.001	0.001	0.001
0.001	0.997	0.001	0.001
>KSTTTTGT	22-KSTTTTGT	7.423491	-149.422403	0	T:7033.0(30.71%),B:6779.8(25.69%),P:1e-64	Tpos:360.0,Tstd:279.0,Bpos:280.3,Bstd:177.0,StrandBias:-0.1,Multiplicity:1.49
0.001	0.067	0.433	0.499
0.001	0.507	0.491	0.001
0.001	0.202	0.001	0.796
0.404	0.001	0.001	0.594
0.001	0.001	0.001	0.997
0.001	0.019	0.001	0.979
0.001	0.001	0.997	0.001
0.001	0.001	0.001	0.997
>CTGACTCA	23-CTGACTCA	6.657033	-148.219743	0	T:1804.0(7.88%),B:1373.6(5.20%),P:1e-64	Tpos:348.4,Tstd:279.7,Bpos:290.6,Bstd:167.2,StrandBias:0.1,Multiplicity:1.06
0.001	0.891	0.001	0.107
0.001	0.001	0.001	0.997
0.001	0.001	0.997	0.001
0.997	0.001	0.001	0.001
0.001	0.997	0.001	0.001
0.001	0.001	0.001	0.997
0.001	0.997	0.001	0.001
0.885	0.001	0.113	0.001
>ACGCTTTG	24-ACGCTTTG	8.236954	-127.102991	0	T:330.0(1.44%),B:139.2(0.53%),P:1e-55	Tpos:310.2,Tstd:260.6,Bpos:272.7,Bstd:199.1,StrandBias:-0.2,Multiplicity:1.00
0.700	0.100	0.100	0.100
0.100	0.700	0.100	0.100
0.100	0.100	0.700	0.100
0.100	0.700	0.100	0.100
0.100	0.100	0.100	0.700
0.100	0.100	0.100	0.700
0.100	0.100	0.100	0.700
0.100	0.100	0.700	0.100
>GTCACGTG	25-GTCACGTG	10.856129	-105.641282	0	T:677.0(2.96%),B:429.9(1.63%),P:1e-45	Tpos:348.5,Tstd:250.9,Bpos:255.8,Bstd:156.5,StrandBias:0.1,Multiplicity:1.08
0.190	0.001	0.808	0.001
0.001	0.001	0.001	0.997
0.001	0.997	0.001	0.001
0.997	0.001	0.001	0.001
0.001	0.997	0.001	0.001
0.001	0.001	0.997	0.001
0.001	0.001	0.001	0.997
0.001	0.001	0.997	0.001
