>CCTSAGGC	1-CCTSAGGC	7.778033	-952.149127	0	T:9418.0(26.56%),B:6064.0(17.29%),P:1e-413	Tpos:387.2,Tstd:285.1,Bpos:285.0,Bstd:168.6,StrandBias:0.0,Multiplicity:1.24
0.050	0.929	0.018	0.003
0.001	0.920	0.023	0.056
0.001	0.266	0.081	0.652
0.108	0.348	0.377	0.167
0.701	0.054	0.244	0.001
0.026	0.014	0.957	0.003
0.001	0.002	0.939	0.058
0.003	0.731	0.259	0.007
>CCSCAGGC	2-CCSCAGGC	6.959024	-424.506359	0	T:13809.0(38.94%),B:11100.3(31.65%),P:1e-184	Tpos:385.5,Tstd:303.6,Bpos:279.9,Bstd:169.6,StrandBias:-0.0,Multiplicity:1.35
0.155	0.843	0.001	0.001
0.031	0.678	0.018	0.273
0.001	0.461	0.445	0.093
0.147	0.418	0.205	0.230
0.952	0.001	0.046	0.001
0.065	0.018	0.916	0.001
0.014	0.082	0.871	0.033
0.030	0.777	0.192	0.001
>AAACCCTG	3-AAACCCTG	10.189501	-368.872077	0	T:4083.0(11.51%),B:2619.9(7.47%),P:1e-160	Tpos:348.1,Tstd:303.0,Bpos:277.2,Bstd:179.0,StrandBias:0.0,Multiplicity:1.07
0.696	0.001	0.001	0.302
0.936	0.062	0.001	0.001
0.633	0.001	0.365	0.001
0.001	0.997	0.001	0.001
0.001	0.997	0.001	0.001
0.001	0.997	0.001	0.001
0.001	0.001	0.001	0.997
0.001	0.001	0.997	0.001
>GTTCAAGG	4-GTTCAAGG	7.897725	-361.293631	0	T:8428.0(23.77%),B:6348.3(18.10%),P:1e-156	Tpos:366.2,Tstd:291.4,Bpos:277.3,Bstd:177.6,StrandBias:0.0,Multiplicity:1.62
0.344	0.001	0.654	0.001
0.001	0.096	0.001	0.902
0.019	0.001	0.001	0.979
0.220	0.778	0.001	0.001
0.781	0.162	0.050	0.007
0.986	0.006	0.001	0.007
0.001	0.027	0.914	0.058
0.001	0.097	0.873	0.029
>RGCSTGGT	5-RGCSTGGT	8.548700	-314.695603	0	T:1771.0(4.99%),B:919.0(2.62%),P:1e-136	Tpos:379.6,Tstd:282.6,Bpos:270.0,Bstd:172.2,StrandBias:-0.0,Multiplicity:1.04
0.436	0.001	0.562	0.001
0.001	0.001	0.970	0.028
0.001	0.577	0.001	0.421
0.001	0.436	0.562	0.001
0.001	0.001	0.074	0.924
0.034	0.001	0.891	0.074
0.042	0.021	0.936	0.001
0.001	0.420	0.001	0.578
>AGATCCGC	6-AGATCCGC	6.830868	-313.857839	0	T:7775.0(21.93%),B:5892.6(16.80%),P:1e-136	Tpos:372.7,Tstd:303.6,Bpos:275.3,Bstd:174.7,StrandBias:0.0,Multiplicity:1.16
0.925	0.050	0.024	0.001
0.322	0.036	0.633	0.009
0.857	0.141	0.001	0.001
0.030	0.001	0.001	0.968
0.001	0.960	0.001	0.038
0.031	0.671	0.057	0.241
0.165	0.001	0.833	0.001
0.031	0.762	0.065	0.142
>ACAAACAA	7-ACAAACAA	10.757342	-290.857564	0	T:3622.0(10.21%),B:2382.9(6.79%),P:1e-126	Tpos:343.3,Tstd:301.7,Bpos:279.6,Bstd:184.1,StrandBias:0.0,Multiplicity:2.22
0.997	0.001	0.001	0.001
0.178	0.820	0.001	0.001
0.997	0.001	0.001	0.001
0.997	0.001	0.001	0.001
0.997	0.001	0.001	0.001
0.108	0.890	0.001	0.001
0.997	0.001	0.001	0.001
0.997	0.001	0.001	0.001
>CAGGGCTA	8-CAGGGCTA	8.113216	-288.964014	0	T:6601.0(18.61%),B:4920.5(14.03%),P:1e-125	Tpos:362.3,Tstd:308.6,Bpos:278.8,Bstd:172.0,StrandBias:-0.0,Multiplicity:1.13
0.001	0.922	0.001	0.076
0.997	0.001	0.001	0.001
0.115	0.001	0.883	0.001
0.001	0.001	0.997	0.001
0.001	0.091	0.907	0.001
0.001	0.997	0.001	0.001
0.151	0.001	0.001	0.847
0.997	0.001	0.001	0.001
>TCACGGAA	9-TCACGGAA	8.023823	-284.899665	0	T:2316.0(6.53%),B:1358.4(3.87%),P:1e-123	Tpos:343.9,Tstd:314.7,Bpos:276.6,Bstd:180.7,StrandBias:-0.0,Multiplicity:1.02
0.001	0.001	0.001	0.997
0.001	0.925	0.001	0.073
0.556	0.001	0.085	0.358
0.001	0.997	0.001	0.001
0.002	0.001	0.996	0.001
0.266	0.092	0.557	0.085
0.818	0.001	0.180	0.001
0.653	0.181	0.001	0.165
>CCACACCC	10-CCACACCC	8.366260	-236.788358	0	T:5024.0(14.17%),B:3679.0(10.49%),P:1e-102	Tpos:372.1,Tstd:293.5,Bpos:278.1,Bstd:166.5,StrandBias:0.0,Multiplicity:1.16
0.001	0.997	0.001	0.001
0.001	0.997	0.001	0.001
0.997	0.001	0.001	0.001
0.001	0.997	0.001	0.001
0.997	0.001	0.001	0.001
0.001	0.997	0.001	0.001
0.001	0.997	0.001	0.001
0.001	0.641	0.067	0.291
>AAAACAAA	11-AAAACAAA	10.749287	-198.564850	0	T:5765.0(16.26%),B:4434.4(12.64%),P:1e-86	Tpos:352.4,Tstd:311.7,Bpos:279.3,Bstd:195.5,StrandBias:0.0,Multiplicity:1.85
0.997	0.001	0.001	0.001
0.867	0.131	0.001	0.001
0.997	0.001	0.001	0.001
0.835	0.163	0.001	0.001
0.001	0.997	0.001	0.001
0.997	0.001	0.001	0.001
0.997	0.001	0.001	0.001
0.997	0.001	0.001	0.001
>TGGTCTAC	12-TGGTCTAC	8.236954	-166.920042	0	T:3081.0(8.69%),B:2188.4(6.24%),P:1e-72	Tpos:363.0,Tstd:293.9,Bpos:271.0,Bstd:179.9,StrandBias:0.1,Multiplicity:1.07
0.100	0.100	0.100	0.700
0.100	0.100	0.700	0.100
0.100	0.100	0.700	0.100
0.100	0.100	0.100	0.700
0.100	0.700	0.100	0.100
0.100	0.100	0.100	0.700
0.700	0.100	0.100	0.100
0.100	0.700	0.100	0.100
>CTTAAGGC	13-CTTAAGGC	7.083514	-158.124182	0	T:8606.0(24.27%),B:7163.8(20.43%),P:1e-68	Tpos:371.7,Tstd:303.2,Bpos:279.7,Bstd:169.3,StrandBias:-0.0,Multiplicity:1.19
0.031	0.967	0.001	0.001
0.001	0.049	0.001	0.949
0.051	0.037	0.170	0.742
0.691	0.147	0.161	0.001
0.936	0.001	0.062	0.001
0.068	0.051	0.880	0.001
0.001	0.026	0.943	0.030
0.001	0.964	0.034	0.001
>CCGGAATY	14-CCGGAATY	5.540482	-153.388822	0	T:8368.0(23.60%),B:6962.0(19.85%),P:1e-66	Tpos:383.5,Tstd:309.4,Bpos:280.2,Bstd:168.1,StrandBias:0.0,Multiplicity:1.27
0.053	0.638	0.143	0.166
0.098	0.565	0.199	0.138
0.012	0.226	0.685	0.077
0.029	0.068	0.855	0.048
0.678	0.040	0.258	0.024
0.547	0.082	0.156	0.215
0.051	0.064	0.133	0.752
0.070	0.375	0.168	0.387
>AGTGCTGG	15-AGTGCTGG	6.261362	-148.128320	0	T:6144.0(17.33%),B:4942.3(14.09%),P:1e-64	Tpos:359.1,Tstd:291.6,Bpos:278.1,Bstd:175.0,StrandBias:-0.0,Multiplicity:1.12
0.997	0.001	0.001	0.001
0.001	0.001	0.997	0.001
0.001	0.055	0.001	0.943
0.001	0.001	0.997	0.001
0.001	0.997	0.001	0.001
0.001	0.001	0.001	0.997
0.148	0.038	0.813	0.001
0.001	0.001	0.997	0.001
>ATTAAGGG	16-ATTAAGGG	8.236954	-139.720228	0	T:649.0(1.83%),B:312.7(0.89%),P:1e-60	Tpos:347.2,Tstd:307.0,Bpos:282.3,Bstd:167.7,StrandBias:-0.2,Multiplicity:1.01
0.700	0.100	0.100	0.100
0.100	0.100	0.100	0.700
0.100	0.100	0.100	0.700
0.700	0.100	0.100	0.100
0.700	0.100	0.100	0.100
0.100	0.100	0.700	0.100
0.100	0.100	0.700	0.100
0.100	0.100	0.700	0.100
>YCGAACCK	17-YCGAACCK	5.747328	-112.427900	0	T:3529.0(9.95%),B:2725.2(7.77%),P:1e-48	Tpos:366.4,Tstd:307.8,Bpos:282.3,Bstd:173.4,StrandBias:0.0,Multiplicity:1.13
0.273	0.427	0.016	0.284
0.001	0.946	0.001	0.052
0.001	0.001	0.973	0.025
0.997	0.001	0.001	0.001
0.600	0.001	0.001	0.398
0.001	0.997	0.001	0.001
0.001	0.997	0.001	0.001
0.002	0.001	0.451	0.546
>ATAAGTGC	18-ATAAGTGC	9.348953	-82.814984	0	T:782.0(2.21%),B:477.7(1.36%),P:1e-35	Tpos:339.1,Tstd:352.6,Bpos:290.3,Bstd:161.5,StrandBias:0.1,Multiplicity:1.02
0.997	0.001	0.001	0.001
0.001	0.001	0.001	0.997
0.997	0.001	0.001	0.001
0.997	0.001	0.001	0.001
0.001	0.001	0.997	0.001
0.001	0.001	0.001	0.997
0.001	0.001	0.819	0.179
0.001	0.997	0.001	0.001
>YTACATTC	19-YTACATTC	6.315203	-79.682401	0	T:6648.0(18.75%),B:5709.7(16.28%),P:1e-34	Tpos:344.7,Tstd:294.5,Bpos:282.3,Bstd:166.1,StrandBias:0.0,Multiplicity:1.17
0.001	0.466	0.001	0.532
0.214	0.149	0.160	0.476
0.592	0.001	0.406	0.001
0.144	0.503	0.352	0.001
0.855	0.001	0.143	0.001
0.322	0.050	0.001	0.627
0.001	0.279	0.072	0.648
0.144	0.854	0.001	0.001
>ACTACTGG	20-ACTACTGG	8.236954	-73.440144	0	T:620.0(1.75%),B:368.0(1.05%),P:1e-31	Tpos:313.5,Tstd:272.3,Bpos:276.8,Bstd:178.1,StrandBias:0.1,Multiplicity:1.01
0.700	0.100	0.100	0.100
0.100	0.700	0.100	0.100
0.100	0.100	0.100	0.700
0.700	0.100	0.100	0.100
0.100	0.700	0.100	0.100
0.100	0.100	0.100	0.700
0.100	0.100	0.700	0.100
0.100	0.100	0.700	0.100
>TTATACAG	21-TTATACAG	7.772485	-71.898608	0	T:726.0(2.05%),B:451.3(1.29%),P:1e-31	Tpos:318.1,Tstd:292.5,Bpos:277.4,Bstd:160.6,StrandBias:0.1,Multiplicity:1.02
0.001	0.001	0.001	0.997
0.001	0.001	0.001	0.997
0.997	0.001	0.001	0.001
0.001	0.001	0.001	0.997
0.997	0.001	0.001	0.001
0.001	0.997	0.001	0.001
0.961	0.001	0.037	0.001
0.001	0.001	0.997	0.001
>TCGAGCAT	22-TCGAGCAT	8.236954	-65.346724	0	T:218.0(0.61%),B:91.3(0.26%),P:1e-28	Tpos:304.2,Tstd:272.3,Bpos:283.9,Bstd:183.6,StrandBias:-0.1,Multiplicity:1.01
0.100	0.100	0.100	0.700
0.100	0.700	0.100	0.100
0.100	0.100	0.700	0.100
0.700	0.100	0.100	0.100
0.100	0.100	0.700	0.100
0.100	0.700	0.100	0.100
0.700	0.100	0.100	0.100
0.100	0.100	0.100	0.700
>TTATCATC	23-TTATCATC	8.236954	-63.867550	0	T:668.0(1.88%),B:419.2(1.20%),P:1e-27	Tpos:347.2,Tstd:346.5,Bpos:270.4,Bstd:161.8,StrandBias:0.1,Multiplicity:1.01
0.100	0.100	0.100	0.700
0.100	0.100	0.100	0.700
0.700	0.100	0.100	0.100
0.100	0.100	0.100	0.700
0.100	0.700	0.100	0.100
0.700	0.100	0.100	0.100
0.100	0.100	0.100	0.700
0.100	0.700	0.100	0.100
>GACTAAGT	24-GACTAAGT	8.720562	-59.837740	0	T:478.0(1.35%),B:279.0(0.80%),P:1e-25	Tpos:321.8,Tstd:285.3,Bpos:287.1,Bstd:161.6,StrandBias:-0.1,Multiplicity:1.00
0.302	0.001	0.696	0.001
0.865	0.001	0.084	0.050
0.001	0.915	0.001	0.083
0.162	0.001	0.145	0.692
0.620	0.001	0.001	0.378
0.624	0.001	0.001	0.374
0.136	0.087	0.776	0.001
0.001	0.001	0.181	0.817
>TTGCTTTA	25-TTGCTTTA	8.236954	-28.843805	0	T:947.0(2.67%),B:736.2(2.10%),P:1e-12	Tpos:318.4,Tstd:294.4,Bpos:278.8,Bstd:180.2,StrandBias:-0.3,Multiplicity:1.14
0.100	0.100	0.100	0.700
0.100	0.100	0.100	0.700
0.100	0.100	0.700	0.100
0.100	0.700	0.100	0.100
0.100	0.100	0.100	0.700
0.100	0.100	0.100	0.700
0.100	0.100	0.100	0.700
0.700	0.100	0.100	0.100
