>ACATTCCT	1-ACATTCCT	7.903528	-140.734229	0	T:802.0(15.15%),B:3609.1(8.23%),P:1e-61	Tpos:302.3,Tstd:243.1,Bpos:191.7,Bstd:114.7,StrandBias:-0.1,Multiplicity:1.20
0.682	0.001	0.316	0.001
0.281	0.716	0.002	0.001
0.997	0.001	0.001	0.001
0.001	0.001	0.001	0.997
0.001	0.001	0.001	0.997
0.001	0.997	0.001	0.001
0.001	0.836	0.001	0.162
0.007	0.001	0.221	0.771
>ASATTCCW	2-ASATTCCW	7.209845	-135.943424	0	T:979.0(18.50%),B:4788.3(10.92%),P:1e-59	Tpos:290.4,Tstd:262.7,Bpos:194.1,Bstd:113.6,StrandBias:0.1,Multiplicity:1.16
0.719	0.086	0.194	0.001
0.190	0.418	0.329	0.063
0.685	0.001	0.213	0.101
0.001	0.001	0.063	0.935
0.019	0.001	0.001	0.979
0.001	0.953	0.001	0.045
0.001	0.816	0.182	0.001
0.522	0.001	0.082	0.395
>GGGTGGGG	3-GGGTGGGG	8.015110	-80.588594	0	T:1791.0(33.84%),B:11452.4(26.12%),P:1e-34	Tpos:246.4,Tstd:237.5,Bpos:180.4,Bstd:113.1,StrandBias:0.1,Multiplicity:1.71
0.039	0.001	0.959	0.001
0.001	0.001	0.997	0.001
0.001	0.001	0.997	0.001
0.001	0.416	0.001	0.582
0.001	0.001	0.997	0.001
0.001	0.001	0.607	0.391
0.193	0.001	0.805	0.001
0.001	0.001	0.997	0.001
>TTTAYRVY	4-TTTAYRVY	6.862116	-72.837246	0	T:901.0(17.03%),B:5054.2(11.53%),P:1e-31	Tpos:302.4,Tstd:392.1,Bpos:192.1,Bstd:118.0,StrandBias:-0.0,Multiplicity:1.21
0.042	0.001	0.163	0.794
0.001	0.001	0.001	0.997
0.001	0.001	0.001	0.997
0.980	0.018	0.001	0.001
0.001	0.464	0.173	0.362
0.343	0.001	0.414	0.242
0.338	0.271	0.390	0.001
0.001	0.437	0.148	0.413
>TGACCTTG	5-TGACCTTG	10.846179	-65.125662	0	T:271.0(5.12%),B:1062.2(2.42%),P:1e-28	Tpos:253.8,Tstd:201.7,Bpos:193.5,Bstd:115.7,StrandBias:0.0,Multiplicity:1.04
0.001	0.001	0.001	0.997
0.001	0.001	0.997	0.001
0.800	0.001	0.001	0.198
0.001	0.997	0.001	0.001
0.001	0.997	0.001	0.001
0.001	0.001	0.001	0.997
0.001	0.001	0.001	0.997
0.001	0.001	0.997	0.001
>TTATCGCG	6-TTATCGCG	4.818942	-48.405584	0	T:1513.0(28.59%),B:10057.9(22.94%),P:1e-21	Tpos:278.3,Tstd:347.1,Bpos:192.9,Bstd:118.2,StrandBias:0.0,Multiplicity:1.35
0.103	0.050	0.032	0.815
0.089	0.013	0.041	0.857
0.770	0.066	0.036	0.128
0.085	0.038	0.073	0.804
0.025	0.738	0.161	0.076
0.091	0.114	0.605	0.190
0.083	0.792	0.067	0.058
0.081	0.176	0.623	0.120
>GCCGGATT	7-GCCGGATT	5.101933	-43.829107	0	T:1416.0(26.76%),B:9432.8(21.52%),P:1e-19	Tpos:256.1,Tstd:291.8,Bpos:191.1,Bstd:120.5,StrandBias:0.0,Multiplicity:1.22
0.135	0.069	0.640	0.156
0.048	0.760	0.089	0.103
0.110	0.675	0.148	0.067
0.042	0.044	0.866	0.048
0.043	0.059	0.841	0.057
0.761	0.066	0.086	0.087
0.164	0.066	0.043	0.727
0.126	0.069	0.070	0.735
>GATTGGCC	8-GATTGGCC	5.923001	-43.201771	0	T:1449.0(27.38%),B:9702.5(22.13%),P:1e-18	Tpos:262.9,Tstd:285.8,Bpos:189.5,Bstd:115.6,StrandBias:-0.0,Multiplicity:1.23
0.107	0.065	0.798	0.030
0.976	0.001	0.001	0.022
0.139	0.163	0.055	0.643
0.219	0.123	0.001	0.657
0.182	0.108	0.534	0.176
0.153	0.070	0.755	0.022
0.069	0.860	0.069	0.002
0.001	0.783	0.040	0.176
>YTMCGCCT	9-YTMCGCCT	6.246586	-42.216787	0	T:874.0(16.52%),B:5408.0(12.34%),P:1e-18	Tpos:246.8,Tstd:273.3,Bpos:186.1,Bstd:120.7,StrandBias:0.0,Multiplicity:1.23
0.106	0.515	0.001	0.378
0.132	0.247	0.001	0.620
0.525	0.473	0.001	0.001
0.126	0.660	0.213	0.001
0.085	0.001	0.913	0.001
0.001	0.680	0.023	0.296
0.097	0.547	0.001	0.355
0.064	0.218	0.001	0.717
>TTAAGCCT	10-TTAAGCCT	6.541345	-35.065159	0	T:1082.0(20.45%),B:7123.0(16.25%),P:1e-15	Tpos:279.7,Tstd:336.9,Bpos:192.2,Bstd:115.9,StrandBias:0.0,Multiplicity:1.21
0.001	0.090	0.001	0.908
0.028	0.037	0.135	0.800
0.749	0.110	0.001	0.140
0.887	0.001	0.040	0.072
0.041	0.020	0.907	0.032
0.001	0.901	0.075	0.023
0.017	0.963	0.001	0.019
0.039	0.065	0.013	0.883
>AATCTGCC	11-AATCTGCC	7.207161	-33.298451	0	T:951.0(17.97%),B:6184.5(14.11%),P:1e-14	Tpos:248.0,Tstd:235.6,Bpos:194.0,Bstd:114.0,StrandBias:0.1,Multiplicity:1.13
0.739	0.074	0.051	0.136
0.733	0.055	0.161	0.051
0.055	0.001	0.001	0.943
0.001	0.914	0.023	0.062
0.025	0.001	0.024	0.950
0.019	0.030	0.879	0.072
0.001	0.997	0.001	0.001
0.001	0.908	0.001	0.090
>TGACGGAA	12-TGACGGAA	7.563671	-32.703984	0	T:276.0(5.22%),B:1395.1(3.18%),P:1e-14	Tpos:240.3,Tstd:202.9,Bpos:193.5,Bstd:118.7,StrandBias:-0.0,Multiplicity:1.06
0.001	0.008	0.045	0.946
0.001	0.068	0.882	0.049
0.833	0.066	0.043	0.058
0.042	0.906	0.051	0.001
0.001	0.030	0.897	0.072
0.073	0.107	0.746	0.074
0.984	0.014	0.001	0.001
0.895	0.096	0.001	0.008
>TCCGAATG	13-TCCGAATG	7.343213	-32.687349	0	T:299.0(5.65%),B:1546.0(3.53%),P:1e-14	Tpos:234.6,Tstd:255.3,Bpos:195.2,Bstd:115.2,StrandBias:0.1,Multiplicity:1.03
0.001	0.001	0.001	0.997
0.130	0.868	0.001	0.001
0.001	0.929	0.001	0.069
0.001	0.001	0.997	0.001
0.632	0.108	0.259	0.001
0.781	0.001	0.001	0.217
0.001	0.116	0.001	0.882
0.001	0.088	0.910	0.001
>CCACGTTT	14-CCACGTTT	5.979071	-30.814013	0	T:202.0(3.82%),B:948.0(2.16%),P:1e-13	Tpos:257.2,Tstd:323.1,Bpos:195.1,Bstd:120.1,StrandBias:0.2,Multiplicity:1.10
0.001	0.997	0.001	0.001
0.001	0.997	0.001	0.001
0.997	0.001	0.001	0.001
0.001	0.997	0.001	0.001
0.001	0.001	0.997	0.001
0.153	0.186	0.177	0.485
0.001	0.001	0.001	0.997
0.033	0.001	0.001	0.965
>GYCACGTK	15-GYCACGTK	6.810280	-29.190662	0	T:482.0(9.11%),B:2852.1(6.51%),P:1e-12	Tpos:229.9,Tstd:186.5,Bpos:187.0,Bstd:115.2,StrandBias:-0.1,Multiplicity:1.07
0.338	0.001	0.654	0.007
0.001	0.439	0.194	0.365
0.022	0.657	0.319	0.002
0.866	0.034	0.001	0.099
0.357	0.641	0.001	0.001
0.001	0.001	0.997	0.001
0.178	0.235	0.001	0.586
0.003	0.068	0.466	0.462
>GAACTCGC	16-GAACTCGC	6.585943	-28.862530	0	T:903.0(17.06%),B:5941.1(13.55%),P:1e-12	Tpos:239.5,Tstd:217.0,Bpos:193.9,Bstd:121.0,StrandBias:-0.0,Multiplicity:1.10
0.001	0.018	0.980	0.001
0.968	0.001	0.030	0.001
0.882	0.072	0.045	0.001
0.043	0.955	0.001	0.001
0.001	0.056	0.050	0.893
0.049	0.700	0.153	0.098
0.001	0.157	0.671	0.171
0.001	0.965	0.033	0.001
>ACCTGTAA	17-ACCTGTAA	7.521329	-28.423059	0	T:318.0(6.01%),B:1731.3(3.95%),P:1e-12	Tpos:294.7,Tstd:476.9,Bpos:192.0,Bstd:115.8,StrandBias:0.3,Multiplicity:1.05
0.997	0.001	0.001	0.001
0.001	0.997	0.001	0.001
0.001	0.787	0.001	0.211
0.001	0.001	0.001	0.997
0.136	0.001	0.862	0.001
0.001	0.001	0.001	0.997
0.997	0.001	0.001	0.001
0.997	0.001	0.001	0.001
>GAGCGGTT	18-GAGCGGTT	4.937973	-20.852352	0	T:1358.0(25.66%),B:9713.6(22.16%),P:1e-9	Tpos:248.1,Tstd:269.6,Bpos:194.5,Bstd:121.9,StrandBias:0.1,Multiplicity:1.22
0.168	0.048	0.724	0.060
0.720	0.080	0.101	0.099
0.101	0.090	0.701	0.108
0.080	0.773	0.071	0.076
0.069	0.113	0.787	0.031
0.076	0.091	0.732	0.101
0.060	0.100	0.011	0.829
0.142	0.047	0.071	0.740
>GTCTGACT	19-GTCTGACT	8.402178	-20.037524	0	T:258.0(4.88%),B:1456.3(3.32%),P:1e-8	Tpos:236.4,Tstd:176.7,Bpos:192.3,Bstd:111.5,StrandBias:-0.0,Multiplicity:1.04
0.001	0.001	0.967	0.031
0.146	0.043	0.048	0.763
0.057	0.866	0.023	0.054
0.211	0.010	0.001	0.778
0.047	0.040	0.888	0.025
0.914	0.001	0.001	0.084
0.001	0.982	0.001	0.016
0.042	0.060	0.001	0.897
>CGTGAAAC	20-CGTGAAAC	8.236954	-16.759664	0	T:34.0(0.64%),B:95.3(0.22%),P:1e-7	Tpos:377.5,Tstd:794.9,Bpos:195.2,Bstd:129.6,StrandBias:1.3,Multiplicity:1.00
0.100	0.700	0.100	0.100
0.100	0.100	0.700	0.100
0.100	0.100	0.100	0.700
0.100	0.100	0.700	0.100
0.700	0.100	0.100	0.100
0.700	0.100	0.100	0.100
0.700	0.100	0.100	0.100
0.100	0.700	0.100	0.100
>ATWTCTCA	21-ATWTCTCA	8.258108	-16.076819	0	T:296.0(5.59%),B:1796.8(4.10%),P:1e-6	Tpos:238.5,Tstd:199.0,Bpos:195.3,Bstd:112.2,StrandBias:-0.0,Multiplicity:1.11
0.750	0.096	0.153	0.001
0.407	0.025	0.001	0.567
0.388	0.093	0.195	0.324
0.054	0.001	0.114	0.831
0.043	0.845	0.085	0.027
0.009	0.010	0.001	0.980
0.049	0.893	0.057	0.001
0.809	0.050	0.058	0.083
>CGAAACGA	22-CGAAACGA	4.017231	-15.777272	0	T:452.0(8.54%),B:2937.5(6.70%),P:1e-6	Tpos:230.2,Tstd:201.9,Bpos:192.4,Bstd:129.1,StrandBias:0.3,Multiplicity:1.52
0.001	0.997	0.001	0.001
0.135	0.001	0.863	0.001
0.997	0.001	0.001	0.001
0.997	0.001	0.001	0.001
0.997	0.001	0.001	0.001
0.001	0.997	0.001	0.001
0.254	0.001	0.744	0.001
0.997	0.001	0.001	0.001
>CGTTCSAC	23-CGTTCSAC	7.031219	-14.076111	0	T:155.0(2.93%),B:852.2(1.94%),P:1e-6	Tpos:254.0,Tstd:375.0,Bpos:195.8,Bstd:127.2,StrandBias:-0.5,Multiplicity:1.02
0.001	0.877	0.001	0.121
0.022	0.001	0.976	0.001
0.153	0.001	0.001	0.845
0.001	0.150	0.001	0.848
0.252	0.532	0.001	0.215
0.001	0.367	0.404	0.228
0.897	0.086	0.016	0.001
0.158	0.695	0.146	0.001
>CCTACAGT	24-CCTACAGT	8.236954	-11.161185	0	T:89.0(1.68%),B:456.9(1.04%),P:1e-4	Tpos:268.0,Tstd:219.0,Bpos:196.7,Bstd:111.6,StrandBias:-0.1,Multiplicity:1.41
0.100	0.700	0.100	0.100
0.100	0.700	0.100	0.100
0.100	0.100	0.100	0.700
0.700	0.100	0.100	0.100
0.100	0.700	0.100	0.100
0.700	0.100	0.100	0.100
0.100	0.100	0.700	0.100
0.100	0.100	0.100	0.700
>ACAAACAA	25-ACAAACAA	8.715645	-10.543006	0	T:546.0(10.32%),B:3815.9(8.70%),P:1e-4	Tpos:262.2,Tstd:276.1,Bpos:197.5,Bstd:124.3,StrandBias:0.2,Multiplicity:1.63
0.997	0.001	0.001	0.001
0.001	0.997	0.001	0.001
0.997	0.001	0.001	0.001
0.997	0.001	0.001	0.001
0.997	0.001	0.001	0.001
0.001	0.997	0.001	0.001
0.706	0.001	0.179	0.114
0.831	0.167	0.001	0.001
