>CCATTGTT	1-CCATTGTT	6.663570	-6084.603745	0	T:13092.0(41.03%),B:4817.8(15.34%),P:1e-2642	Tpos:230.2,Tstd:177.7,Bpos:176.3,Bstd:112.3,StrandBias:-0.0,Multiplicity:1.36
0.012	0.898	0.038	0.052
0.009	0.660	0.004	0.327
0.736	0.013	0.001	0.250
0.001	0.001	0.001	0.997
0.003	0.001	0.001	0.995
0.001	0.027	0.971	0.001
0.001	0.001	0.001	0.997
0.029	0.084	0.043	0.844
>TACAAAAG	2-TACAAAAG	7.054158	-2818.764552	0	T:8857.0(27.76%),B:3813.8(12.14%),P:1e-1224	Tpos:230.0,Tstd:178.0,Bpos:177.3,Bstd:111.6,StrandBias:0.0,Multiplicity:1.16
0.001	0.142	0.275	0.582
0.965	0.001	0.001	0.033
0.001	0.973	0.009	0.017
0.984	0.001	0.001	0.014
0.997	0.001	0.001	0.001
0.831	0.001	0.001	0.167
0.818	0.001	0.163	0.018
0.001	0.001	0.997	0.001
>ACAAAGCG	3-ACAAAGCG	4.440610	-1840.383625	0	T:10935.0(34.27%),B:6209.4(19.77%),P:1e-799	Tpos:227.5,Tstd:186.8,Bpos:179.0,Bstd:113.5,StrandBias:-0.0,Multiplicity:1.27
0.997	0.001	0.001	0.001
0.001	0.993	0.001	0.005
0.996	0.001	0.001	0.002
0.997	0.001	0.001	0.001
0.980	0.001	0.004	0.015
0.001	0.006	0.990	0.003
0.341	0.657	0.001	0.001
0.203	0.260	0.438	0.099
>GCCCCRCC	4-GCCCCRCC	6.907076	-1755.361317	0	T:11384.0(35.68%),B:6669.3(21.23%),P:1e-762	Tpos:220.3,Tstd:182.0,Bpos:172.4,Bstd:112.3,StrandBias:0.0,Multiplicity:1.59
0.341	0.057	0.579	0.023
0.082	0.753	0.082	0.083
0.007	0.815	0.006	0.172
0.376	0.596	0.003	0.025
0.053	0.912	0.018	0.017
0.434	0.015	0.410	0.141
0.002	0.932	0.025	0.041
0.019	0.979	0.001	0.001
>ATKCAAAT	5-ATKCAAAT	8.480210	-1355.366520	0	T:3579.0(11.22%),B:1325.4(4.22%),P:1e-588	Tpos:230.8,Tstd:195.1,Bpos:175.9,Bstd:113.0,StrandBias:-0.0,Multiplicity:1.12
0.832	0.028	0.042	0.098
0.022	0.013	0.048	0.917
0.032	0.001	0.503	0.464
0.014	0.781	0.123	0.082
0.549	0.024	0.033	0.394
0.826	0.025	0.059	0.090
0.959	0.030	0.001	0.010
0.105	0.046	0.063	0.786
>TGACCTTG	6-TGACCTTG	8.613509	-965.535195	0	T:3581.0(11.22%),B:1582.9(5.04%),P:1e-419	Tpos:225.7,Tstd:188.8,Bpos:176.7,Bstd:114.4,StrandBias:0.1,Multiplicity:1.09
0.001	0.001	0.001	0.997
0.096	0.001	0.902	0.001
0.997	0.001	0.001	0.001
0.001	0.997	0.001	0.001
0.001	0.997	0.001	0.001
0.001	0.001	0.001	0.997
0.001	0.001	0.001	0.997
0.001	0.001	0.891	0.107
>ATTTGCAT	7-ATTTGCAT	7.117540	-899.336156	0	T:6657.0(20.86%),B:3899.3(12.41%),P:1e-390	Tpos:236.9,Tstd:208.8,Bpos:176.9,Bstd:111.5,StrandBias:-0.0,Multiplicity:1.17
0.603	0.248	0.092	0.057
0.001	0.093	0.036	0.870
0.041	0.164	0.001	0.794
0.206	0.010	0.001	0.783
0.191	0.001	0.807	0.001
0.001	0.958	0.001	0.040
0.784	0.092	0.005	0.119
0.374	0.001	0.001	0.624
>TCAGCAGG	8-TCAGCAGG	7.450208	-758.388011	0	T:5115.0(16.03%),B:2879.8(9.17%),P:1e-329	Tpos:220.9,Tstd:176.1,Bpos:179.7,Bstd:108.4,StrandBias:0.0,Multiplicity:1.10
0.277	0.141	0.001	0.581
0.001	0.997	0.001	0.001
0.997	0.001	0.001	0.001
0.001	0.001	0.997	0.001
0.001	0.952	0.001	0.046
0.997	0.001	0.001	0.001
0.001	0.001	0.997	0.001
0.001	0.001	0.997	0.001
>AGAATAGS	9-AGAATAGS	6.894115	-696.340258	0	T:6584.0(20.63%),B:4119.2(13.11%),P:1e-302	Tpos:242.9,Tstd:195.7,Bpos:178.9,Bstd:108.2,StrandBias:-0.0,Multiplicity:1.23
0.479	0.058	0.150	0.312
0.121	0.131	0.747	0.001
0.886	0.001	0.112	0.001
0.925	0.022	0.052	0.001
0.152	0.001	0.001	0.846
0.639	0.036	0.324	0.001
0.051	0.061	0.859	0.029
0.218	0.437	0.344	0.001
>ATTYAAAY	10-ATTYAAAY	7.585372	-640.199704	0	T:5218.0(16.35%),B:3109.6(9.90%),P:1e-278	Tpos:230.9,Tstd:193.4,Bpos:181.1,Bstd:111.7,StrandBias:-0.0,Multiplicity:1.11
0.997	0.001	0.001	0.001
0.001	0.001	0.001	0.997
0.001	0.001	0.001	0.997
0.039	0.539	0.001	0.421
0.955	0.043	0.001	0.001
0.819	0.039	0.141	0.001
0.997	0.001	0.001	0.001
0.001	0.419	0.109	0.471
>ACCCCGCC	11-ACCCCGCC	7.797482	-574.401313	0	T:6400.0(20.06%),B:4160.7(13.25%),P:1e-249	Tpos:236.2,Tstd:195.5,Bpos:179.4,Bstd:112.7,StrandBias:0.1,Multiplicity:1.13
0.698	0.002	0.001	0.299
0.226	0.772	0.001	0.001
0.001	0.638	0.001	0.360
0.001	0.997	0.001	0.001
0.001	0.891	0.107	0.001
0.418	0.001	0.580	0.001
0.001	0.997	0.001	0.001
0.001	0.997	0.001	0.001
>AASAATDC	12-AASAATDC	7.011966	-501.692433	0	T:6164.0(19.32%),B:4089.9(13.02%),P:1e-217	Tpos:238.1,Tstd:204.8,Bpos:178.8,Bstd:112.0,StrandBias:-0.0,Multiplicity:1.16
0.814	0.001	0.184	0.001
0.959	0.001	0.001	0.039
0.001	0.442	0.415	0.143
0.997	0.001	0.001	0.001
0.997	0.001	0.001	0.001
0.001	0.001	0.001	0.997
0.281	0.118	0.358	0.243
0.095	0.612	0.119	0.174
>CBCTTTYA	13-CBCTTTYA	7.111830	-391.082503	0	T:8212.0(25.74%),B:6079.1(19.35%),P:1e-169	Tpos:238.1,Tstd:194.3,Bpos:179.2,Bstd:112.2,StrandBias:-0.0,Multiplicity:1.22
0.034	0.597	0.206	0.163
0.001	0.370	0.345	0.284
0.001	0.899	0.099	0.001
0.083	0.001	0.001	0.915
0.001	0.023	0.001	0.975
0.019	0.001	0.001	0.979
0.048	0.411	0.128	0.414
0.984	0.014	0.001	0.001
>TCTCGCGA	14-TCTCGCGA	7.247857	-320.952271	0	T:480.0(1.50%),B:115.9(0.37%),P:1e-139	Tpos:234.5,Tstd:202.2,Bpos:172.5,Bstd:125.7,StrandBias:-0.0,Multiplicity:1.16
0.001	0.001	0.001	0.997
0.185	0.813	0.001	0.001
0.001	0.001	0.001	0.997
0.001	0.997	0.001	0.001
0.001	0.001	0.997	0.001
0.001	0.997	0.001	0.001
0.001	0.001	0.997	0.001
0.880	0.001	0.118	0.001
>GCCTAATT	15-GCCTAATT	8.979841	-318.230879	0	T:1382.0(4.33%),B:644.5(2.05%),P:1e-138	Tpos:264.2,Tstd:187.3,Bpos:180.2,Bstd:111.5,StrandBias:-0.0,Multiplicity:1.09
0.001	0.001	0.997	0.001
0.001	0.843	0.155	0.001
0.001	0.997	0.001	0.001
0.001	0.001	0.001	0.997
0.796	0.001	0.202	0.001
0.997	0.001	0.001	0.001
0.001	0.001	0.001	0.997
0.001	0.001	0.001	0.997
>TAAYCTCC	16-TAAYCTCC	9.496884	-300.273713	0	T:1601.0(5.02%),B:811.1(2.58%),P:1e-130	Tpos:246.3,Tstd:217.6,Bpos:177.8,Bstd:110.5,StrandBias:-0.1,Multiplicity:1.14
0.001	0.001	0.001	0.997
0.997	0.001	0.001	0.001
0.597	0.001	0.401	0.001
0.001	0.516	0.001	0.482
0.001	0.997	0.001	0.001
0.001	0.001	0.001	0.997
0.001	0.997	0.001	0.001
0.001	0.997	0.001	0.001
>ACCAGGGG	17-ACCAGGGG	8.236954	-294.316531	0	T:940.0(2.95%),B:378.3(1.20%),P:1e-127	Tpos:271.5,Tstd:197.7,Bpos:182.2,Bstd:115.3,StrandBias:-0.0,Multiplicity:1.07
0.700	0.100	0.100	0.100
0.100	0.700	0.100	0.100
0.100	0.700	0.100	0.100
0.700	0.100	0.100	0.100
0.100	0.100	0.700	0.100
0.100	0.100	0.700	0.100
0.100	0.100	0.700	0.100
0.100	0.100	0.700	0.100
>TCAAGGCT	18-TCAAGGCT	7.987965	-274.850085	0	T:4408.0(13.81%),B:3058.1(9.74%),P:1e-119	Tpos:243.8,Tstd:189.0,Bpos:178.8,Bstd:112.4,StrandBias:-0.0,Multiplicity:1.13
0.001	0.001	0.001	0.997
0.084	0.914	0.001	0.001
0.997	0.001	0.001	0.001
0.826	0.001	0.172	0.001
0.112	0.001	0.886	0.001
0.001	0.001	0.997	0.001
0.073	0.858	0.001	0.068
0.001	0.001	0.001	0.997
>TTCCCGCC	19-TTCCCGCC	5.755081	-227.799643	0	T:8536.0(26.75%),B:6829.7(21.74%),P:1e-98	Tpos:227.5,Tstd:192.8,Bpos:176.2,Bstd:116.5,StrandBias:-0.0,Multiplicity:1.35
0.132	0.066	0.143	0.659
0.095	0.108	0.045	0.752
0.017	0.741	0.041	0.201
0.050	0.872	0.048	0.030
0.085	0.635	0.246	0.034
0.106	0.127	0.763	0.004
0.029	0.795	0.102	0.074
0.087	0.786	0.049	0.078
>GGGATTCC	20-GGGATTCC	10.557403	-199.842465	0	T:738.0(2.31%),B:320.0(1.02%),P:1e-86	Tpos:275.8,Tstd:176.8,Bpos:185.5,Bstd:108.9,StrandBias:0.1,Multiplicity:1.01
0.001	0.001	0.997	0.001
0.001	0.001	0.997	0.001
0.197	0.001	0.801	0.001
0.997	0.001	0.001	0.001
0.252	0.001	0.001	0.746
0.001	0.001	0.001	0.997
0.001	0.997	0.001	0.001
0.001	0.997	0.001	0.001
>TGGGCCTA	21-TGGGCCTA	10.943243	-193.674608	0	T:645.0(2.02%),B:265.2(0.84%),P:1e-84	Tpos:249.5,Tstd:179.5,Bpos:169.5,Bstd:105.3,StrandBias:0.1,Multiplicity:1.01
0.001	0.001	0.001	0.997
0.001	0.001	0.997	0.001
0.001	0.058	0.940	0.001
0.001	0.001	0.997	0.001
0.001	0.997	0.001	0.001
0.001	0.935	0.063	0.001
0.001	0.001	0.001	0.997
0.997	0.001	0.001	0.001
>AGTGGCAG	22-AGTGGCAG	8.236954	-188.514849	0	T:1242.0(3.89%),B:677.4(2.16%),P:1e-81	Tpos:237.4,Tstd:178.7,Bpos:185.3,Bstd:111.6,StrandBias:0.0,Multiplicity:1.13
0.700	0.100	0.100	0.100
0.100	0.100	0.700	0.100
0.100	0.100	0.100	0.700
0.100	0.100	0.700	0.100
0.100	0.100	0.700	0.100
0.100	0.700	0.100	0.100
0.700	0.100	0.100	0.100
0.100	0.100	0.700	0.100
>CCAATCAG	23-CCAATCAG	8.122836	-180.380351	0	T:1725.0(5.41%),B:1052.4(3.35%),P:1e-78	Tpos:215.6,Tstd:169.8,Bpos:165.1,Bstd:104.5,StrandBias:0.0,Multiplicity:1.15
0.001	0.997	0.001	0.001
0.001	0.984	0.014	0.001
0.979	0.001	0.019	0.001
0.997	0.001	0.001	0.001
0.001	0.001	0.001	0.997
0.001	0.908	0.090	0.001
0.808	0.106	0.085	0.001
0.057	0.185	0.698	0.060
>TAGATCAC	24-TAGATCAC	11.002114	-147.592577	0	T:370.0(1.16%),B:130.4(0.42%),P:1e-64	Tpos:234.4,Tstd:178.6,Bpos:158.5,Bstd:100.5,StrandBias:0.3,Multiplicity:1.01
0.001	0.001	0.001	0.997
0.997	0.001	0.001	0.001
0.001	0.001	0.997	0.001
0.997	0.001	0.001	0.001
0.001	0.001	0.001	0.997
0.001	0.997	0.001	0.001
0.935	0.001	0.063	0.001
0.001	0.997	0.001	0.001
>CACGTGAC	25-CACGTGAC	6.370095	-109.049944	0	T:794.0(2.49%),B:447.7(1.43%),P:1e-47	Tpos:222.5,Tstd:189.8,Bpos:173.1,Bstd:108.6,StrandBias:0.1,Multiplicity:1.06
0.001	0.997	0.001	0.001
0.853	0.001	0.075	0.071
0.001	0.997	0.001	0.001
0.001	0.001	0.997	0.001
0.001	0.001	0.001	0.997
0.001	0.001	0.997	0.001
0.997	0.001	0.001	0.001
0.001	0.877	0.001	0.121
