>ATGAATWATTCATGA	OCT:OCT(POU,Homeobox,IR1)/NPC-Brn2-ChIP-Seq(GSE35496)/Homer	10.783794	-86.108704	0	T:106.0(1.67%),B:150.7(0.35%),P:1e-37
0.849	0.072	0.033	0.046
0.001	0.001	0.012	0.986
0.059	0.026	0.889	0.026
0.574	0.344	0.026	0.056
0.891	0.020	0.026	0.063
0.052	0.013	0.007	0.928
0.513	0.013	0.033	0.441
0.973	0.001	0.001	0.025
0.033	0.026	0.007	0.934
0.066	0.013	0.331	0.590
0.020	0.897	0.020	0.063
0.992	0.001	0.001	0.006
0.046	0.039	0.046	0.869
0.152	0.105	0.610	0.133
0.500	0.100	0.216	0.184
