>GTGTGTGT	1-GTGTGTGT	8.236954	-103.174455	0	T:1789.0(17.83%),B:4945.5(12.88%),P:1e-44	Tpos:161.3,Tstd:755.3,Bpos:140.8,Bstd:115.6,StrandBias:-0.1,Multiplicity:1.29
0.100	0.100	0.700	0.100
0.100	0.100	0.100	0.700
0.100	0.100	0.700	0.100
0.100	0.100	0.100	0.700
0.100	0.100	0.700	0.100
0.100	0.100	0.100	0.700
0.100	0.100	0.700	0.100
0.100	0.100	0.100	0.700
>CCTTTAAT	2-CCTTTAAT	10.983160	-96.485887	0	T:736.0(7.34%),B:1653.3(4.30%),P:1e-41	Tpos:532.3,Tstd:2505.3,Bpos:140.2,Bstd:83.8,StrandBias:0.1,Multiplicity:1.17
0.001	0.997	0.001	0.001
0.001	0.991	0.007	0.001
0.001	0.001	0.001	0.997
0.001	0.001	0.001	0.997
0.001	0.001	0.001	0.997
0.923	0.075	0.001	0.001
0.997	0.001	0.001	0.001
0.001	0.001	0.001	0.997
>GGCVTAGT	3-GGCVTAGT	7.830712	-80.915015	0	T:640.0(6.38%),B:1452.1(3.78%),P:1e-35	Tpos:284.0,Tstd:1176.1,Bpos:139.0,Bstd:78.7,StrandBias:-0.1,Multiplicity:1.29
0.180	0.113	0.706	0.001
0.001	0.001	0.997	0.001
0.001	0.819	0.001	0.179
0.274	0.339	0.357	0.030
0.001	0.001	0.001	0.997
0.674	0.001	0.324	0.001
0.001	0.001	0.914	0.084
0.029	0.338	0.001	0.632
>TGTAGATC	4-TGTAGATC	7.923221	-65.591079	0	T:1159.0(11.55%),B:3191.3(8.31%),P:1e-28	Tpos:414.3,Tstd:1911.5,Bpos:141.5,Bstd:85.5,StrandBias:0.1,Multiplicity:1.07
0.001	0.010	0.030	0.959
0.022	0.001	0.976	0.001
0.059	0.141	0.091	0.709
0.997	0.001	0.001	0.001
0.001	0.001	0.974	0.024
0.857	0.047	0.018	0.078
0.055	0.269	0.001	0.675
0.001	0.885	0.113	0.001
>GATCCGCC	5-GATCCGCC	7.625253	-62.561845	0	T:515.0(5.13%),B:1182.1(3.08%),P:1e-27	Tpos:420.3,Tstd:1838.1,Bpos:142.0,Bstd:79.8,StrandBias:-0.0,Multiplicity:1.10
0.300	0.001	0.694	0.005
0.741	0.214	0.001	0.044
0.089	0.001	0.001	0.909
0.001	0.997	0.001	0.001
0.056	0.907	0.036	0.001
0.133	0.001	0.794	0.072
0.001	0.982	0.001	0.016
0.029	0.969	0.001	0.001
>TAACSCTG	6-TAACSCTG	7.809465	-61.641234	0	T:1119.0(11.15%),B:3095.4(8.06%),P:1e-26	Tpos:572.5,Tstd:2522.6,Bpos:140.2,Bstd:84.9,StrandBias:0.0,Multiplicity:1.32
0.321	0.001	0.001	0.677
0.915	0.001	0.001	0.083
0.589	0.105	0.248	0.058
0.001	0.842	0.156	0.001
0.001	0.531	0.467	0.001
0.001	0.997	0.001	0.001
0.037	0.266	0.001	0.696
0.129	0.001	0.869	0.001
>WCCAATGG	7-WCCAATGG	7.848848	-53.012314	0	T:681.0(6.79%),B:1752.7(4.56%),P:1e-23	Tpos:218.0,Tstd:508.8,Bpos:141.0,Bstd:77.1,StrandBias:0.0,Multiplicity:1.13
0.402	0.189	0.001	0.408
0.001	0.929	0.035	0.035
0.004	0.985	0.010	0.001
0.898	0.001	0.002	0.099
0.977	0.001	0.001	0.021
0.001	0.167	0.001	0.831
0.001	0.056	0.584	0.359
0.149	0.001	0.604	0.246
>CATCTGGG	8-CATCTGGG	7.768710	-49.268998	0	T:388.0(3.87%),B:880.6(2.29%),P:1e-21	Tpos:227.8,Tstd:513.1,Bpos:138.6,Bstd:79.6,StrandBias:0.1,Multiplicity:1.05
0.001	0.997	0.001	0.001
0.949	0.001	0.049	0.001
0.001	0.001	0.001	0.997
0.001	0.997	0.001	0.001
0.001	0.001	0.001	0.997
0.001	0.001	0.997	0.001
0.001	0.248	0.750	0.001
0.001	0.001	0.997	0.001
>TGATCCAT	9-TGATCCAT	10.615739	-47.481311	0	T:225.0(2.24%),B:429.1(1.12%),P:1e-20	Tpos:335.6,Tstd:1785.6,Bpos:137.3,Bstd:76.7,StrandBias:-0.1,Multiplicity:1.01
0.001	0.041	0.001	0.957
0.001	0.001	0.997	0.001
0.793	0.001	0.205	0.001
0.001	0.001	0.001	0.997
0.117	0.881	0.001	0.001
0.001	0.975	0.023	0.001
0.963	0.001	0.035	0.001
0.001	0.001	0.001	0.997
>GTCAGCTA	10-GTCAGCTA	10.684152	-47.303352	0	T:224.0(2.23%),B:427.2(1.11%),P:1e-20	Tpos:288.8,Tstd:1560.9,Bpos:135.6,Bstd:75.6,StrandBias:0.2,Multiplicity:1.01
0.001	0.001	0.997	0.001
0.287	0.001	0.001	0.711
0.001	0.997	0.001	0.001
0.954	0.001	0.044	0.001
0.001	0.001	0.997	0.001
0.001	0.997	0.001	0.001
0.001	0.001	0.001	0.997
0.997	0.001	0.001	0.001
>GTACTGGT	11-GTACTGGT	7.922767	-47.210965	0	T:241.0(2.40%),B:473.0(1.23%),P:1e-20	Tpos:215.6,Tstd:331.7,Bpos:139.0,Bstd:76.3,StrandBias:-0.3,Multiplicity:1.02
0.001	0.001	0.997	0.001
0.001	0.001	0.001	0.997
0.997	0.001	0.001	0.001
0.001	0.997	0.001	0.001
0.001	0.001	0.043	0.955
0.001	0.001	0.997	0.001
0.001	0.001	0.997	0.001
0.001	0.001	0.001	0.997
>TATSCAMT	12-TATSCAMT	8.311382	-46.359088	0	T:389.0(3.88%),B:899.5(2.34%),P:1e-20	Tpos:235.6,Tstd:520.0,Bpos:142.0,Bstd:81.7,StrandBias:-0.3,Multiplicity:1.15
0.001	0.001	0.106	0.892
0.771	0.001	0.227	0.001
0.001	0.001	0.196	0.802
0.001	0.541	0.457	0.001
0.419	0.579	0.001	0.001
0.970	0.001	0.028	0.001
0.440	0.419	0.001	0.140
0.001	0.001	0.001	0.997
>GGTCCATC	13-GGTCCATC	8.236954	-43.844417	0	T:203.0(2.02%),B:384.5(1.00%),P:1e-19	Tpos:210.7,Tstd:200.0,Bpos:138.2,Bstd:81.3,StrandBias:-0.4,Multiplicity:1.12
0.100	0.100	0.700	0.100
0.100	0.100	0.700	0.100
0.100	0.100	0.100	0.700
0.100	0.700	0.100	0.100
0.100	0.700	0.100	0.100
0.700	0.100	0.100	0.100
0.100	0.100	0.100	0.700
0.100	0.700	0.100	0.100
>CTTGCTAG	14-CTTGCTAG	8.236954	-43.538482	0	T:233.0(2.32%),B:466.7(1.22%),P:1e-18	Tpos:223.0,Tstd:427.9,Bpos:144.1,Bstd:79.6,StrandBias:-0.3,Multiplicity:1.01
0.100	0.700	0.100	0.100
0.100	0.100	0.100	0.700
0.100	0.100	0.100	0.700
0.100	0.100	0.700	0.100
0.100	0.700	0.100	0.100
0.100	0.100	0.100	0.700
0.700	0.100	0.100	0.100
0.100	0.100	0.700	0.100
>AGGAGCTA	15-AGGAGCTA	7.423014	-39.330400	0	T:505.0(5.03%),B:1300.3(3.39%),P:1e-17	Tpos:367.7,Tstd:1828.9,Bpos:142.2,Bstd:80.1,StrandBias:0.3,Multiplicity:1.39
0.997	0.001	0.001	0.001
0.001	0.001	0.997	0.001
0.001	0.001	0.997	0.001
0.997	0.001	0.001	0.001
0.001	0.001	0.997	0.001
0.001	0.839	0.001	0.159
0.001	0.001	0.031	0.967
0.997	0.001	0.001	0.001
>AATTCATT	16-AATTCATT	8.236954	-38.275973	0	T:209.0(2.08%),B:422.5(1.10%),P:1e-16	Tpos:566.9,Tstd:2622.4,Bpos:131.4,Bstd:76.0,StrandBias:-0.3,Multiplicity:1.02
0.700	0.100	0.100	0.100
0.700	0.100	0.100	0.100
0.100	0.100	0.100	0.700
0.100	0.100	0.100	0.700
0.100	0.700	0.100	0.100
0.700	0.100	0.100	0.100
0.100	0.100	0.100	0.700
0.100	0.100	0.100	0.700
>GCCTATAG	17-GCCTATAG	6.658746	-37.364540	0	T:897.0(8.94%),B:2598.3(6.77%),P:1e-16	Tpos:280.1,Tstd:1091.9,Bpos:140.3,Bstd:80.4,StrandBias:0.1,Multiplicity:1.18
0.060	0.113	0.765	0.062
0.230	0.575	0.151	0.044
0.085	0.829	0.057	0.029
0.067	0.087	0.050	0.796
0.716	0.238	0.026	0.020
0.021	0.114	0.031	0.834
0.691	0.063	0.160	0.086
0.033	0.058	0.798	0.111
>GAGSATCC	18-GAGSATCC	9.947086	-36.670458	0	T:262.0(2.61%),B:579.5(1.51%),P:1e-15	Tpos:196.4,Tstd:205.6,Bpos:137.6,Bstd:78.8,StrandBias:-0.2,Multiplicity:1.01
0.001	0.023	0.975	0.001
0.997	0.001	0.001	0.001
0.001	0.001	0.997	0.001
0.001	0.546	0.452	0.001
0.997	0.001	0.001	0.001
0.001	0.001	0.001	0.997
0.290	0.708	0.001	0.001
0.001	0.856	0.142	0.001
>TAATGTTG	19-TAATGTTG	8.236954	-35.852699	0	T:164.0(1.63%),B:310.1(0.81%),P:1e-15	Tpos:181.1,Tstd:200.9,Bpos:146.4,Bstd:71.3,StrandBias:-0.1,Multiplicity:1.01
0.100	0.100	0.100	0.700
0.700	0.100	0.100	0.100
0.700	0.100	0.100	0.100
0.100	0.100	0.100	0.700
0.100	0.100	0.700	0.100
0.100	0.100	0.100	0.700
0.100	0.100	0.100	0.700
0.100	0.100	0.700	0.100
>TCGAACTC	20-TCGAACTC	7.752391	-34.504209	0	T:1251.0(12.47%),B:3843.9(10.01%),P:1e-14	Tpos:651.9,Tstd:2752.7,Bpos:142.4,Bstd:85.7,StrandBias:-0.0,Multiplicity:1.32
0.087	0.157	0.251	0.505
0.004	0.492	0.273	0.231
0.014	0.001	0.984	0.001
0.916	0.001	0.001	0.082
0.618	0.319	0.062	0.001
0.001	0.903	0.045	0.051
0.001	0.001	0.001	0.997
0.003	0.995	0.001	0.001
>GCCGCGCC	21-GCCGCGCC	4.425804	-31.228867	0	T:335.0(3.34%),B:830.0(2.16%),P:1e-13	Tpos:274.8,Tstd:952.0,Bpos:138.8,Bstd:72.1,StrandBias:-0.1,Multiplicity:1.33
0.001	0.001	0.997	0.001
0.001	0.913	0.001	0.085
0.289	0.709	0.001	0.001
0.002	0.382	0.615	0.001
0.001	0.997	0.001	0.001
0.001	0.001	0.997	0.001
0.001	0.997	0.001	0.001
0.001	0.997	0.001	0.001
>GTAGTACT	22-GTAGTACT	10.270763	-27.215460	0	T:143.0(1.43%),B:287.2(0.75%),P:1e-11	Tpos:265.5,Tstd:1126.9,Bpos:140.6,Bstd:85.0,StrandBias:-0.3,Multiplicity:1.27
0.063	0.001	0.935	0.001
0.001	0.014	0.220	0.765
0.957	0.001	0.041	0.001
0.001	0.207	0.791	0.001
0.001	0.001	0.001	0.997
0.997	0.001	0.001	0.001
0.001	0.851	0.141	0.007
0.017	0.020	0.001	0.962
>AAAAAAAA	23-AAAAAAAA	10.946024	-13.072933	0	T:954.0(9.51%),B:3155.1(8.22%),P:1e-5	Tpos:673.7,Tstd:2926.1,Bpos:142.0,Bstd:83.7,StrandBias:0.1,Multiplicity:1.18
0.997	0.001	0.001	0.001
0.997	0.001	0.001	0.001
0.997	0.001	0.001	0.001
0.884	0.114	0.001	0.001
0.997	0.001	0.001	0.001
0.997	0.001	0.001	0.001
0.997	0.001	0.001	0.001
0.997	0.001	0.001	0.001
>GAGAGAGA	24-GAGAGAGA	8.236954	-12.299963	0	T:896.0(8.93%),B:2964.4(7.72%),P:1e-5	Tpos:180.5,Tstd:989.9,Bpos:139.4,Bstd:106.8,StrandBias:0.1,Multiplicity:1.31
0.100	0.100	0.700	0.100
0.700	0.100	0.100	0.100
0.100	0.100	0.700	0.100
0.700	0.100	0.100	0.100
0.100	0.100	0.700	0.100
0.700	0.100	0.100	0.100
0.100	0.100	0.700	0.100
0.700	0.100	0.100	0.100
>AAACAAAA	25-AAACAAAA	9.776106	-5.837269	0	T:776.0(7.73%),B:2695.9(7.02%),P:1e-2	Tpos:468.2,Tstd:2236.0,Bpos:140.3,Bstd:84.9,StrandBias:-0.2,Multiplicity:1.82
0.997	0.001	0.001	0.001
0.997	0.001	0.001	0.001
0.997	0.001	0.001	0.001
0.308	0.690	0.001	0.001
0.641	0.357	0.001	0.001
0.997	0.001	0.001	0.001
0.919	0.079	0.001	0.001
0.669	0.329	0.001	0.001
