>CCATTGTT	1-CCATTGTT	6.903034	-441.187847	0	T:1556.0(37.37%),B:8045.9(17.94%),P:1e-191	Tpos:263.3,Tstd:176.1,Bpos:228.4,Bstd:144.6,StrandBias:-0.1,Multiplicity:1.36
0.001	0.951	0.016	0.032
0.001	0.816	0.009	0.174
0.645	0.032	0.001	0.322
0.001	0.001	0.001	0.997
0.001	0.001	0.001	0.997
0.009	0.001	0.989	0.001
0.015	0.001	0.018	0.966
0.055	0.064	0.139	0.742
>TCTCGCGA	2-TCTCGCGA	10.920822	-322.729363	0	T:225.0(5.40%),B:244.5(0.55%),P:1e-140	Tpos:283.3,Tstd:144.0,Bpos:180.1,Bstd:126.5,StrandBias:0.1,Multiplicity:1.17
0.001	0.001	0.001	0.997
0.136	0.862	0.001	0.001
0.001	0.001	0.001	0.997
0.001	0.997	0.001	0.001
0.001	0.001	0.997	0.001
0.001	0.997	0.001	0.001
0.001	0.001	0.997	0.001
0.997	0.001	0.001	0.001
>CCATTTGT	3-CCATTTGT	8.102282	-174.686932	0	T:663.0(15.92%),B:3309.1(7.38%),P:1e-75	Tpos:244.2,Tstd:256.6,Bpos:228.2,Bstd:150.2,StrandBias:-0.2,Multiplicity:1.08
0.001	0.997	0.001	0.001
0.001	0.997	0.001	0.001
0.702	0.001	0.061	0.236
0.001	0.001	0.001	0.997
0.001	0.001	0.001	0.997
0.001	0.001	0.001	0.997
0.001	0.001	0.997	0.001
0.001	0.157	0.001	0.841
>ASCCAWTC	4-ASCCAWTC	6.197910	-115.003365	0	T:1335.0(32.06%),B:9876.5(22.02%),P:1e-49	Tpos:276.9,Tstd:357.4,Bpos:225.7,Bstd:143.5,StrandBias:-0.1,Multiplicity:1.25
0.599	0.001	0.399	0.001
0.001	0.472	0.406	0.121
0.001	0.782	0.002	0.215
0.083	0.529	0.186	0.202
0.864	0.001	0.134	0.001
0.473	0.001	0.001	0.525
0.286	0.024	0.001	0.689
0.025	0.807	0.167	0.001
>AGGGGCGT	5-AGGGGCGT	7.032485	-113.545903	0	T:1691.0(40.61%),B:13359.6(29.79%),P:1e-49	Tpos:272.4,Tstd:253.2,Bpos:218.1,Bstd:147.3,StrandBias:-0.1,Multiplicity:1.76
0.441	0.096	0.280	0.182
0.001	0.001	0.997	0.001
0.027	0.001	0.941	0.031
0.001	0.001	0.997	0.001
0.001	0.001	0.997	0.001
0.001	0.660	0.338	0.001
0.106	0.001	0.699	0.194
0.078	0.001	0.280	0.641
>CHAATYMG	6-CHAATYMG	5.315811	-98.275145	0	T:1288.0(30.93%),B:9749.7(21.74%),P:1e-42	Tpos:273.1,Tstd:293.6,Bpos:223.4,Bstd:145.5,StrandBias:0.1,Multiplicity:1.23
0.130	0.567	0.281	0.022
0.257	0.383	0.050	0.309
0.545	0.001	0.248	0.206
0.816	0.060	0.101	0.023
0.287	0.018	0.023	0.672
0.014	0.483	0.039	0.465
0.407	0.294	0.254	0.045
0.033	0.042	0.732	0.193
>GGAATTCC	7-GGAATTCC	6.401405	-88.321070	0	T:1146.0(27.52%),B:8603.5(19.18%),P:1e-38	Tpos:262.2,Tstd:216.8,Bpos:227.7,Bstd:146.3,StrandBias:-0.0,Multiplicity:1.30
0.069	0.057	0.783	0.091
0.069	0.018	0.869	0.044
0.457	0.153	0.228	0.162
0.864	0.001	0.046	0.089
0.173	0.020	0.033	0.774
0.047	0.008	0.001	0.944
0.099	0.544	0.296	0.061
0.026	0.768	0.030	0.176
>GACAATAG	8-GACAATAG	8.476511	-85.352659	0	T:572.0(13.74%),B:3532.4(7.88%),P:1e-37	Tpos:285.5,Tstd:363.8,Bpos:228.4,Bstd:147.9,StrandBias:-0.1,Multiplicity:1.08
0.001	0.040	0.958	0.001
0.732	0.266	0.001	0.001
0.001	0.737	0.001	0.261
0.997	0.001	0.001	0.001
0.997	0.001	0.001	0.001
0.410	0.001	0.001	0.588
0.985	0.013	0.001	0.001
0.001	0.001	0.997	0.001
>GCTAAACC	9-GCTAAACC	6.589378	-85.054622	0	T:709.0(17.03%),B:4699.6(10.48%),P:1e-36	Tpos:257.3,Tstd:210.6,Bpos:225.5,Bstd:152.0,StrandBias:0.0,Multiplicity:1.12
0.001	0.159	0.809	0.031
0.077	0.808	0.114	0.001
0.001	0.001	0.013	0.985
0.968	0.001	0.030	0.001
0.876	0.001	0.028	0.095
0.839	0.001	0.127	0.033
0.126	0.823	0.021	0.030
0.077	0.921	0.001	0.001
>TGGGCGGG	10-TGGGCGGG	5.138547	-83.671033	0	T:1169.0(28.07%),B:8915.0(19.88%),P:1e-36	Tpos:271.2,Tstd:231.6,Bpos:215.6,Bstd:147.0,StrandBias:-0.1,Multiplicity:1.56
0.204	0.001	0.001	0.794
0.037	0.001	0.902	0.060
0.001	0.001	0.997	0.001
0.001	0.001	0.997	0.001
0.001	0.997	0.001	0.001
0.001	0.001	0.997	0.001
0.001	0.001	0.921	0.077
0.219	0.001	0.720	0.060
>CTGCGAAT	11-CTGCGAAT	3.789196	-82.416911	0	T:645.0(15.49%),B:4188.4(9.34%),P:1e-35	Tpos:265.1,Tstd:270.4,Bpos:227.9,Bstd:146.7,StrandBias:-0.1,Multiplicity:1.13
0.040	0.958	0.001	0.001
0.001	0.025	0.001	0.973
0.001	0.001	0.997	0.001
0.001	0.997	0.001	0.001
0.253	0.001	0.715	0.031
0.997	0.001	0.001	0.001
0.997	0.001	0.001	0.001
0.001	0.001	0.001	0.997
>ATTCASGA	12-ATTCASGA	7.634767	-79.716659	0	T:634.0(15.23%),B:4134.2(9.22%),P:1e-34	Tpos:273.7,Tstd:277.5,Bpos:228.6,Bstd:144.6,StrandBias:0.0,Multiplicity:1.19
0.997	0.001	0.001	0.001
0.001	0.065	0.001	0.933
0.112	0.001	0.001	0.886
0.239	0.759	0.001	0.001
0.744	0.179	0.001	0.076
0.001	0.412	0.462	0.125
0.001	0.214	0.784	0.001
0.788	0.001	0.001	0.210
>RCATTRCA	13-RCATTRCA	8.498065	-71.942910	0	T:111.0(2.67%),B:308.0(0.69%),P:1e-31	Tpos:313.4,Tstd:309.3,Bpos:246.7,Bstd:132.1,StrandBias:0.0,Multiplicity:1.08
0.482	0.001	0.516	0.001
0.001	0.743	0.255	0.001
0.997	0.001	0.001	0.001
0.239	0.001	0.001	0.759
0.001	0.001	0.001	0.997
0.516	0.001	0.482	0.001
0.001	0.997	0.001	0.001
0.503	0.001	0.297	0.199
>AGGCGKAR	14-AGGCGKAR	6.563137	-68.502657	0	T:1076.0(25.84%),B:8360.4(18.64%),P:1e-29	Tpos:270.7,Tstd:233.4,Bpos:224.7,Bstd:147.0,StrandBias:-0.0,Multiplicity:1.38
0.806	0.001	0.084	0.109
0.180	0.119	0.587	0.114
0.001	0.001	0.997	0.001
0.001	0.997	0.001	0.001
0.001	0.242	0.753	0.004
0.103	0.001	0.464	0.432
0.653	0.001	0.250	0.096
0.497	0.001	0.449	0.053
>GATCTTTB	15-GATCTTTB	6.666681	-54.439902	0	T:1810.0(43.47%),B:16073.9(35.84%),P:1e-23	Tpos:256.5,Tstd:253.1,Bpos:228.7,Bstd:147.2,StrandBias:-0.0,Multiplicity:1.45
0.001	0.001	0.782	0.216
0.551	0.164	0.284	0.001
0.001	0.001	0.242	0.756
0.001	0.997	0.001	0.001
0.001	0.001	0.001	0.997
0.001	0.001	0.001	0.997
0.001	0.001	0.001	0.997
0.001	0.339	0.391	0.268
>GGGGGGGG	16-GGGGGGGG	7.965978	-53.038149	0	T:1281.0(30.76%),B:10746.5(23.96%),P:1e-23	Tpos:266.2,Tstd:233.8,Bpos:226.9,Bstd:147.4,StrandBias:0.0,Multiplicity:1.40
0.001	0.001	0.924	0.074
0.001	0.001	0.617	0.381
0.001	0.001	0.997	0.001
0.001	0.001	0.777	0.221
0.001	0.001	0.797	0.201
0.001	0.001	0.852	0.146
0.001	0.001	0.969	0.029
0.245	0.001	0.608	0.146
>GGCTATTA	17-GGCTATTA	4.767255	-49.985124	0	T:382.0(9.17%),B:2444.5(5.45%),P:1e-21	Tpos:292.1,Tstd:376.0,Bpos:228.3,Bstd:139.8,StrandBias:0.2,Multiplicity:1.11
0.001	0.097	0.901	0.001
0.001	0.034	0.964	0.001
0.324	0.674	0.001	0.001
0.001	0.001	0.181	0.817
0.997	0.001	0.001	0.001
0.001	0.001	0.001	0.997
0.001	0.001	0.001	0.997
0.997	0.001	0.001	0.001
>TTTCACTC	18-TTTCACTC	8.088418	-48.687653	0	T:404.0(9.70%),B:2649.9(5.91%),P:1e-21	Tpos:268.0,Tstd:231.3,Bpos:226.4,Bstd:141.0,StrandBias:-0.1,Multiplicity:1.18
0.001	0.001	0.001	0.997
0.184	0.001	0.001	0.814
0.345	0.001	0.001	0.653
0.001	0.920	0.078	0.001
0.933	0.001	0.001	0.065
0.001	0.814	0.001	0.184
0.246	0.001	0.273	0.481
0.001	0.719	0.279	0.001
>TTTACTAA	19-TTTACTAA	9.851927	-40.292939	0	T:184.0(4.42%),B:982.9(2.19%),P:1e-17	Tpos:263.3,Tstd:231.4,Bpos:230.1,Bstd:149.0,StrandBias:-0.1,Multiplicity:1.06
0.001	0.001	0.001	0.997
0.001	0.296	0.001	0.702
0.001	0.001	0.001	0.997
0.997	0.001	0.001	0.001
0.001	0.997	0.001	0.001
0.001	0.001	0.001	0.997
0.997	0.001	0.001	0.001
0.997	0.001	0.001	0.001
>GATACTTA	20-GATACTTA	8.236954	-38.633674	0	T:79.0(1.90%),B:276.5(0.62%),P:1e-16	Tpos:280.4,Tstd:211.5,Bpos:222.2,Bstd:138.6,StrandBias:0.3,Multiplicity:1.00
0.100	0.100	0.700	0.100
0.700	0.100	0.100	0.100
0.100	0.100	0.100	0.700
0.700	0.100	0.100	0.100
0.100	0.700	0.100	0.100
0.100	0.100	0.100	0.700
0.100	0.100	0.100	0.700
0.700	0.100	0.100	0.100
>AGTACTAC	21-AGTACTAC	10.537485	-38.112364	0	T:99.0(2.38%),B:402.9(0.90%),P:1e-16	Tpos:205.9,Tstd:139.7,Bpos:229.4,Bstd:130.0,StrandBias:0.4,Multiplicity:1.04
0.997	0.001	0.001	0.001
0.001	0.001	0.997	0.001
0.001	0.001	0.001	0.997
0.997	0.001	0.001	0.001
0.001	0.699	0.299	0.001
0.001	0.001	0.001	0.997
0.997	0.001	0.001	0.001
0.001	0.838	0.001	0.160
>GGAACACT	22-GGAACACT	9.285531	-37.549423	0	T:268.0(6.44%),B:1679.5(3.74%),P:1e-16	Tpos:270.2,Tstd:197.3,Bpos:227.0,Bstd:143.3,StrandBias:0.4,Multiplicity:1.02
0.001	0.001	0.997	0.001
0.001	0.001	0.997	0.001
0.997	0.001	0.001	0.001
0.997	0.001	0.001	0.001
0.001	0.997	0.001	0.001
0.830	0.001	0.001	0.168
0.001	0.997	0.001	0.001
0.001	0.001	0.001	0.997
>GTGCTAGC	23-GTGCTAGC	8.236954	-35.328937	0	T:82.0(1.97%),B:312.6(0.70%),P:1e-15	Tpos:250.9,Tstd:149.5,Bpos:225.3,Bstd:136.1,StrandBias:0.0,Multiplicity:1.00
0.100	0.100	0.700	0.100
0.100	0.100	0.100	0.700
0.100	0.100	0.700	0.100
0.100	0.700	0.100	0.100
0.100	0.100	0.100	0.700
0.700	0.100	0.100	0.100
0.100	0.100	0.700	0.100
0.100	0.700	0.100	0.100
>ATAATCAG	24-ATAATCAG	7.828133	-33.125442	0	T:260.0(6.24%),B:1678.1(3.74%),P:1e-14	Tpos:230.2,Tstd:159.7,Bpos:227.3,Bstd:150.8,StrandBias:0.1,Multiplicity:1.11
0.997	0.001	0.001	0.001
0.001	0.001	0.001	0.997
0.997	0.001	0.001	0.001
0.997	0.001	0.001	0.001
0.248	0.001	0.001	0.750
0.001	0.997	0.001	0.001
0.929	0.052	0.018	0.001
0.001	0.001	0.997	0.001
>TTGAAGTC	25-TTGAAGTC	10.757348	-28.414144	0	T:132.0(3.17%),B:714.7(1.59%),P:1e-12	Tpos:233.2,Tstd:172.0,Bpos:229.7,Bstd:141.7,StrandBias:0.5,Multiplicity:1.00
0.001	0.001	0.001	0.997
0.001	0.001	0.001	0.997
0.001	0.001	0.997	0.001
0.997	0.001	0.001	0.001
0.997	0.001	0.001	0.001
0.001	0.001	0.997	0.001
0.001	0.001	0.001	0.997
0.001	0.732	0.001	0.266
