>AGGKGGCG	1-AGGKGGCG	7.194000	-1067.914603	0	T:13153.0(41.76%),B:9063.0(29.52%),P:1e-463	Tpos:396.0,Tstd:281.9,Bpos:322.7,Bstd:198.0,StrandBias:0.0,Multiplicity:1.37
0.917	0.001	0.001	0.081
0.149	0.001	0.798	0.052
0.202	0.001	0.796	0.001
0.001	0.001	0.468	0.530
0.001	0.001	0.997	0.001
0.001	0.001	0.932	0.066
0.001	0.997	0.001	0.001
0.317	0.001	0.681	0.001
>GGTGTGGC	2-GGTGTGGC	7.738173	-402.702604	0	T:10830.0(34.39%),B:8330.7(27.14%),P:1e-174	Tpos:414.3,Tstd:295.3,Bpos:327.7,Bstd:198.6,StrandBias:-0.0,Multiplicity:1.40
0.001	0.001	0.997	0.001
0.001	0.001	0.997	0.001
0.069	0.148	0.001	0.782
0.001	0.001	0.997	0.001
0.001	0.001	0.373	0.625
0.221	0.170	0.608	0.001
0.001	0.001	0.997	0.001
0.001	0.630	0.001	0.368
>RMATTCCG	3-RMATTCCG	5.728043	-373.729493	0	T:11677.0(37.08%),B:9184.9(29.92%),P:1e-162	Tpos:398.1,Tstd:297.5,Bpos:330.5,Bstd:206.2,StrandBias:-0.0,Multiplicity:1.38
0.425	0.079	0.381	0.115
0.451	0.337	0.150	0.062
0.718	0.048	0.062	0.172
0.049	0.022	0.036	0.893
0.053	0.101	0.069	0.777
0.024	0.882	0.057	0.037
0.049	0.815	0.103	0.033
0.102	0.052	0.596	0.250
>CSCCTAGT	4-CSCCTAGT	5.575955	-366.809767	0	T:3394.0(10.78%),B:2049.1(6.68%),P:1e-159	Tpos:396.5,Tstd:274.3,Bpos:324.3,Bstd:197.6,StrandBias:0.0,Multiplicity:1.08
0.001	0.997	0.001	0.001
0.001	0.565	0.433	0.001
0.001	0.830	0.168	0.001
0.001	0.997	0.001	0.001
0.001	0.001	0.001	0.997
0.984	0.001	0.014	0.001
0.001	0.001	0.621	0.377
0.001	0.001	0.001	0.997
>ACAATAGA	5-ACAATAGA	10.872090	-366.281123	0	T:1143.0(3.63%),B:450.9(1.47%),P:1e-159	Tpos:406.8,Tstd:242.2,Bpos:342.9,Bstd:197.1,StrandBias:0.1,Multiplicity:1.03
0.997	0.001	0.001	0.001
0.001	0.997	0.001	0.001
0.997	0.001	0.001	0.001
0.997	0.001	0.001	0.001
0.001	0.001	0.001	0.997
0.997	0.001	0.001	0.001
0.001	0.001	0.997	0.001
0.821	0.177	0.001	0.001
>CAAGGKCG	6-CAAGGKCG	5.886095	-346.975379	0	T:12127.0(38.51%),B:9678.3(31.53%),P:1e-150	Tpos:422.9,Tstd:307.3,Bpos:330.0,Bstd:214.3,StrandBias:-0.0,Multiplicity:1.44
0.335	0.498	0.147	0.019
0.834	0.001	0.001	0.164
0.708	0.290	0.001	0.001
0.321	0.203	0.475	0.001
0.001	0.001	0.607	0.391
0.211	0.046	0.427	0.317
0.001	0.997	0.001	0.001
0.205	0.001	0.793	0.001
>TGGGCGGG	7-TGGGCGGG	6.229026	-295.684605	0	T:4841.0(15.37%),B:3346.9(10.90%),P:1e-128	Tpos:451.2,Tstd:295.7,Bpos:313.5,Bstd:196.0,StrandBias:-0.0,Multiplicity:1.26
0.001	0.001	0.001	0.997
0.071	0.001	0.927	0.001
0.001	0.001	0.997	0.001
0.001	0.001	0.997	0.001
0.001	0.997	0.001	0.001
0.001	0.001	0.997	0.001
0.001	0.001	0.997	0.001
0.297	0.001	0.591	0.111
>ATCACGTG	8-ATCACGTG	8.392947	-281.293432	0	T:1661.0(5.27%),B:865.1(2.82%),P:1e-122	Tpos:421.9,Tstd:245.1,Bpos:300.6,Bstd:186.4,StrandBias:0.0,Multiplicity:1.10
0.600	0.001	0.398	0.001
0.001	0.285	0.219	0.495
0.001	0.997	0.001	0.001
0.606	0.001	0.073	0.320
0.001	0.679	0.319	0.001
0.001	0.001	0.997	0.001
0.001	0.094	0.001	0.904
0.073	0.001	0.925	0.001
>NRNTTSCK	9-NRNTTSCK	4.637928	-276.097292	0	T:6344.0(20.14%),B:4675.3(15.23%),P:1e-119	Tpos:419.8,Tstd:280.9,Bpos:320.8,Bstd:191.1,StrandBias:-0.0,Multiplicity:1.18
0.280	0.239	0.244	0.238
0.524	0.001	0.401	0.074
0.299	0.284	0.207	0.210
0.001	0.240	0.281	0.477
0.138	0.264	0.006	0.592
0.001	0.486	0.382	0.130
0.015	0.648	0.242	0.095
0.001	0.001	0.556	0.442
>TGTAATGC	10-TGTAATGC	8.236954	-260.028447	0	T:793.0(2.52%),B:308.4(1.00%),P:1e-112	Tpos:420.7,Tstd:269.5,Bpos:318.8,Bstd:204.9,StrandBias:0.1,Multiplicity:1.11
0.100	0.100	0.100	0.700
0.100	0.100	0.700	0.100
0.100	0.100	0.100	0.700
0.700	0.100	0.100	0.100
0.700	0.100	0.100	0.100
0.100	0.100	0.100	0.700
0.100	0.100	0.700	0.100
0.100	0.700	0.100	0.100
>CCGSKTTW	11-CCGSKTTW	5.036977	-242.649177	0	T:11905.0(37.80%),B:9815.1(31.97%),P:1e-105	Tpos:426.2,Tstd:313.8,Bpos:327.5,Bstd:217.6,StrandBias:-0.0,Multiplicity:1.46
0.171	0.507	0.108	0.214
0.019	0.678	0.296	0.007
0.036	0.006	0.940	0.018
0.049	0.491	0.425	0.035
0.060	0.205	0.384	0.351
0.394	0.014	0.017	0.575
0.381	0.068	0.018	0.533
0.446	0.013	0.001	0.540
>GAAACCGG	12-GAAACCGG	5.420203	-231.318838	0	T:8219.0(26.10%),B:6466.2(21.06%),P:1e-100	Tpos:421.4,Tstd:312.1,Bpos:334.8,Bstd:217.1,StrandBias:-0.0,Multiplicity:1.29
0.183	0.155	0.487	0.174
0.672	0.082	0.126	0.120
0.674	0.111	0.114	0.101
0.593	0.134	0.110	0.163
0.124	0.619	0.134	0.123
0.073	0.712	0.107	0.108
0.069	0.185	0.646	0.100
0.102	0.186	0.598	0.114
>TGAATAGG	13-TGAATAGG	8.940691	-213.817098	0	T:897.0(2.85%),B:407.1(1.33%),P:1e-92	Tpos:417.9,Tstd:297.9,Bpos:323.4,Bstd:192.4,StrandBias:-0.0,Multiplicity:1.06
0.001	0.119	0.001	0.879
0.001	0.001	0.997	0.001
0.997	0.001	0.001	0.001
0.997	0.001	0.001	0.001
0.001	0.001	0.001	0.997
0.997	0.001	0.001	0.001
0.001	0.001	0.997	0.001
0.001	0.001	0.997	0.001
>GCACTTAT	14-GCACTTAT	8.236954	-197.926567	0	T:636.0(2.02%),B:254.8(0.83%),P:1e-85	Tpos:439.0,Tstd:337.6,Bpos:346.9,Bstd:199.8,StrandBias:0.2,Multiplicity:1.01
0.100	0.100	0.700	0.100
0.100	0.700	0.100	0.100
0.700	0.100	0.100	0.100
0.100	0.700	0.100	0.100
0.100	0.100	0.100	0.700
0.100	0.100	0.100	0.700
0.700	0.100	0.100	0.100
0.100	0.100	0.100	0.700
>GCTTTTGT	15-GCTTTTGT	5.828465	-185.795752	0	T:5858.0(18.60%),B:4502.1(14.67%),P:1e-80	Tpos:395.6,Tstd:288.9,Bpos:325.5,Bstd:205.7,StrandBias:0.0,Multiplicity:1.15
0.001	0.001	0.997	0.001
0.001	0.997	0.001	0.001
0.001	0.021	0.001	0.977
0.403	0.001	0.001	0.595
0.001	0.001	0.001	0.997
0.001	0.001	0.001	0.997
0.001	0.376	0.622	0.001
0.001	0.001	0.001	0.997
>ATGCGAAT	16-ATGCGAAT	2.918229	-173.651222	0	T:9796.0(31.10%),B:8117.1(26.44%),P:1e-75	Tpos:393.7,Tstd:303.8,Bpos:327.0,Bstd:213.3,StrandBias:0.0,Multiplicity:1.27
0.725	0.001	0.001	0.273
0.001	0.196	0.001	0.802
0.001	0.001	0.961	0.037
0.001	0.997	0.001	0.001
0.038	0.001	0.960	0.001
0.997	0.001	0.001	0.001
0.997	0.001	0.001	0.001
0.146	0.001	0.343	0.510
>SCGTTSTT	17-SCGTTSTT	5.511933	-166.030448	0	T:13600.0(43.18%),B:11730.3(38.21%),P:1e-72	Tpos:400.5,Tstd:298.6,Bpos:328.8,Bstd:207.2,StrandBias:0.0,Multiplicity:1.41
0.172	0.396	0.381	0.051
0.001	0.868	0.094	0.037
0.339	0.001	0.576	0.084
0.065	0.105	0.232	0.598
0.102	0.022	0.075	0.801
0.148	0.385	0.452	0.015
0.049	0.088	0.001	0.862
0.039	0.091	0.065	0.805
>CCATACAC	18-CCATACAC	8.236954	-164.140600	0	T:940.0(2.98%),B:483.7(1.58%),P:1e-71	Tpos:423.6,Tstd:309.9,Bpos:331.0,Bstd:192.4,StrandBias:-0.0,Multiplicity:1.09
0.100	0.700	0.100	0.100
0.100	0.700	0.100	0.100
0.700	0.100	0.100	0.100
0.100	0.100	0.100	0.700
0.700	0.100	0.100	0.100
0.100	0.700	0.100	0.100
0.700	0.100	0.100	0.100
0.100	0.700	0.100	0.100
>ATTCAATC	19-ATTCAATC	8.236954	-124.855929	0	T:617.0(1.96%),B:300.6(0.98%),P:1e-54	Tpos:418.3,Tstd:291.3,Bpos:340.5,Bstd:204.4,StrandBias:0.2,Multiplicity:1.01
0.700	0.100	0.100	0.100
0.100	0.100	0.100	0.700
0.100	0.100	0.100	0.700
0.100	0.700	0.100	0.100
0.700	0.100	0.100	0.100
0.700	0.100	0.100	0.100
0.100	0.100	0.100	0.700
0.100	0.700	0.100	0.100
>ATAGCTAA	20-ATAGCTAA	8.236954	-121.373046	0	T:716.0(2.27%),B:372.7(1.21%),P:1e-52	Tpos:410.7,Tstd:283.7,Bpos:318.8,Bstd:197.9,StrandBias:0.1,Multiplicity:1.04
0.700	0.100	0.100	0.100
0.100	0.100	0.100	0.700
0.700	0.100	0.100	0.100
0.100	0.100	0.700	0.100
0.100	0.700	0.100	0.100
0.100	0.100	0.100	0.700
0.700	0.100	0.100	0.100
0.700	0.100	0.100	0.100
>AGGGAATC	21-AGGGAATC	9.469835	-117.431178	0	T:1300.0(4.13%),B:814.2(2.65%),P:1e-50	Tpos:399.2,Tstd:298.2,Bpos:320.2,Bstd:203.0,StrandBias:-0.1,Multiplicity:1.03
0.997	0.001	0.001	0.001
0.001	0.001	0.997	0.001
0.001	0.001	0.997	0.001
0.001	0.001	0.796	0.202
0.997	0.001	0.001	0.001
0.997	0.001	0.001	0.001
0.001	0.001	0.001	0.997
0.001	0.997	0.001	0.001
>TNGTAAAC	22-TNGTAAAC	7.697740	-110.476050	0	T:3290.0(10.45%),B:2488.8(8.11%),P:1e-47	Tpos:395.0,Tstd:297.5,Bpos:323.6,Bstd:207.8,StrandBias:-0.0,Multiplicity:1.10
0.176	0.001	0.066	0.757
0.249	0.236	0.329	0.186
0.001	0.001	0.997	0.001
0.001	0.001	0.001	0.997
0.642	0.001	0.001	0.356
0.943	0.001	0.001	0.055
0.997	0.001	0.001	0.001
0.001	0.773	0.001	0.225
>GRAACCWG	23-GRAACCWG	7.419605	-99.346166	0	T:12133.0(38.52%),B:10676.3(34.78%),P:1e-43	Tpos:401.9,Tstd:297.2,Bpos:327.3,Bstd:199.7,StrandBias:0.0,Multiplicity:1.35
0.102	0.001	0.896	0.001
0.487	0.001	0.511	0.001
0.997	0.001	0.001	0.001
0.777	0.001	0.221	0.001
0.001	0.960	0.038	0.001
0.001	0.973	0.025	0.001
0.455	0.077	0.001	0.467
0.001	0.226	0.607	0.166
>CTGAATGT	24-CTGAATGT	8.236954	-94.408388	0	T:1083.0(3.44%),B:684.9(2.23%),P:1e-41	Tpos:399.0,Tstd:303.8,Bpos:327.9,Bstd:196.0,StrandBias:-0.1,Multiplicity:1.10
0.100	0.700	0.100	0.100
0.100	0.100	0.100	0.700
0.100	0.100	0.700	0.100
0.700	0.100	0.100	0.100
0.700	0.100	0.100	0.100
0.100	0.100	0.100	0.700
0.100	0.100	0.700	0.100
0.100	0.100	0.100	0.700
>TTAGAAGC	25-TTAGAAGC	8.236954	-78.082933	0	T:920.0(2.92%),B:585.2(1.91%),P:1e-33	Tpos:404.8,Tstd:254.3,Bpos:339.7,Bstd:209.8,StrandBias:0.0,Multiplicity:1.06
0.100	0.100	0.100	0.700
0.100	0.100	0.100	0.700
0.700	0.100	0.100	0.100
0.100	0.100	0.700	0.100
0.700	0.100	0.100	0.100
0.700	0.100	0.100	0.100
0.100	0.100	0.700	0.100
0.100	0.700	0.100	0.100
