>TCGCCATA	1-TCGCCATA	8.236954	-13.054045	0	T:9.0(2.86%),B:168.3(0.35%),P:1e-5	Tpos:1400.8,Tstd:1075.9,Bpos:557.9,Bstd:467.1,StrandBias:-0.3,Multiplicity:7.22
0.100	0.100	0.100	0.700
0.100	0.700	0.100	0.100
0.100	0.100	0.700	0.100
0.100	0.700	0.100	0.100
0.100	0.700	0.100	0.100
0.700	0.100	0.100	0.100
0.100	0.100	0.100	0.700
0.700	0.100	0.100	0.100
>GTCGGACC	2-GTCGGACC	7.886789	-8.440819	0	T:20.0(6.35%),B:1234.5(2.55%),P:1e-3	Tpos:1931.4,Tstd:3357.2,Bpos:599.0,Bstd:377.8,StrandBias:-0.1,Multiplicity:3.80
0.266	0.001	0.732	0.001
0.257	0.001	0.001	0.741
0.205	0.793	0.001	0.001
0.001	0.001	0.997	0.001
0.001	0.001	0.997	0.001
0.997	0.001	0.001	0.001
0.263	0.735	0.001	0.001
0.001	0.997	0.001	0.001
>TTGCGATA	3-TTGCGATA	7.711348	-8.194291	0	T:33.0(10.48%),B:2627.3(5.44%),P:1e-3	Tpos:4694.3,Tstd:10582.7,Bpos:569.2,Bstd:360.4,StrandBias:-0.8,Multiplicity:2.09
0.001	0.149	0.206	0.644
0.001	0.001	0.001	0.997
0.001	0.001	0.672	0.326
0.001	0.997	0.001	0.001
0.001	0.132	0.866	0.001
0.820	0.001	0.178	0.001
0.001	0.001	0.001	0.997
0.997	0.001	0.001	0.001
>AAAACGTG	4-AAAACGTG	8.236954	-8.034275	0	T:14.0(4.44%),B:718.1(1.49%),P:1e-3	Tpos:1764.2,Tstd:1698.9,Bpos:595.9,Bstd:389.6,StrandBias:-0.3,Multiplicity:4.86
0.700	0.100	0.100	0.100
0.700	0.100	0.100	0.100
0.700	0.100	0.100	0.100
0.700	0.100	0.100	0.100
0.100	0.700	0.100	0.100
0.100	0.100	0.700	0.100
0.100	0.100	0.100	0.700
0.100	0.100	0.700	0.100
>ACCGTSAA	5-ACCGTSAA	7.757413	-7.619017	0	T:32.0(10.16%),B:2602.4(5.38%),P:1e-3	Tpos:2432.8,Tstd:3211.9,Bpos:586.5,Bstd:386.2,StrandBias:-1.1,Multiplicity:1.65
0.661	0.001	0.001	0.337
0.001	0.997	0.001	0.001
0.001	0.997	0.001	0.001
0.001	0.001	0.997	0.001
0.001	0.001	0.001	0.997
0.001	0.561	0.437	0.001
0.997	0.001	0.001	0.001
0.752	0.001	0.001	0.246
>TCGTTCTT	6-TCGTTCTT	8.054683	-6.473217	0	T:29.0(9.21%),B:2444.8(5.06%),P:1e-2	Tpos:6642.1,Tstd:12000.6,Bpos:561.9,Bstd:368.1,StrandBias:-0.9,Multiplicity:1.30
0.001	0.112	0.001	0.886
0.001	0.997	0.001	0.001
0.001	0.001	0.967	0.031
0.042	0.012	0.004	0.942
0.059	0.034	0.117	0.790
0.034	0.718	0.001	0.247
0.039	0.089	0.001	0.871
0.001	0.001	0.182	0.816
>GTCGTAGT	7-GTCGTAGT	9.175134	-5.629817	0	T:19.0(6.03%),B:1453.9(3.01%),P:1e-2	Tpos:6700.0,Tstd:11793.7,Bpos:592.1,Bstd:341.3,StrandBias:-1.5,Multiplicity:1.21
0.255	0.001	0.743	0.001
0.001	0.001	0.001	0.997
0.001	0.997	0.001	0.001
0.336	0.001	0.662	0.001
0.001	0.399	0.001	0.599
0.997	0.001	0.001	0.001
0.001	0.001	0.997	0.001
0.001	0.001	0.001	0.997
>CACGTCGT	8-CACGTCGT	7.794130	-5.449808	0	T:13.0(4.13%),B:849.4(1.76%),P:1e-2	Tpos:2732.6,Tstd:5905.0,Bpos:572.0,Bstd:379.5,StrandBias:-2.2,Multiplicity:3.25
0.077	0.835	0.033	0.055
0.578	0.093	0.184	0.145
0.283	0.715	0.001	0.001
0.001	0.001	0.997	0.001
0.104	0.001	0.001	0.894
0.219	0.706	0.001	0.074
0.001	0.419	0.579	0.001
0.001	0.001	0.073	0.925
>ATTAGTCC	9-ATTAGTCC	8.533443	-5.292526	0	T:36.0(11.43%),B:3513.9(7.27%),P:1e-2	Tpos:2311.4,Tstd:5998.8,Bpos:580.4,Bstd:374.7,StrandBias:0.8,Multiplicity:1.08
0.898	0.001	0.100	0.001
0.001	0.001	0.001	0.997
0.001	0.001	0.001	0.997
0.936	0.062	0.001	0.001
0.001	0.001	0.997	0.001
0.001	0.001	0.001	0.997
0.001	0.841	0.057	0.101
0.001	0.997	0.001	0.001
>GCTGGAAA	10-GCTGGAAA	10.682307	-4.249004	0	T:42.0(13.33%),B:4552.7(9.42%),P:1e-1	Tpos:1936.3,Tstd:5682.7,Bpos:570.0,Bstd:370.4,StrandBias:0.5,Multiplicity:1.07
0.001	0.001	0.997	0.001
0.001	0.760	0.001	0.238
0.001	0.035	0.033	0.931
0.001	0.044	0.954	0.001
0.001	0.001	0.997	0.001
0.997	0.001	0.001	0.001
0.997	0.001	0.001	0.001
0.997	0.001	0.001	0.001
>GATTTCGT	11-GATTTCGT	8.236954	-3.595003	0	T:6.0(1.90%),B:347.9(0.72%),P:1e-1	Tpos:3546.2,Tstd:7911.2,Bpos:612.4,Bstd:395.5,StrandBias:-2.3,Multiplicity:3.00
0.100	0.100	0.700	0.100
0.700	0.100	0.100	0.100
0.100	0.100	0.100	0.700
0.100	0.100	0.100	0.700
0.100	0.100	0.100	0.700
0.100	0.700	0.100	0.100
0.100	0.100	0.700	0.100
0.100	0.100	0.100	0.700
>TATCCTAA	12-TATCCTAA	10.851166	-3.260429	0	T:31.0(9.84%),B:3403.5(7.04%),P:1e-1	Tpos:1463.5,Tstd:2771.2,Bpos:578.5,Bstd:402.3,StrandBias:0.4,Multiplicity:1.19
0.001	0.001	0.001	0.997
0.997	0.001	0.001	0.001
0.001	0.001	0.001	0.997
0.001	0.997	0.001	0.001
0.001	0.997	0.001	0.001
0.194	0.001	0.001	0.804
0.997	0.001	0.001	0.001
0.997	0.001	0.001	0.001
>CYCAATCA	13-CYCAATCA	7.418029	-3.125761	0	T:49.0(15.56%),B:5886.5(12.18%),P:1e-1	Tpos:3157.1,Tstd:7742.8,Bpos:577.8,Bstd:364.2,StrandBias:0.2,Multiplicity:1.42
0.001	0.997	0.001	0.001
0.001	0.339	0.247	0.412
0.222	0.465	0.162	0.152
0.949	0.026	0.024	0.001
0.578	0.388	0.020	0.014
0.067	0.080	0.162	0.691
0.125	0.768	0.001	0.106
0.681	0.078	0.120	0.121
>TCCATTGT	14-TCCATTGT	10.886601	-2.826150	0	T:32.0(10.16%),B:3677.6(7.61%),P:1e-1	Tpos:2990.9,Tstd:8245.2,Bpos:573.0,Bstd:390.5,StrandBias:-0.1,Multiplicity:1.25
0.001	0.001	0.001	0.997
0.001	0.997	0.001	0.001
0.001	0.997	0.001	0.001
0.997	0.001	0.001	0.001
0.001	0.001	0.001	0.997
0.001	0.001	0.165	0.833
0.001	0.001	0.997	0.001
0.001	0.001	0.001	0.997
>TGTCACAG	15-TGTCACAG	10.522029	-2.012202	0	T:24.0(7.62%),B:2886.3(5.97%),P:1e0	Tpos:3790.7,Tstd:7234.5,Bpos:586.1,Bstd:339.3,StrandBias:0.0,Multiplicity:1.91
0.001	0.001	0.001	0.997
0.160	0.001	0.838	0.001
0.001	0.001	0.001	0.997
0.001	0.787	0.211	0.001
0.968	0.001	0.030	0.001
0.089	0.909	0.001	0.001
0.985	0.001	0.013	0.001
0.001	0.001	0.997	0.001
>CAGCGTTT	16-CAGCGTTT	9.075644	-1.885573	0	T:10.0(3.17%),B:1050.3(2.17%),P:1e0	Tpos:4167.0,Tstd:7973.5,Bpos:585.1,Bstd:381.7,StrandBias:1.4,Multiplicity:1.10
0.001	0.997	0.001	0.001
0.909	0.001	0.001	0.089
0.001	0.001	0.997	0.001
0.001	0.890	0.001	0.108
0.001	0.001	0.997	0.001
0.165	0.129	0.001	0.705
0.292	0.001	0.001	0.706
0.001	0.001	0.190	0.808
>CCCCATTA	17-CCCCATTA	9.463608	-1.788429	0	T:28.0(8.89%),B:3537.8(7.32%),P:1e0	Tpos:2847.6,Tstd:5928.2,Bpos:579.3,Bstd:377.1,StrandBias:0.7,Multiplicity:1.21
0.001	0.997	0.001	0.001
0.001	0.542	0.129	0.328
0.001	0.786	0.212	0.001
0.001	0.997	0.001	0.001
0.997	0.001	0.001	0.001
0.001	0.001	0.001	0.997
0.001	0.001	0.001	0.997
0.774	0.001	0.162	0.063
>ATCATTGA	18-ATCATTGA	8.465130	-1.650709	0	T:55.0(17.46%),B:7507.1(15.53%),P:1e0	Tpos:2789.9,Tstd:6484.2,Bpos:586.0,Bstd:377.0,StrandBias:0.2,Multiplicity:1.67
0.906	0.035	0.020	0.039
0.001	0.013	0.001	0.985
0.021	0.799	0.025	0.155
0.937	0.001	0.016	0.046
0.117	0.026	0.030	0.827
0.001	0.001	0.172	0.826
0.034	0.071	0.894	0.001
0.915	0.001	0.083	0.001
>ACAGTGGA	19-ACAGTGGA	8.236954	-1.541148	0	T:19.0(6.03%),B:2382.0(4.93%),P:1e0	Tpos:1895.9,Tstd:5337.4,Bpos:583.9,Bstd:352.9,StrandBias:-0.3,Multiplicity:3.95
0.700	0.100	0.100	0.100
0.100	0.700	0.100	0.100
0.700	0.100	0.100	0.100
0.100	0.100	0.700	0.100
0.100	0.100	0.100	0.700
0.100	0.100	0.700	0.100
0.100	0.100	0.700	0.100
0.700	0.100	0.100	0.100
>GTGACACC	20-GTGACACC	8.236954	-1.261259	0	T:9.0(2.86%),B:1090.4(2.26%),P:1e0	Tpos:4708.2,Tstd:10188.5,Bpos:576.5,Bstd:342.9,StrandBias:-0.4,Multiplicity:4.67
0.100	0.100	0.700	0.100
0.100	0.100	0.100	0.700
0.100	0.100	0.700	0.100
0.700	0.100	0.100	0.100
0.100	0.700	0.100	0.100
0.700	0.100	0.100	0.100
0.100	0.700	0.100	0.100
0.100	0.700	0.100	0.100
>TCCGGTGC	21-TCCGGTGC	6.828997	-1.254535	0	T:69.0(21.90%),B:9896.9(20.48%),P:1e0	Tpos:6136.0,Tstd:11072.1,Bpos:588.2,Bstd:391.0,StrandBias:0.3,Multiplicity:1.58
0.001	0.001	0.001	0.997
0.027	0.903	0.069	0.001
0.257	0.622	0.020	0.101
0.001	0.418	0.580	0.001
0.131	0.001	0.855	0.013
0.001	0.174	0.001	0.824
0.163	0.001	0.835	0.001
0.077	0.846	0.001	0.076
>TCSACATT	22-TCSACATT	9.657821	-1.033114	0	T:21.0(6.67%),B:2925.6(6.05%),P:1e0	Tpos:2445.2,Tstd:6273.1,Bpos:585.4,Bstd:358.8,StrandBias:0.1,Multiplicity:1.48
0.368	0.001	0.001	0.630
0.001	0.997	0.001	0.001
0.001	0.530	0.468	0.001
0.997	0.001	0.001	0.001
0.001	0.997	0.001	0.001
0.868	0.130	0.001	0.001
0.001	0.001	0.054	0.944
0.001	0.001	0.001	0.997
>CAGTTTTC	23-CAGTTTTC	6.252344	-0.633866	0	T:56.0(17.78%),B:8611.9(17.82%),P:1e0	Tpos:3353.3,Tstd:7736.5,Bpos:568.2,Bstd:375.7,StrandBias:-0.7,Multiplicity:2.73
0.076	0.719	0.070	0.135
0.531	0.181	0.254	0.034
0.195	0.158	0.556	0.091
0.134	0.200	0.077	0.589
0.157	0.100	0.091	0.652
0.122	0.163	0.108	0.607
0.114	0.122	0.054	0.710
0.074	0.643	0.162	0.121
>TCTCATTT	24-TCTCATTT	8.093393	-0.261698	0	T:29.0(9.21%),B:4993.3(10.33%),P:1e0	Tpos:2471.2,Tstd:5553.4,Bpos:586.3,Bstd:357.7,StrandBias:-0.5,Multiplicity:5.28
0.001	0.001	0.001	0.997
0.001	0.997	0.001	0.001
0.001	0.001	0.001	0.997
0.001	0.997	0.001	0.001
0.947	0.001	0.051	0.001
0.001	0.001	0.001	0.997
0.001	0.001	0.001	0.997
0.001	0.001	0.001	0.997
>TTCTTTCT	25-TTCTTTCT	8.779930	-0.000135	0	T:88.0(27.94%),B:18131.5(37.52%),P:1e0	Tpos:5915.1,Tstd:12491.5,Bpos:575.2,Bstd:378.3,StrandBias:0.3,Multiplicity:3.49
0.001	0.001	0.096	0.902
0.001	0.001	0.001	0.997
0.001	0.997	0.001	0.001
0.112	0.001	0.001	0.886
0.001	0.001	0.001	0.997
0.001	0.001	0.001	0.997
0.001	0.997	0.001	0.001
0.001	0.001	0.001	0.997
