>TGATATCG	1-TGATATCG	7.056349	-18.487440	0	T:21.0(23.86%),B:2613.3(5.49%),P:1e-8	Tpos:447.5,Tstd:500.1,Bpos:285.7,Bstd:190.9,StrandBias:-0.8,Multiplicity:1.19
0.155	0.041	0.159	0.645
0.001	0.009	0.989	0.001
0.997	0.001	0.001	0.001
0.001	0.182	0.182	0.635
0.684	0.240	0.060	0.016
0.001	0.246	0.018	0.735
0.001	0.997	0.001	0.001
0.001	0.001	0.997	0.001
>AATTTCGT	2-AATTTCGT	7.598553	-17.086112	0	T:15.0(17.05%),B:1383.2(2.91%),P:1e-7	Tpos:305.9,Tstd:473.4,Bpos:279.1,Bstd:194.6,StrandBias:0.2,Multiplicity:1.13
0.662	0.160	0.177	0.001
0.562	0.052	0.243	0.143
0.001	0.001	0.330	0.668
0.001	0.153	0.001	0.845
0.001	0.001	0.001	0.997
0.136	0.718	0.145	0.001
0.001	0.001	0.997	0.001
0.047	0.001	0.001	0.951
>AGCTGTTA	3-AGCTGTTA	7.403378	-16.694629	0	T:27.0(30.68%),B:4704.1(9.89%),P:1e-7	Tpos:764.9,Tstd:1072.1,Bpos:276.2,Bstd:170.6,StrandBias:0.6,Multiplicity:1.37
0.997	0.001	0.001	0.001
0.021	0.001	0.977	0.001
0.001	0.822	0.035	0.142
0.089	0.001	0.001	0.909
0.001	0.001	0.997	0.001
0.001	0.001	0.074	0.924
0.118	0.001	0.001	0.880
0.997	0.001	0.001	0.001
>CCGTGAAG	4-CCGTGAAG	8.365002	-16.292708	0	T:12.0(13.64%),B:875.5(1.84%),P:1e-7	Tpos:617.8,Tstd:1276.4,Bpos:284.1,Bstd:197.5,StrandBias:-0.7,Multiplicity:1.08
0.001	0.797	0.001	0.201
0.001	0.939	0.001	0.059
0.001	0.001	0.997	0.001
0.001	0.001	0.001	0.997
0.001	0.360	0.638	0.001
0.997	0.001	0.001	0.001
0.997	0.001	0.001	0.001
0.022	0.001	0.976	0.001
>TATGGCGA	5-TATGGCGA	8.236954	-16.211254	0	T:6.0(6.82%),B:115.1(0.24%),P:1e-7	Tpos:551.4,Tstd:576.7,Bpos:283.2,Bstd:239.0,StrandBias:0.3,Multiplicity:3.00
0.100	0.100	0.100	0.700
0.700	0.100	0.100	0.100
0.100	0.100	0.100	0.700
0.100	0.100	0.700	0.100
0.100	0.100	0.700	0.100
0.100	0.700	0.100	0.100
0.100	0.100	0.700	0.100
0.700	0.100	0.100	0.100
>TGTAGGAC	6-TGTAGGAC	8.381075	-10.292092	0	T:8.0(9.09%),B:663.5(1.39%),P:1e-4	Tpos:422.3,Tstd:761.8,Bpos:275.6,Bstd:180.9,StrandBias:1.8,Multiplicity:2.25
0.001	0.001	0.001	0.997
0.001	0.001	0.997	0.001
0.001	0.001	0.001	0.997
0.930	0.068	0.001	0.001
0.001	0.001	0.997	0.001
0.001	0.001	0.997	0.001
0.997	0.001	0.001	0.001
0.001	0.997	0.001	0.001
>AAACGAGA	7-AAACGAGA	8.452158	-10.113532	0	T:12.0(13.64%),B:1603.1(3.37%),P:1e-4	Tpos:390.1,Tstd:475.1,Bpos:278.9,Bstd:196.3,StrandBias:-1.1,Multiplicity:1.45
0.997	0.001	0.001	0.001
0.814	0.001	0.184	0.001
0.762	0.236	0.001	0.001
0.001	0.831	0.001	0.167
0.001	0.001	0.997	0.001
0.621	0.001	0.175	0.203
0.001	0.001	0.997	0.001
0.997	0.001	0.001	0.001
>TAATAATT	8-TAATAATT	9.096568	-8.935877	0	T:14.0(15.91%),B:2404.6(5.05%),P:1e-3	Tpos:979.4,Tstd:1222.8,Bpos:278.6,Bstd:174.5,StrandBias:-0.5,Multiplicity:1.36
0.001	0.301	0.001	0.697
0.992	0.006	0.001	0.001
0.961	0.037	0.001	0.001
0.001	0.001	0.001	0.997
0.799	0.001	0.024	0.176
0.997	0.001	0.001	0.001
0.061	0.025	0.113	0.801
0.252	0.001	0.001	0.746
>CCCTAGCA	9-CCCTAGCA	6.043945	-7.715079	0	T:11.0(12.50%),B:1778.1(3.74%),P:1e-3	Tpos:786.9,Tstd:1226.7,Bpos:288.1,Bstd:174.4,StrandBias:0.4,Multiplicity:1.45
0.126	0.634	0.119	0.121
0.127	0.655	0.125	0.093
0.139	0.514	0.207	0.140
0.109	0.082	0.130	0.679
0.700	0.109	0.040	0.151
0.112	0.227	0.518	0.143
0.096	0.680	0.075	0.149
0.624	0.095	0.180	0.101
>TCCTCCTC	10-TCCTCCTC	7.623834	-5.104629	0	T:27.0(30.68%),B:9074.6(19.07%),P:1e-2	Tpos:435.1,Tstd:741.1,Bpos:287.2,Bstd:177.1,StrandBias:-2.3,Multiplicity:1.59
0.001	0.001	0.001	0.997
0.007	0.991	0.001	0.001
0.001	0.817	0.007	0.175
0.001	0.049	0.001	0.949
0.057	0.941	0.001	0.001
0.001	0.844	0.001	0.154
0.001	0.001	0.001	0.997
0.001	0.997	0.001	0.001
>GTAAGTAA	11-GTAAGTAA	7.726157	-4.717132	0	T:9.0(10.23%),B:1912.2(4.02%),P:1e-2	Tpos:181.0,Tstd:132.3,Bpos:290.7,Bstd:176.3,StrandBias:-0.6,Multiplicity:1.67
0.001	0.001	0.997	0.001
0.001	0.001	0.001	0.997
0.859	0.001	0.139	0.001
0.997	0.001	0.001	0.001
0.001	0.001	0.997	0.001
0.001	0.001	0.001	0.997
0.957	0.041	0.001	0.001
0.997	0.001	0.001	0.001
>TATTATTA	12-TATTATTA	8.179949	-3.960200	0	T:15.0(17.05%),B:4539.7(9.54%),P:1e-1	Tpos:848.1,Tstd:1188.7,Bpos:281.2,Bstd:171.8,StrandBias:0.8,Multiplicity:2.07
0.001	0.001	0.001	0.997
0.997	0.001	0.001	0.001
0.001	0.001	0.082	0.916
0.001	0.001	0.001	0.997
0.914	0.084	0.001	0.001
0.153	0.001	0.001	0.845
0.001	0.114	0.001	0.884
0.956	0.001	0.042	0.001
>WCTTWCTT	13-WCTTWCTT	8.722053	-2.071907	0	T:4.0(4.55%),B:1036.7(2.18%),P:1e0	Tpos:1407.8,Tstd:1759.0,Bpos:290.3,Bstd:167.5,StrandBias:-0.6,Multiplicity:1.25
0.427	0.001	0.001	0.571
0.001	0.904	0.094	0.001
0.190	0.001	0.106	0.703
0.031	0.211	0.002	0.756
0.569	0.001	0.001	0.429
0.001	0.750	0.001	0.248
0.019	0.001	0.001	0.979
0.181	0.001	0.001	0.817
>AAAATGAG	14-AAAATGAG	8.236954	-1.851404	0	T:6.0(6.82%),B:1967.1(4.13%),P:1e0	Tpos:290.1,Tstd:237.5,Bpos:279.0,Bstd:177.2,StrandBias:1.2,Multiplicity:4.50
0.700	0.100	0.100	0.100
0.700	0.100	0.100	0.100
0.700	0.100	0.100	0.100
0.700	0.100	0.100	0.100
0.100	0.100	0.100	0.700
0.100	0.100	0.700	0.100
0.700	0.100	0.100	0.100
0.100	0.100	0.700	0.100
>TTTTCABT	15-TTTTCABT	8.290129	-1.729168	0	T:16.0(18.18%),B:6757.0(14.20%),P:1e0	Tpos:339.4,Tstd:274.5,Bpos:282.3,Bstd:178.8,StrandBias:-0.1,Multiplicity:2.81
0.001	0.033	0.001	0.965
0.001	0.001	0.022	0.976
0.062	0.378	0.001	0.559
0.045	0.080	0.031	0.844
0.054	0.944	0.001	0.001
0.886	0.028	0.085	0.001
0.031	0.333	0.288	0.348
0.001	0.076	0.355	0.568
