>TAACCCTA	1-TAACCCTA	6.851162	-13.247748	0	T:24.0(40.00%),B:7147.8(14.77%),P:1e-5	Tpos:1219.1,Tstd:1447.8,Bpos:341.0,Bstd:216.9,StrandBias:1.1,Multiplicity:2.12
0.036	0.050	0.106	0.808
0.935	0.031	0.001	0.033
0.766	0.108	0.096	0.030
0.122	0.826	0.035	0.017
0.001	0.997	0.001	0.001
0.192	0.806	0.001	0.001
0.018	0.017	0.001	0.964
0.919	0.032	0.023	0.026
>CCCTCTTT	2-CCCTCTTT	9.103209	-11.014779	0	T:11.0(18.33%),B:1863.1(3.85%),P:1e-4	Tpos:340.3,Tstd:435.1,Bpos:350.9,Bstd:218.3,StrandBias:-0.2,Multiplicity:1.18
0.001	0.997	0.001	0.001
0.001	0.997	0.001	0.001
0.001	0.997	0.001	0.001
0.001	0.001	0.140	0.858
0.001	0.997	0.001	0.001
0.001	0.001	0.001	0.997
0.001	0.001	0.001	0.997
0.001	0.001	0.001	0.997
>GTTTGGTT	3-GTTTGGTT	7.891331	-10.768304	0	T:21.0(35.00%),B:6535.8(13.51%),P:1e-4	Tpos:757.4,Tstd:1022.4,Bpos:338.8,Bstd:220.1,StrandBias:-0.6,Multiplicity:2.05
0.001	0.001	0.997	0.001
0.001	0.001	0.097	0.901
0.001	0.062	0.001	0.936
0.001	0.001	0.119	0.879
0.001	0.001	0.997	0.001
0.001	0.001	0.997	0.001
0.157	0.001	0.001	0.841
0.001	0.001	0.001	0.997
>AATTATTA	4-AATTATTA	9.444214	-10.563975	0	T:16.0(26.67%),B:4072.8(8.42%),P:1e-4	Tpos:927.0,Tstd:1142.3,Bpos:338.8,Bstd:217.6,StrandBias:0.3,Multiplicity:1.38
0.710	0.001	0.001	0.288
0.976	0.001	0.022	0.001
0.001	0.001	0.001	0.997
0.257	0.001	0.001	0.741
0.997	0.001	0.001	0.001
0.001	0.001	0.001	0.997
0.001	0.001	0.001	0.997
0.570	0.049	0.380	0.001
>TATGGCGA	5-TATGGCGA	8.236954	-9.994830	0	T:4.0(6.67%),B:156.7(0.32%),P:1e-4	Tpos:493.6,Tstd:711.9,Bpos:343.0,Bstd:250.7,StrandBias:3.3,Multiplicity:2.75
0.100	0.100	0.100	0.700
0.700	0.100	0.100	0.100
0.100	0.100	0.100	0.700
0.100	0.100	0.700	0.100
0.100	0.100	0.700	0.100
0.100	0.700	0.100	0.100
0.100	0.100	0.700	0.100
0.700	0.100	0.100	0.100
>TGATTTCG	6-TGATTTCG	5.623268	-8.846289	0	T:28.0(46.67%),B:11803.6(24.40%),P:1e-3	Tpos:430.3,Tstd:564.8,Bpos:338.4,Bstd:218.7,StrandBias:-0.9,Multiplicity:1.37
0.133	0.064	0.124	0.679
0.085	0.047	0.774	0.094
0.718	0.079	0.122	0.081
0.001	0.220	0.119	0.660
0.139	0.043	0.105	0.713
0.092	0.186	0.049	0.673
0.001	0.957	0.041	0.001
0.001	0.136	0.862	0.001
>CATAGTAT	7-CATAGTAT	10.768719	-8.186500	0	T:7.0(11.67%),B:1026.1(2.12%),P:1e-3	Tpos:495.0,Tstd:144.7,Bpos:334.1,Bstd:214.0,StrandBias:1.0,Multiplicity:1.29
0.001	0.997	0.001	0.001
0.997	0.001	0.001	0.001
0.001	0.001	0.001	0.997
0.997	0.001	0.001	0.001
0.001	0.221	0.777	0.001
0.001	0.001	0.048	0.950
0.997	0.001	0.001	0.001
0.001	0.001	0.001	0.997
>TAGGACGT	8-TAGGACGT	8.236193	-7.968399	0	T:7.0(11.67%),B:1064.5(2.20%),P:1e-3	Tpos:286.1,Tstd:162.9,Bpos:339.1,Bstd:218.8,StrandBias:3.9,Multiplicity:2.29
0.001	0.001	0.001	0.997
0.997	0.001	0.001	0.001
0.001	0.001	0.997	0.001
0.001	0.001	0.997	0.001
0.912	0.001	0.001	0.086
0.001	0.997	0.001	0.001
0.001	0.316	0.682	0.001
0.001	0.001	0.001	0.997
>TAATAATA	9-TAATAATA	9.164523	-6.267051	0	T:14.0(23.33%),B:4804.4(9.93%),P:1e-2	Tpos:708.7,Tstd:1035.2,Bpos:342.3,Bstd:220.4,StrandBias:-0.8,Multiplicity:1.50
0.001	0.001	0.001	0.997
0.901	0.001	0.097	0.001
0.957	0.021	0.021	0.001
0.001	0.046	0.194	0.759
0.978	0.020	0.001	0.001
0.899	0.078	0.001	0.022
0.001	0.001	0.001	0.997
0.997	0.001	0.001	0.001
>TTACTTAC	10-TTACTTAC	7.435331	-5.877493	0	T:9.0(15.00%),B:2413.0(4.99%),P:1e-2	Tpos:232.6,Tstd:111.1,Bpos:351.6,Bstd:206.5,StrandBias:2.1,Multiplicity:1.78
0.001	0.001	0.001	0.997
0.035	0.001	0.001	0.963
0.997	0.001	0.001	0.001
0.001	0.997	0.001	0.001
0.001	0.001	0.001	0.997
0.001	0.299	0.001	0.699
0.959	0.001	0.039	0.001
0.001	0.997	0.001	0.001
>TTGTTGTT	11-TTGTTGTT	8.170912	-3.195528	0	T:17.0(28.33%),B:8938.5(18.48%),P:1e-1	Tpos:685.4,Tstd:1059.2,Bpos:341.1,Bstd:210.2,StrandBias:-1.2,Multiplicity:1.65
0.001	0.001	0.001	0.997
0.001	0.001	0.001	0.997
0.001	0.001	0.997	0.001
0.124	0.001	0.001	0.874
0.001	0.001	0.001	0.997
0.001	0.001	0.997	0.001
0.001	0.001	0.184	0.814
0.077	0.001	0.001	0.921
>ACTGAAAA	12-ACTGAAAA	9.469835	-3.048791	0	T:10.0(16.67%),B:4472.6(9.24%),P:1e-1	Tpos:295.6,Tstd:189.1,Bpos:338.5,Bstd:211.7,StrandBias:1.2,Multiplicity:2.30
0.997	0.001	0.001	0.001
0.001	0.997	0.001	0.001
0.001	0.001	0.001	0.997
0.001	0.001	0.997	0.001
0.796	0.001	0.001	0.202
0.997	0.001	0.001	0.001
0.997	0.001	0.001	0.001
0.997	0.001	0.001	0.001
>AAATGAGA	13-AAATGAGA	8.236926	-1.649225	0	T:6.0(10.00%),B:3137.0(6.48%),P:1e0	Tpos:215.3,Tstd:156.7,Bpos:342.5,Bstd:214.5,StrandBias:2.6,Multiplicity:3.50
0.997	0.001	0.001	0.001
0.997	0.001	0.001	0.001
0.997	0.001	0.001	0.001
0.001	0.065	0.001	0.933
0.001	0.001	0.997	0.001
0.903	0.095	0.001	0.001
0.001	0.001	0.997	0.001
0.997	0.001	0.001	0.001
>TCCTCCTC	14-TCCTCCTC	10.717641	-0.673643	0	T:4.0(6.67%),B:2981.1(6.16%),P:1e0	Tpos:409.4,Tstd:653.3,Bpos:340.7,Bstd:220.4,StrandBias:-5.2,Multiplicity:3.25
0.001	0.001	0.001	0.997
0.001	0.997	0.001	0.001
0.001	0.834	0.001	0.164
0.001	0.001	0.001	0.997
0.001	0.997	0.001	0.001
0.001	0.841	0.001	0.157
0.001	0.001	0.001	0.997
0.001	0.997	0.001	0.001
