>CCTSAGGC	1-CCTSAGGC	7.673864	-542.373410	0	T:6410.0(23.40%),B:4265.2(15.77%),P:1e-235	Tpos:384.9,Tstd:288.6,Bpos:266.4,Bstd:156.1,StrandBias:0.0,Multiplicity:1.24
0.028	0.940	0.016	0.016
0.011	0.885	0.027	0.077
0.004	0.230	0.092	0.674
0.151	0.300	0.356	0.193
0.706	0.032	0.256	0.006
0.052	0.042	0.905	0.001
0.005	0.023	0.949	0.023
0.012	0.748	0.221	0.019
>CCTVCGGC	2-CCTVCGGC	7.053654	-289.034354	0	T:8622.0(31.48%),B:6781.3(25.07%),P:1e-125	Tpos:406.3,Tstd:303.4,Bpos:268.0,Bstd:165.4,StrandBias:0.0,Multiplicity:1.41
0.001	0.950	0.001	0.048
0.001	0.904	0.001	0.094
0.055	0.001	0.001	0.943
0.369	0.282	0.348	0.001
0.048	0.590	0.361	0.001
0.041	0.001	0.957	0.001
0.015	0.001	0.877	0.107
0.140	0.518	0.195	0.147
>ACATTCCT	3-ACATTCCT	8.047729	-276.199346	0	T:3388.0(12.37%),B:2227.2(8.23%),P:1e-119	Tpos:345.5,Tstd:293.8,Bpos:263.9,Bstd:152.6,StrandBias:-0.0,Multiplicity:1.14
0.703	0.001	0.295	0.001
0.001	0.997	0.001	0.001
0.997	0.001	0.001	0.001
0.001	0.001	0.001	0.997
0.001	0.001	0.001	0.997
0.001	0.997	0.001	0.001
0.001	0.825	0.001	0.173
0.199	0.001	0.001	0.799
>GGCGKGGT	4-GGCGKGGT	7.016829	-274.550119	0	T:9915.0(36.20%),B:8023.1(29.66%),P:1e-119	Tpos:405.5,Tstd:295.1,Bpos:246.6,Bstd:149.5,StrandBias:0.0,Multiplicity:1.93
0.047	0.082	0.870	0.001
0.001	0.001	0.997	0.001
0.041	0.673	0.001	0.285
0.001	0.001	0.892	0.106
0.001	0.093	0.412	0.494
0.300	0.001	0.635	0.064
0.001	0.146	0.685	0.168
0.055	0.386	0.001	0.558
>GGTGTGGC	5-GGTGTGGC	7.663592	-243.083315	0	T:5380.0(19.64%),B:3993.9(14.76%),P:1e-105	Tpos:373.5,Tstd:301.3,Bpos:260.1,Bstd:149.8,StrandBias:-0.0,Multiplicity:1.16
0.066	0.035	0.898	0.001
0.001	0.001	0.957	0.041
0.240	0.001	0.001	0.758
0.046	0.091	0.778	0.085
0.023	0.035	0.389	0.553
0.098	0.079	0.822	0.001
0.172	0.055	0.585	0.188
0.121	0.820	0.001	0.058
>CCGGAATT	6-CCGGAATT	5.843527	-207.483373	0	T:6243.0(22.79%),B:4859.2(17.96%),P:1e-90	Tpos:381.2,Tstd:303.7,Bpos:253.1,Bstd:156.2,StrandBias:0.0,Multiplicity:1.28
0.082	0.744	0.092	0.082
0.130	0.673	0.106	0.091
0.034	0.065	0.876	0.025
0.055	0.047	0.852	0.046
0.789	0.060	0.111	0.040
0.745	0.091	0.067	0.097
0.080	0.060	0.147	0.713
0.057	0.174	0.159	0.610
>CGAGATAA	7-CGAGATAA	5.389185	-149.260228	0	T:5326.0(19.45%),B:4217.6(15.59%),P:1e-64	Tpos:353.6,Tstd:304.0,Bpos:262.5,Bstd:156.9,StrandBias:-0.0,Multiplicity:1.20
0.129	0.634	0.090	0.147
0.072	0.156	0.701	0.071
0.707	0.155	0.052	0.086
0.058	0.066	0.833	0.043
0.733	0.093	0.069	0.105
0.065	0.060	0.047	0.828
0.848	0.029	0.029	0.094
0.717	0.095	0.107	0.081
>AATCCGGT	8-AATCCGGT	5.707136	-130.832865	0	T:4625.0(16.89%),B:3648.6(13.49%),P:1e-56	Tpos:378.0,Tstd:323.4,Bpos:264.3,Bstd:162.3,StrandBias:-0.1,Multiplicity:1.16
0.550	0.084	0.218	0.148
0.835	0.043	0.105	0.017
0.147	0.067	0.190	0.596
0.029	0.891	0.043	0.037
0.032	0.704	0.062	0.202
0.084	0.067	0.784	0.065
0.120	0.173	0.571	0.136
0.098	0.188	0.081	0.633
>GGGCGKTW	9-GGGCGKTW	6.126505	-128.935413	0	T:7368.0(26.90%),B:6170.6(22.81%),P:1e-55	Tpos:406.1,Tstd:312.5,Bpos:256.7,Bstd:162.1,StrandBias:0.0,Multiplicity:1.51
0.296	0.021	0.452	0.232
0.262	0.041	0.577	0.120
0.001	0.001	0.997	0.001
0.001	0.997	0.001	0.001
0.001	0.001	0.997	0.001
0.001	0.112	0.450	0.437
0.143	0.187	0.159	0.511
0.424	0.072	0.116	0.389
>GGGTCGAG	10-GGGTCGAG	6.686764	-101.400960	0	T:3371.0(12.31%),B:2627.7(9.71%),P:1e-44	Tpos:376.4,Tstd:312.7,Bpos:262.3,Bstd:154.4,StrandBias:-0.1,Multiplicity:1.12
0.337	0.171	0.492	0.001
0.001	0.001	0.715	0.283
0.160	0.001	0.838	0.001
0.001	0.001	0.001	0.997
0.001	0.956	0.042	0.001
0.001	0.001	0.997	0.001
0.997	0.001	0.001	0.001
0.001	0.001	0.997	0.001
>CAAGGTCA	11-CAAGGTCA	8.389431	-96.299109	0	T:1991.0(7.27%),B:1440.0(5.32%),P:1e-41	Tpos:355.9,Tstd:296.5,Bpos:262.7,Bstd:156.1,StrandBias:0.0,Multiplicity:1.07
0.083	0.835	0.081	0.001
0.814	0.001	0.112	0.073
0.997	0.001	0.001	0.001
0.001	0.001	0.917	0.081
0.001	0.001	0.997	0.001
0.092	0.001	0.001	0.906
0.001	0.872	0.001	0.126
0.997	0.001	0.001	0.001
>ATCCGCGA	12-ATCCGCGA	6.386721	-94.231995	0	T:3552.0(12.97%),B:2813.0(10.40%),P:1e-40	Tpos:401.1,Tstd:306.6,Bpos:275.8,Bstd:165.7,StrandBias:0.1,Multiplicity:1.24
0.802	0.133	0.064	0.001
0.001	0.232	0.068	0.699
0.010	0.973	0.001	0.016
0.026	0.821	0.072	0.081
0.001	0.001	0.976	0.022
0.041	0.913	0.001	0.045
0.001	0.001	0.997	0.001
0.860	0.025	0.114	0.001
>GCCTYRAG	13-GCCTYRAG	5.264130	-86.808639	0	T:8014.0(29.26%),B:6980.0(25.80%),P:1e-37	Tpos:363.4,Tstd:296.8,Bpos:263.1,Bstd:156.0,StrandBias:-0.0,Multiplicity:1.27
0.217	0.132	0.525	0.126
0.088	0.686	0.225	0.001
0.035	0.608	0.219	0.138
0.028	0.070	0.154	0.748
0.177	0.246	0.196	0.381
0.254	0.186	0.386	0.175
0.600	0.157	0.221	0.022
0.256	0.096	0.554	0.094
>TTTACGRC	14-TTTACGRC	6.981539	-77.049267	0	T:2737.0(9.99%),B:2147.2(7.94%),P:1e-33	Tpos:371.1,Tstd:359.6,Bpos:254.9,Bstd:157.2,StrandBias:-0.0,Multiplicity:1.10
0.234	0.001	0.072	0.693
0.053	0.001	0.047	0.899
0.105	0.001	0.050	0.844
0.866	0.044	0.055	0.035
0.072	0.747	0.008	0.173
0.338	0.001	0.660	0.001
0.500	0.001	0.496	0.003
0.001	0.637	0.291	0.071
>AAACGCGT	15-AAACGCGT	5.222288	-67.823632	0	T:6518.0(23.80%),B:5670.1(20.96%),P:1e-29	Tpos:393.7,Tstd:324.8,Bpos:261.9,Bstd:169.5,StrandBias:-0.0,Multiplicity:1.34
0.714	0.064	0.144	0.078
0.690	0.164	0.136	0.010
0.696	0.006	0.157	0.141
0.091	0.871	0.001	0.037
0.063	0.157	0.752	0.028
0.001	0.813	0.133	0.053
0.001	0.076	0.844	0.079
0.185	0.025	0.168	0.622
>AAACGAAC	16-AAACGAAC	5.607507	-60.451428	0	T:5676.0(20.72%),B:4920.2(18.19%),P:1e-26	Tpos:386.3,Tstd:332.6,Bpos:261.3,Bstd:166.0,StrandBias:-0.0,Multiplicity:1.22
0.659	0.203	0.001	0.137
0.641	0.001	0.357	0.001
0.526	0.183	0.183	0.108
0.001	0.997	0.001	0.001
0.074	0.001	0.924	0.001
0.437	0.271	0.150	0.142
0.494	0.243	0.075	0.189
0.001	0.783	0.001	0.215
>GCATGCGC	17-GCATGCGC	5.171645	-58.447706	0	T:1404.0(5.13%),B:1040.1(3.84%),P:1e-25	Tpos:379.6,Tstd:276.6,Bpos:238.7,Bstd:145.3,StrandBias:-0.1,Multiplicity:1.10
0.001	0.001	0.997	0.001
0.001	0.874	0.001	0.124
0.997	0.001	0.001	0.001
0.001	0.001	0.001	0.997
0.001	0.001	0.911	0.087
0.001	0.997	0.001	0.001
0.001	0.001	0.997	0.001
0.001	0.745	0.001	0.253
>GTCACGTG	18-GTCACGTG	8.236954	-57.869868	0	T:689.0(2.52%),B:446.5(1.65%),P:1e-25	Tpos:400.2,Tstd:291.9,Bpos:229.6,Bstd:137.4,StrandBias:-0.1,Multiplicity:1.09
0.100	0.100	0.700	0.100
0.100	0.100	0.100	0.700
0.100	0.700	0.100	0.100
0.700	0.100	0.100	0.100
0.100	0.700	0.100	0.100
0.100	0.100	0.700	0.100
0.100	0.100	0.100	0.700
0.100	0.100	0.700	0.100
>AAGMTTAG	19-AAGMTTAG	8.175462	-53.154726	0	T:1215.0(4.44%),B:893.6(3.30%),P:1e-23	Tpos:347.7,Tstd:315.6,Bpos:268.5,Bstd:161.9,StrandBias:0.0,Multiplicity:1.05
0.734	0.123	0.003	0.140
0.985	0.004	0.001	0.010
0.001	0.133	0.865	0.001
0.441	0.363	0.001	0.196
0.001	0.001	0.001	0.997
0.287	0.267	0.001	0.445
0.689	0.147	0.163	0.001
0.001	0.001	0.997	0.001
>ACTTCGCT	20-ACTTCGCT	6.360206	-49.292803	0	T:4196.0(15.32%),B:3600.1(13.31%),P:1e-21	Tpos:366.2,Tstd:300.6,Bpos:257.9,Bstd:159.9,StrandBias:-0.1,Multiplicity:1.13
0.848	0.048	0.027	0.077
0.067	0.931	0.001	0.001
0.001	0.146	0.102	0.751
0.169	0.197	0.142	0.493
0.031	0.844	0.124	0.001
0.001	0.159	0.839	0.001
0.001	0.516	0.284	0.199
0.010	0.001	0.079	0.910
>ACACTCCC	21-ACACTCCC	8.236954	-46.678011	0	T:728.0(2.66%),B:500.2(1.85%),P:1e-20	Tpos:370.6,Tstd:318.7,Bpos:261.6,Bstd:150.7,StrandBias:-0.0,Multiplicity:1.02
0.700	0.100	0.100	0.100
0.100	0.700	0.100	0.100
0.700	0.100	0.100	0.100
0.100	0.700	0.100	0.100
0.100	0.100	0.100	0.700
0.100	0.700	0.100	0.100
0.100	0.700	0.100	0.100
0.100	0.700	0.100	0.100
>CGACAGGT	22-CGACAGGT	8.236954	-39.346406	0	T:207.0(0.76%),B:106.7(0.39%),P:1e-17	Tpos:381.6,Tstd:309.3,Bpos:281.9,Bstd:169.0,StrandBias:-0.4,Multiplicity:1.01
0.100	0.700	0.100	0.100
0.100	0.100	0.700	0.100
0.700	0.100	0.100	0.100
0.100	0.700	0.100	0.100
0.700	0.100	0.100	0.100
0.100	0.100	0.700	0.100
0.100	0.100	0.700	0.100
0.100	0.100	0.100	0.700
>TTTACTGC	23-TTTACTGC	8.236954	-30.252877	0	T:528.0(1.93%),B:372.4(1.38%),P:1e-13	Tpos:325.6,Tstd:284.8,Bpos:251.2,Bstd:156.3,StrandBias:0.1,Multiplicity:1.01
0.100	0.100	0.100	0.700
0.100	0.100	0.100	0.700
0.100	0.100	0.100	0.700
0.700	0.100	0.100	0.100
0.100	0.700	0.100	0.100
0.100	0.100	0.100	0.700
0.100	0.100	0.700	0.100
0.100	0.700	0.100	0.100
>AACAAACA	24-AACAAACA	8.444593	-26.640335	0	T:3078.0(11.24%),B:2697.0(9.97%),P:1e-11	Tpos:329.2,Tstd:304.3,Bpos:254.3,Bstd:166.4,StrandBias:0.0,Multiplicity:1.63
0.916	0.001	0.082	0.001
0.997	0.001	0.001	0.001
0.001	0.881	0.001	0.117
0.997	0.001	0.001	0.001
0.997	0.001	0.001	0.001
0.997	0.001	0.001	0.001
0.001	0.997	0.001	0.001
0.997	0.001	0.001	0.001
>AGGAAGTA	25-AGGAAGTA	8.236954	-22.867854	0	T:806.0(2.94%),B:633.9(2.34%),P:1e-9	Tpos:338.8,Tstd:283.9,Bpos:253.9,Bstd:157.3,StrandBias:0.2,Multiplicity:1.05
0.700	0.100	0.100	0.100
0.100	0.100	0.700	0.100
0.100	0.100	0.700	0.100
0.700	0.100	0.100	0.100
0.700	0.100	0.100	0.100
0.100	0.100	0.700	0.100
0.100	0.100	0.100	0.700
0.700	0.100	0.100	0.100
