>GGCGGRGY	1-GGCGGRGY	7.737004	-120.588954	0	T:976.0(47.98%),B:14788.6(31.65%),P:1e-52	Tpos:208.1,Tstd:165.4,Bpos:163.6,Bstd:112.4,StrandBias:-0.1,Multiplicity:2.17
0.001	0.001	0.997	0.001
0.001	0.001	0.962	0.036
0.037	0.807	0.001	0.155
0.001	0.001	0.997	0.001
0.001	0.001	0.643	0.355
0.443	0.001	0.529	0.027
0.249	0.039	0.604	0.108
0.001	0.463	0.001	0.535
>GCCCCACC	2-GCCCCACC	8.598716	-86.273759	0	T:845.0(41.54%),B:13172.9(28.19%),P:1e-37	Tpos:229.5,Tstd:230.6,Bpos:172.8,Bstd:113.7,StrandBias:0.2,Multiplicity:1.23
0.001	0.001	0.997	0.001
0.001	0.578	0.001	0.420
0.001	0.770	0.001	0.228
0.001	0.997	0.001	0.001
0.001	0.978	0.001	0.020
0.650	0.001	0.348	0.001
0.001	0.997	0.001	0.001
0.001	0.997	0.001	0.001
>GGCCGGAT	3-GGCCGGAT	5.457132	-66.665387	0	T:951.0(46.76%),B:16171.9(34.61%),P:1e-28	Tpos:239.6,Tstd:387.0,Bpos:181.6,Bstd:123.2,StrandBias:-0.1,Multiplicity:1.34
0.341	0.002	0.600	0.057
0.001	0.284	0.714	0.001
0.146	0.600	0.164	0.090
0.044	0.785	0.170	0.001
0.033	0.017	0.919	0.031
0.261	0.036	0.702	0.001
0.622	0.001	0.001	0.376
0.204	0.037	0.001	0.758
>CGKAATTC	4-CGKAATTC	4.395041	-52.227965	0	T:1085.0(53.34%),B:19809.9(42.39%),P:1e-22	Tpos:251.5,Tstd:394.6,Bpos:180.5,Bstd:121.4,StrandBias:0.1,Multiplicity:1.54
0.062	0.842	0.045	0.051
0.019	0.091	0.863	0.027
0.043	0.034	0.406	0.517
0.664	0.182	0.083	0.071
0.778	0.098	0.066	0.058
0.099	0.114	0.181	0.606
0.006	0.063	0.104	0.827
0.042	0.630	0.176	0.152
>GATTGGTT	5-GATTGGTT	7.209566	-51.754807	0	T:422.0(20.75%),B:6014.3(12.87%),P:1e-22	Tpos:282.9,Tstd:445.1,Bpos:158.7,Bstd:107.1,StrandBias:0.1,Multiplicity:1.43
0.156	0.335	0.508	0.001
0.859	0.001	0.139	0.001
0.001	0.001	0.092	0.906
0.001	0.001	0.001	0.997
0.001	0.001	0.997	0.001
0.001	0.001	0.997	0.001
0.001	0.306	0.120	0.573
0.001	0.288	0.143	0.568
>VACGWTWY	6-VACGWTWY	4.579213	-31.231692	0	T:719.0(35.35%),B:12934.5(27.68%),P:1e-13	Tpos:221.5,Tstd:274.5,Bpos:179.3,Bstd:124.7,StrandBias:-0.0,Multiplicity:1.36
0.315	0.313	0.322	0.049
0.404	0.145	0.207	0.243
0.001	0.997	0.001	0.001
0.001	0.001	0.997	0.001
0.308	0.176	0.159	0.357
0.131	0.180	0.235	0.454
0.404	0.001	0.144	0.451
0.001	0.448	0.232	0.319
>KCAHBCGC	7-KCAHBCGC	5.226964	-30.308139	0	T:691.0(33.97%),B:12391.2(26.52%),P:1e-13	Tpos:201.7,Tstd:214.7,Bpos:176.3,Bstd:119.4,StrandBias:0.1,Multiplicity:1.31
0.095	0.153	0.378	0.374
0.032	0.537	0.231	0.200
0.599	0.001	0.003	0.397
0.287	0.226	0.112	0.375
0.134	0.258	0.302	0.306
0.001	0.997	0.001	0.001
0.014	0.010	0.742	0.234
0.006	0.640	0.013	0.341
>TATTGGCG	8-TATTGGCG	7.162681	-25.876945	0	T:179.0(8.80%),B:2403.1(5.14%),P:1e-11	Tpos:250.6,Tstd:391.5,Bpos:167.2,Bstd:119.8,StrandBias:-0.4,Multiplicity:1.12
0.001	0.092	0.142	0.765
0.941	0.001	0.001	0.057
0.067	0.089	0.074	0.770
0.001	0.001	0.079	0.919
0.001	0.001	0.979	0.019
0.001	0.001	0.997	0.001
0.053	0.874	0.001	0.072
0.001	0.111	0.748	0.140
>AAAGCTCG	9-AAAGCTCG	6.081309	-19.941510	0	T:388.0(19.08%),B:6686.4(14.31%),P:1e-8	Tpos:228.7,Tstd:322.1,Bpos:181.8,Bstd:122.4,StrandBias:0.1,Multiplicity:1.12
0.838	0.033	0.056	0.073
0.920	0.070	0.001	0.009
0.822	0.001	0.176	0.001
0.001	0.044	0.902	0.053
0.054	0.944	0.001	0.001
0.001	0.068	0.043	0.888
0.076	0.821	0.056	0.047
0.029	0.001	0.910	0.060
>CGTAGCTA	10-CGTAGCTA	6.733036	-17.553728	0	T:139.0(6.83%),B:1954.2(4.18%),P:1e-7	Tpos:256.9,Tstd:352.4,Bpos:181.0,Bstd:119.7,StrandBias:0.0,Multiplicity:1.07
0.069	0.881	0.001	0.049
0.035	0.071	0.775	0.119
0.067	0.001	0.001	0.931
0.788	0.070	0.001	0.141
0.079	0.018	0.892	0.011
0.056	0.896	0.016	0.032
0.025	0.001	0.001	0.973
0.921	0.044	0.001	0.034
>GGCCTACA	11-GGCCTACA	8.297573	-15.802864	0	T:93.0(4.57%),B:1197.8(2.56%),P:1e-6	Tpos:280.0,Tstd:248.9,Bpos:173.7,Bstd:113.3,StrandBias:0.1,Multiplicity:1.37
0.151	0.001	0.847	0.001
0.034	0.001	0.618	0.347
0.408	0.586	0.001	0.005
0.001	0.680	0.318	0.001
0.001	0.001	0.001	0.997
0.997	0.001	0.001	0.001
0.009	0.891	0.001	0.099
0.709	0.099	0.048	0.144
>ACTGAAAA	12-ACTGAAAA	9.185448	-7.922892	0	T:54.0(2.65%),B:752.8(1.61%),P:1e-3	Tpos:334.1,Tstd:272.6,Bpos:184.3,Bstd:126.3,StrandBias:0.1,Multiplicity:2.32
0.997	0.001	0.001	0.001
0.001	0.997	0.001	0.001
0.001	0.001	0.152	0.846
0.001	0.001	0.997	0.001
0.997	0.001	0.001	0.001
0.997	0.001	0.001	0.001
0.997	0.001	0.001	0.001
0.997	0.001	0.001	0.001
>ATATTCCA	13-ATATTCCA	10.624597	-5.118397	0	T:19.0(0.93%),B:226.8(0.49%),P:1e-2	Tpos:366.6,Tstd:385.7,Bpos:182.6,Bstd:109.4,StrandBias:-0.6,Multiplicity:3.26
0.997	0.001	0.001	0.001
0.001	0.001	0.001	0.997
0.641	0.001	0.001	0.357
0.001	0.001	0.001	0.997
0.001	0.001	0.001	0.997
0.001	0.997	0.001	0.001
0.001	0.997	0.001	0.001
0.997	0.001	0.001	0.001
>TAWTTTTT	14-TAWTTTTT	8.137621	-3.738610	0	T:255.0(12.54%),B:5193.9(11.12%),P:1e-1	Tpos:213.2,Tstd:284.2,Bpos:182.7,Bstd:145.6,StrandBias:-0.3,Multiplicity:1.29
0.001	0.001	0.001	0.997
0.708	0.001	0.001	0.290
0.306	0.251	0.001	0.442
0.001	0.001	0.001	0.997
0.001	0.001	0.267	0.731
0.001	0.001	0.091	0.907
0.001	0.001	0.001	0.997
0.001	0.303	0.001	0.695
>TCTCATTT	15-TCTCATTT	8.236954	-1.713774	0	T:28.0(1.38%),B:532.9(1.14%),P:1e0	Tpos:376.3,Tstd:322.6,Bpos:178.7,Bstd:117.5,StrandBias:-0.4,Multiplicity:2.89
0.100	0.100	0.100	0.700
0.100	0.700	0.100	0.100
0.100	0.100	0.100	0.700
0.100	0.700	0.100	0.100
0.700	0.100	0.100	0.100
0.100	0.100	0.100	0.700
0.100	0.100	0.100	0.700
0.100	0.100	0.100	0.700
