>RCATTCCT	1-RCATTCCT	7.306646	-270.864906	0	T:2202.0(24.60%),B:6109.8(15.20%),P:1e-117	Tpos:300.5,Tstd:255.7,Bpos:190.2,Bstd:112.7,StrandBias:-0.1,Multiplicity:1.38
0.453	0.001	0.545	0.001
0.403	0.557	0.039	0.001
0.880	0.001	0.015	0.104
0.001	0.001	0.001	0.997
0.001	0.001	0.001	0.997
0.001	0.997	0.001	0.001
0.001	0.654	0.001	0.344
0.202	0.089	0.158	0.551
>GGGCGGGG	2-GGGCGGGG	5.169059	-99.478057	0	T:3394.0(37.92%),B:12464.3(31.02%),P:1e-43	Tpos:264.8,Tstd:239.6,Bpos:178.6,Bstd:113.4,StrandBias:0.1,Multiplicity:1.94
0.276	0.001	0.722	0.001
0.001	0.001	0.997	0.001
0.001	0.001	0.997	0.001
0.001	0.647	0.001	0.351
0.001	0.001	0.997	0.001
0.001	0.001	0.980	0.018
0.403	0.001	0.595	0.001
0.001	0.001	0.997	0.001
>TTTACGRC	3-TTTACGRC	6.278383	-94.936599	0	T:730.0(8.16%),B:1931.8(4.81%),P:1e-41	Tpos:287.4,Tstd:371.4,Bpos:187.9,Bstd:115.7,StrandBias:0.1,Multiplicity:1.09
0.072	0.080	0.068	0.780
0.015	0.054	0.097	0.834
0.085	0.055	0.089	0.771
0.742	0.100	0.044	0.114
0.002	0.555	0.061	0.382
0.111	0.001	0.839	0.049
0.471	0.079	0.344	0.107
0.141	0.594	0.051	0.214
>TGACCTTG	4-TGACCTTG	9.197733	-94.107261	0	T:708.0(7.91%),B:1861.0(4.63%),P:1e-40	Tpos:279.6,Tstd:235.8,Bpos:193.6,Bstd:111.2,StrandBias:-0.1,Multiplicity:1.07
0.025	0.033	0.001	0.941
0.078	0.020	0.901	0.001
0.666	0.038	0.080	0.216
0.001	0.974	0.024	0.001
0.051	0.947	0.001	0.001
0.001	0.001	0.001	0.997
0.022	0.016	0.001	0.961
0.001	0.042	0.931	0.026
>CCTTAGGC	5-CCTTAGGC	6.858613	-92.725574	0	T:1513.0(16.90%),B:4847.8(12.06%),P:1e-40	Tpos:266.6,Tstd:261.9,Bpos:187.7,Bstd:114.6,StrandBias:0.0,Multiplicity:1.19
0.001	0.982	0.001	0.016
0.001	0.887	0.001	0.111
0.001	0.071	0.001	0.927
0.135	0.169	0.229	0.468
0.964	0.001	0.034	0.001
0.001	0.001	0.985	0.013
0.001	0.021	0.977	0.001
0.001	0.917	0.035	0.047
>CGCGATAA	6-CGCGATAA	5.587171	-75.823661	0	T:989.0(11.05%),B:3006.4(7.48%),P:1e-32	Tpos:290.6,Tstd:353.9,Bpos:188.7,Bstd:115.4,StrandBias:-0.0,Multiplicity:1.16
0.110	0.641	0.184	0.065
0.064	0.029	0.818	0.089
0.182	0.671	0.066	0.081
0.062	0.185	0.724	0.029
0.793	0.080	0.051	0.076
0.112	0.058	0.081	0.749
0.843	0.052	0.019	0.086
0.764	0.055	0.056	0.125
>MTTATCTT	7-MTTATCTT	6.910841	-62.541358	0	T:1655.0(18.49%),B:5749.3(14.31%),P:1e-27	Tpos:283.1,Tstd:340.1,Bpos:189.4,Bstd:114.7,StrandBias:0.1,Multiplicity:1.22
0.251	0.387	0.188	0.173
0.001	0.038	0.001	0.960
0.287	0.001	0.001	0.711
0.893	0.001	0.105	0.001
0.001	0.001	0.252	0.746
0.001	0.997	0.001	0.001
0.294	0.001	0.001	0.704
0.114	0.066	0.307	0.513
>TAATCTAG	8-TAATCTAG	6.694463	-61.431197	0	T:914.0(10.21%),B:2854.9(7.10%),P:1e-26	Tpos:266.6,Tstd:316.4,Bpos:190.6,Bstd:113.1,StrandBias:0.1,Multiplicity:1.10
0.074	0.001	0.161	0.764
0.872	0.001	0.001	0.126
0.825	0.029	0.094	0.052
0.001	0.001	0.034	0.964
0.001	0.912	0.086	0.001
0.001	0.023	0.017	0.959
0.872	0.066	0.061	0.001
0.075	0.025	0.865	0.035
>GGCCGDAA	9-GGCCGDAA	5.256105	-60.463048	0	T:2535.0(28.32%),B:9412.0(23.42%),P:1e-26	Tpos:253.8,Tstd:249.6,Bpos:186.8,Bstd:120.0,StrandBias:0.1,Multiplicity:1.36
0.212	0.098	0.425	0.265
0.151	0.238	0.489	0.122
0.001	0.753	0.158	0.088
0.132	0.503	0.302	0.063
0.001	0.083	0.903	0.013
0.301	0.001	0.363	0.335
0.801	0.001	0.001	0.197
0.752	0.001	0.001	0.246
>YRATAAGG	10-YRATAAGG	8.222573	-54.590440	0	T:242.0(2.70%),B:526.6(1.31%),P:1e-23	Tpos:301.9,Tstd:253.9,Bpos:189.3,Bstd:116.3,StrandBias:0.2,Multiplicity:1.03
0.001	0.547	0.028	0.424
0.440	0.001	0.558	0.001
0.997	0.001	0.001	0.001
0.275	0.001	0.001	0.723
0.657	0.001	0.001	0.341
0.628	0.370	0.001	0.001
0.001	0.036	0.810	0.153
0.001	0.001	0.997	0.001
>AATCCGGT	11-AATCCGGT	4.416530	-51.590676	0	T:2136.0(23.86%),B:7886.2(19.63%),P:1e-22	Tpos:261.0,Tstd:283.5,Bpos:191.2,Bstd:119.2,StrandBias:0.1,Multiplicity:1.21
0.642	0.096	0.180	0.082
0.577	0.158	0.144	0.121
0.232	0.123	0.139	0.506
0.054	0.708	0.122	0.116
0.089	0.615	0.211	0.085
0.088	0.130	0.644	0.138
0.136	0.143	0.503	0.218
0.259	0.116	0.134	0.490
>AGGCTTAA	12-AGGCTTAA	6.457187	-43.232594	0	T:1671.0(18.67%),B:6095.9(15.17%),P:1e-18	Tpos:269.5,Tstd:308.1,Bpos:190.4,Bstd:115.8,StrandBias:-0.0,Multiplicity:1.17
0.910	0.001	0.001	0.088
0.086	0.001	0.837	0.076
0.042	0.042	0.915	0.001
0.185	0.725	0.001	0.089
0.001	0.001	0.001	0.997
0.001	0.092	0.063	0.844
0.842	0.060	0.097	0.001
0.924	0.026	0.049	0.001
>CTGAATGT	13-CTGAATGT	8.236954	-41.110071	0	T:216.0(2.41%),B:504.5(1.26%),P:1e-17	Tpos:256.8,Tstd:225.8,Bpos:195.7,Bstd:110.3,StrandBias:-0.0,Multiplicity:1.02
0.100	0.700	0.100	0.100
0.100	0.100	0.100	0.700
0.100	0.100	0.700	0.100
0.700	0.100	0.100	0.100
0.700	0.100	0.100	0.100
0.100	0.100	0.100	0.700
0.100	0.100	0.700	0.100
0.100	0.100	0.100	0.700
>GCCTGATT	14-GCCTGATT	8.236954	-38.358158	0	T:146.0(1.63%),B:299.2(0.74%),P:1e-16	Tpos:287.0,Tstd:270.5,Bpos:187.4,Bstd:116.0,StrandBias:-0.1,Multiplicity:1.01
0.100	0.100	0.700	0.100
0.100	0.700	0.100	0.100
0.100	0.700	0.100	0.100
0.100	0.100	0.100	0.700
0.100	0.100	0.700	0.100
0.700	0.100	0.100	0.100
0.100	0.100	0.100	0.700
0.100	0.100	0.100	0.700
>AGGGAGTG	15-AGGGAGTG	7.721396	-37.897439	0	T:1279.0(14.29%),B:4575.5(11.39%),P:1e-16	Tpos:243.6,Tstd:218.3,Bpos:189.0,Bstd:112.9,StrandBias:-0.0,Multiplicity:1.15
0.935	0.063	0.001	0.001
0.125	0.001	0.873	0.001
0.001	0.001	0.862	0.136
0.137	0.001	0.861	0.001
0.997	0.001	0.001	0.001
0.147	0.001	0.851	0.001
0.001	0.001	0.001	0.997
0.001	0.001	0.997	0.001
>GGCGGGWC	16-GGCGGGWC	7.137108	-35.655051	0	T:1185.0(13.24%),B:4228.0(10.52%),P:1e-15	Tpos:265.7,Tstd:250.0,Bpos:187.7,Bstd:116.3,StrandBias:-0.1,Multiplicity:1.16
0.001	0.083	0.781	0.135
0.018	0.001	0.718	0.263
0.001	0.624	0.001	0.374
0.001	0.001	0.997	0.001
0.049	0.093	0.522	0.336
0.001	0.001	0.997	0.001
0.470	0.129	0.001	0.400
0.121	0.685	0.001	0.193
>AGATAGTA	17-AGATAGTA	10.741508	-33.072050	0	T:113.0(1.26%),B:221.0(0.55%),P:1e-14	Tpos:264.4,Tstd:237.3,Bpos:179.1,Bstd:108.2,StrandBias:0.1,Multiplicity:1.03
0.997	0.001	0.001	0.001
0.001	0.001	0.997	0.001
0.997	0.001	0.001	0.001
0.001	0.001	0.001	0.997
0.939	0.059	0.001	0.001
0.001	0.001	0.997	0.001
0.001	0.001	0.001	0.997
0.765	0.001	0.233	0.001
>DTMACGYN	18-DTMACGYN	4.623207	-31.832468	0	T:1103.0(12.32%),B:3955.4(9.84%),P:1e-13	Tpos:262.9,Tstd:259.3,Bpos:185.4,Bstd:119.8,StrandBias:0.1,Multiplicity:1.14
0.287	0.129	0.279	0.304
0.148	0.119	0.108	0.625
0.242	0.381	0.190	0.187
0.533	0.203	0.151	0.113
0.015	0.863	0.110	0.012
0.053	0.001	0.773	0.173
0.162	0.445	0.046	0.347
0.307	0.222	0.272	0.199
>GACTGAST	19-GACTGAST	6.797532	-29.908255	0	T:1153.0(12.88%),B:4190.5(10.43%),P:1e-12	Tpos:252.3,Tstd:260.1,Bpos:192.1,Bstd:112.5,StrandBias:0.1,Multiplicity:1.14
0.036	0.001	0.857	0.106
0.813	0.028	0.001	0.158
0.030	0.759	0.130	0.081
0.036	0.019	0.120	0.825
0.329	0.001	0.577	0.093
0.688	0.143	0.022	0.147
0.001	0.542	0.456	0.001
0.001	0.125	0.024	0.850
>CGAATGCT	20-CGAATGCT	8.236954	-25.344340	0	T:61.0(0.68%),B:100.4(0.25%),P:1e-11	Tpos:256.4,Tstd:338.0,Bpos:191.1,Bstd:114.6,StrandBias:0.1,Multiplicity:1.00
0.100	0.700	0.100	0.100
0.100	0.100	0.700	0.100
0.700	0.100	0.100	0.100
0.700	0.100	0.100	0.100
0.100	0.100	0.100	0.700
0.100	0.100	0.700	0.100
0.100	0.700	0.100	0.100
0.100	0.100	0.100	0.700
>ACAAACAA	21-ACAAACAA	9.439682	-23.653602	0	T:806.0(9.00%),B:2883.8(7.18%),P:1e-10	Tpos:262.4,Tstd:247.2,Bpos:187.4,Bstd:124.4,StrandBias:-0.0,Multiplicity:1.68
0.997	0.001	0.001	0.001
0.001	0.997	0.001	0.001
0.997	0.001	0.001	0.001
0.997	0.001	0.001	0.001
0.997	0.001	0.001	0.001
0.001	0.997	0.001	0.001
0.997	0.001	0.001	0.001
0.802	0.001	0.196	0.001
>TTCGCTAT	22-TTCGCTAT	7.241794	-22.339523	0	T:240.0(2.68%),B:701.6(1.75%),P:1e-9	Tpos:250.6,Tstd:226.6,Bpos:194.3,Bstd:114.7,StrandBias:-0.1,Multiplicity:1.03
0.001	0.045	0.128	0.826
0.078	0.001	0.177	0.744
0.326	0.554	0.087	0.033
0.090	0.001	0.908	0.001
0.001	0.944	0.054	0.001
0.078	0.001	0.203	0.718
0.831	0.030	0.138	0.001
0.001	0.072	0.190	0.737
>ATTTCGCA	23-ATTTCGCA	7.233811	-18.920213	0	T:369.0(4.12%),B:1218.6(3.03%),P:1e-8	Tpos:266.4,Tstd:239.1,Bpos:188.0,Bstd:112.5,StrandBias:-0.0,Multiplicity:1.11
0.689	0.001	0.175	0.135
0.001	0.001	0.146	0.852
0.046	0.001	0.001	0.952
0.001	0.001	0.202	0.796
0.001	0.997	0.001	0.001
0.001	0.001	0.907	0.091
0.001	0.897	0.101	0.001
0.909	0.001	0.089	0.001
>TAAAAGAG	24-TAAAAGAG	8.236954	-18.514021	0	T:201.0(2.25%),B:591.5(1.47%),P:1e-8	Tpos:257.7,Tstd:241.8,Bpos:190.7,Bstd:121.6,StrandBias:0.1,Multiplicity:1.02
0.100	0.100	0.100	0.700
0.700	0.100	0.100	0.100
0.700	0.100	0.100	0.100
0.700	0.100	0.100	0.100
0.700	0.100	0.100	0.100
0.100	0.100	0.700	0.100
0.700	0.100	0.100	0.100
0.100	0.100	0.700	0.100
>GTCACTAC	25-GTCACTAC	8.236954	-17.796611	0	T:98.0(1.09%),B:238.1(0.59%),P:1e-7	Tpos:257.2,Tstd:210.5,Bpos:183.2,Bstd:112.2,StrandBias:-0.3,Multiplicity:1.01
0.100	0.100	0.700	0.100
0.100	0.100	0.100	0.700
0.100	0.700	0.100	0.100
0.700	0.100	0.100	0.100
0.100	0.700	0.100	0.100
0.100	0.100	0.100	0.700
0.700	0.100	0.100	0.100
0.100	0.700	0.100	0.100
