>ACAAWGGM	1-ACAAWGGM	7.943384	-1526.487769	0	T:7516.0(48.25%),B:9315.5(27.41%),P:1e-662	Tpos:469.9,Tstd:376.8,Bpos:333.7,Bstd:205.8,StrandBias:0.0,Multiplicity:1.57
0.997	0.001	0.001	0.001
0.001	0.906	0.092	0.001
0.997	0.001	0.001	0.001
0.978	0.001	0.001	0.020
0.533	0.001	0.001	0.465
0.393	0.001	0.584	0.022
0.001	0.037	0.961	0.001
0.464	0.348	0.187	0.001
>TGACCTTG	2-TGACCTTG	8.236954	-1116.218365	0	T:2236.0(14.35%),B:1557.3(4.58%),P:1e-484	Tpos:443.1,Tstd:374.5,Bpos:336.2,Bstd:207.9,StrandBias:-0.1,Multiplicity:1.12
0.100	0.100	0.100	0.700
0.100	0.100	0.700	0.100
0.700	0.100	0.100	0.100
0.100	0.700	0.100	0.100
0.100	0.700	0.100	0.100
0.100	0.100	0.100	0.700
0.100	0.100	0.100	0.700
0.100	0.100	0.700	0.100
>ATTTRCAT	3-ATTTRCAT	7.235134	-751.139789	0	T:5351.0(34.35%),B:7118.7(20.95%),P:1e-326	Tpos:465.1,Tstd:408.3,Bpos:337.2,Bstd:209.9,StrandBias:0.0,Multiplicity:1.26
0.732	0.076	0.096	0.096
0.185	0.001	0.001	0.813
0.091	0.001	0.001	0.907
0.279	0.065	0.001	0.655
0.421	0.001	0.504	0.074
0.283	0.715	0.001	0.001
0.896	0.066	0.023	0.015
0.222	0.001	0.001	0.776
>GGGTGGGG	4-GGGTGGGG	8.894040	-486.965529	0	T:4934.0(31.67%),B:7136.8(21.00%),P:1e-211	Tpos:457.7,Tstd:418.3,Bpos:329.7,Bstd:206.1,StrandBias:-0.0,Multiplicity:1.53
0.052	0.001	0.946	0.001
0.001	0.001	0.997	0.001
0.001	0.001	0.997	0.001
0.001	0.001	0.001	0.997
0.001	0.001	0.997	0.001
0.001	0.001	0.818	0.180
0.335	0.001	0.663	0.001
0.001	0.001	0.997	0.001
>KTRTAAWS	5-KTRTAAWS	8.438855	-423.416393	0	T:935.0(6.00%),B:677.9(2.00%),P:1e-183	Tpos:486.8,Tstd:357.4,Bpos:339.9,Bstd:211.1,StrandBias:0.1,Multiplicity:1.03
0.001	0.001	0.494	0.504
0.001	0.001	0.001	0.997
0.449	0.001	0.549	0.001
0.001	0.001	0.001	0.997
0.997	0.001	0.001	0.001
0.997	0.001	0.001	0.001
0.495	0.001	0.001	0.503
0.001	0.485	0.513	0.001
>GCACTTAT	6-GCACTTAT	8.236954	-396.585892	0	T:585.0(3.76%),B:309.6(0.91%),P:1e-172	Tpos:535.9,Tstd:424.5,Bpos:315.1,Bstd:201.1,StrandBias:-0.0,Multiplicity:1.01
0.100	0.100	0.700	0.100
0.100	0.700	0.100	0.100
0.700	0.100	0.100	0.100
0.100	0.700	0.100	0.100
0.100	0.100	0.100	0.700
0.100	0.100	0.100	0.700
0.700	0.100	0.100	0.100
0.100	0.100	0.100	0.700
>ACTGAATA	7-ACTGAATA	10.526318	-367.089750	0	T:917.0(5.89%),B:718.8(2.12%),P:1e-159	Tpos:521.2,Tstd:469.7,Bpos:328.2,Bstd:202.0,StrandBias:-0.1,Multiplicity:1.02
0.997	0.001	0.001	0.001
0.001	0.997	0.001	0.001
0.001	0.001	0.001	0.997
0.001	0.001	0.997	0.001
0.997	0.001	0.001	0.001
0.997	0.001	0.001	0.001
0.001	0.001	0.001	0.997
0.581	0.001	0.001	0.417
>TAATTAGC	8-TAATTAGC	7.377438	-360.587165	0	T:3121.0(20.04%),B:4229.4(12.45%),P:1e-156	Tpos:501.0,Tstd:438.4,Bpos:332.7,Bstd:212.3,StrandBias:-0.0,Multiplicity:1.22
0.071	0.067	0.058	0.804
0.824	0.095	0.080	0.001
0.997	0.001	0.001	0.001
0.001	0.001	0.001	0.997
0.001	0.001	0.001	0.997
0.921	0.001	0.001	0.077
0.001	0.062	0.921	0.016
0.020	0.651	0.097	0.232
>AWCTGAAT	9-AWCTGAAT	7.906880	-356.947976	0	T:3472.0(22.29%),B:4871.6(14.34%),P:1e-155	Tpos:487.0,Tstd:406.1,Bpos:341.5,Bstd:208.2,StrandBias:-0.0,Multiplicity:1.29
0.471	0.001	0.317	0.210
0.527	0.001	0.001	0.471
0.001	0.474	0.208	0.317
0.001	0.022	0.185	0.792
0.001	0.001	0.997	0.001
0.997	0.001	0.001	0.001
0.997	0.001	0.001	0.001
0.001	0.001	0.001	0.997
>WGGAATKC	10-WGGAATKC	8.064884	-352.338637	0	T:3121.0(20.04%),B:4255.3(12.52%),P:1e-153	Tpos:481.1,Tstd:414.3,Bpos:327.7,Bstd:205.6,StrandBias:0.0,Multiplicity:1.24
0.421	0.019	0.197	0.363
0.201	0.001	0.796	0.002
0.001	0.055	0.943	0.001
0.878	0.105	0.016	0.001
0.997	0.001	0.001	0.001
0.001	0.001	0.001	0.997
0.066	0.131	0.420	0.383
0.001	0.579	0.001	0.419
>CGCTTTGA	11-CGCTTTGA	6.929432	-345.756555	0	T:5360.0(34.41%),B:8499.1(25.01%),P:1e-150	Tpos:459.4,Tstd:411.3,Bpos:333.0,Bstd:209.8,StrandBias:0.0,Multiplicity:1.30
0.127	0.511	0.303	0.059
0.019	0.114	0.612	0.255
0.029	0.905	0.035	0.031
0.033	0.237	0.031	0.699
0.016	0.016	0.008	0.960
0.028	0.014	0.008	0.950
0.050	0.161	0.648	0.141
0.716	0.040	0.007	0.237
>CTCTTTCA	12-CTCTTTCA	8.906892	-264.574214	0	T:2504.0(16.07%),B:3445.3(10.14%),P:1e-114	Tpos:469.5,Tstd:415.5,Bpos:336.9,Bstd:210.1,StrandBias:-0.1,Multiplicity:1.17
0.001	0.997	0.001	0.001
0.001	0.185	0.001	0.813
0.001	0.997	0.001	0.001
0.001	0.001	0.001	0.997
0.001	0.001	0.001	0.997
0.001	0.001	0.001	0.997
0.001	0.620	0.001	0.378
0.997	0.001	0.001	0.001
>TTGGAACA	13-TTGGAACA	8.236954	-248.292370	0	T:898.0(5.76%),B:859.8(2.53%),P:1e-107	Tpos:529.4,Tstd:464.1,Bpos:335.8,Bstd:207.8,StrandBias:-0.0,Multiplicity:1.05
0.100	0.100	0.100	0.700
0.100	0.100	0.100	0.700
0.100	0.100	0.700	0.100
0.100	0.100	0.700	0.100
0.700	0.100	0.100	0.100
0.700	0.100	0.100	0.100
0.100	0.700	0.100	0.100
0.700	0.100	0.100	0.100
>TTAGAAGC	14-TTAGAAGC	10.194653	-244.618639	0	T:1145.0(7.35%),B:1231.5(3.62%),P:1e-106	Tpos:456.9,Tstd:357.5,Bpos:339.5,Bstd:201.5,StrandBias:-0.1,Multiplicity:1.07
0.001	0.001	0.001	0.997
0.001	0.001	0.001	0.997
0.997	0.001	0.001	0.001
0.001	0.001	0.581	0.417
0.997	0.001	0.001	0.001
0.997	0.001	0.001	0.001
0.001	0.001	0.997	0.001
0.001	0.997	0.001	0.001
>TAGTAAAT	15-TAGTAAAT	7.934773	-243.022060	0	T:1773.0(11.38%),B:2247.9(6.61%),P:1e-105	Tpos:490.4,Tstd:419.8,Bpos:325.6,Bstd:206.0,StrandBias:-0.0,Multiplicity:1.18
0.007	0.001	0.001	0.991
0.582	0.001	0.416	0.001
0.007	0.001	0.991	0.001
0.001	0.055	0.001	0.943
0.935	0.001	0.001	0.063
0.997	0.001	0.001	0.001
0.927	0.007	0.001	0.065
0.001	0.128	0.001	0.870
>ATAGCTAA	16-ATAGCTAA	8.236954	-241.032677	0	T:695.0(4.46%),B:590.7(1.74%),P:1e-104	Tpos:526.7,Tstd:369.1,Bpos:332.4,Bstd:206.5,StrandBias:0.2,Multiplicity:1.05
0.700	0.100	0.100	0.100
0.100	0.100	0.100	0.700
0.700	0.100	0.100	0.100
0.100	0.100	0.700	0.100
0.100	0.700	0.100	0.100
0.100	0.100	0.100	0.700
0.700	0.100	0.100	0.100
0.700	0.100	0.100	0.100
>TTCAAGGA	17-TTCAAGGA	9.116362	-236.194354	0	T:1768.0(11.35%),B:2258.9(6.65%),P:1e-102	Tpos:465.3,Tstd:410.0,Bpos:330.4,Bstd:205.1,StrandBias:-0.0,Multiplicity:1.12
0.001	0.180	0.001	0.818
0.001	0.001	0.001	0.997
0.001	0.997	0.001	0.001
0.858	0.001	0.001	0.140
0.913	0.085	0.001	0.001
0.001	0.001	0.997	0.001
0.001	0.001	0.997	0.001
0.997	0.001	0.001	0.001
>TCAGCAGG	18-TCAGCAGG	7.282964	-210.350961	0	T:3170.0(20.35%),B:4875.0(14.35%),P:1e-91	Tpos:440.3,Tstd:379.3,Bpos:334.3,Bstd:202.3,StrandBias:-0.1,Multiplicity:1.16
0.193	0.211	0.001	0.595
0.001	0.997	0.001	0.001
0.997	0.001	0.001	0.001
0.001	0.001	0.997	0.001
0.001	0.997	0.001	0.001
0.960	0.001	0.038	0.001
0.001	0.001	0.997	0.001
0.001	0.001	0.997	0.001
>GATTAVCT	19-GATTAVCT	6.704490	-199.504325	0	T:2899.0(18.61%),B:4414.9(12.99%),P:1e-86	Tpos:489.1,Tstd:410.3,Bpos:325.0,Bstd:207.1,StrandBias:-0.1,Multiplicity:1.23
0.045	0.001	0.953	0.001
0.997	0.001	0.001	0.001
0.152	0.056	0.001	0.791
0.099	0.125	0.001	0.775
0.680	0.318	0.001	0.001
0.270	0.404	0.279	0.047
0.033	0.716	0.109	0.142
0.079	0.101	0.001	0.819
>GSAGGYTA	20-GSAGGYTA	8.439089	-192.704575	0	T:1100.0(7.06%),B:1275.0(3.75%),P:1e-83	Tpos:465.7,Tstd:386.2,Bpos:335.5,Bstd:201.9,StrandBias:-0.0,Multiplicity:1.06
0.001	0.088	0.910	0.001
0.110	0.372	0.483	0.035
0.997	0.001	0.001	0.001
0.185	0.001	0.813	0.001
0.308	0.001	0.690	0.001
0.107	0.391	0.001	0.501
0.089	0.001	0.035	0.875
0.839	0.001	0.159	0.001
>TCGAGCAT	21-TCGAGCAT	8.236954	-186.356372	0	T:252.0(1.62%),B:123.9(0.36%),P:1e-80	Tpos:463.1,Tstd:381.7,Bpos:315.7,Bstd:218.8,StrandBias:0.0,Multiplicity:1.00
0.100	0.100	0.100	0.700
0.100	0.700	0.100	0.100
0.100	0.100	0.700	0.100
0.700	0.100	0.100	0.100
0.100	0.100	0.700	0.100
0.100	0.700	0.100	0.100
0.700	0.100	0.100	0.100
0.100	0.100	0.100	0.700
>YCRTAYMC	22-YCRTAYMC	8.338473	-185.372600	0	T:1145.0(7.35%),B:1365.4(4.02%),P:1e-80	Tpos:503.5,Tstd:422.7,Bpos:331.6,Bstd:194.5,StrandBias:-0.1,Multiplicity:1.24
0.001	0.535	0.001	0.463
0.001	0.997	0.001	0.001
0.476	0.001	0.522	0.001
0.001	0.001	0.001	0.997
0.997	0.001	0.001	0.001
0.001	0.474	0.001	0.524
0.535	0.463	0.001	0.001
0.001	0.997	0.001	0.001
>ACCAGGGG	23-ACCAGGGG	8.236954	-142.010690	0	T:673.0(4.32%),B:724.0(2.13%),P:1e-61	Tpos:463.5,Tstd:349.7,Bpos:340.7,Bstd:203.8,StrandBias:-0.1,Multiplicity:1.06
0.700	0.100	0.100	0.100
0.100	0.700	0.100	0.100
0.100	0.700	0.100	0.100
0.700	0.100	0.100	0.100
0.100	0.100	0.700	0.100
0.100	0.100	0.700	0.100
0.100	0.100	0.700	0.100
0.100	0.100	0.700	0.100
>CCAAGACA	24-CCAAGACA	8.236954	-108.158924	0	T:994.0(6.38%),B:1336.8(3.93%),P:1e-46	Tpos:441.2,Tstd:391.3,Bpos:345.1,Bstd:202.4,StrandBias:-0.1,Multiplicity:1.13
0.100	0.700	0.100	0.100
0.100	0.700	0.100	0.100
0.700	0.100	0.100	0.100
0.700	0.100	0.100	0.100
0.100	0.100	0.700	0.100
0.700	0.100	0.100	0.100
0.100	0.700	0.100	0.100
0.700	0.100	0.100	0.100
>TCTCGCGA	25-TCTCGCGA	10.987027	-43.829955	0	T:107.0(0.69%),B:84.5(0.25%),P:1e-19	Tpos:299.9,Tstd:225.5,Bpos:312.9,Bstd:199.9,StrandBias:0.1,Multiplicity:1.21
0.001	0.001	0.001	0.997
0.077	0.921	0.001	0.001
0.001	0.001	0.001	0.997
0.001	0.997	0.001	0.001
0.001	0.001	0.997	0.001
0.001	0.997	0.001	0.001
0.001	0.001	0.997	0.001
0.997	0.001	0.001	0.001
