>CCTSRGGC	1-CCTSRGGC	8.009697	-284.228165	0	T:3857.0(22.93%),B:5202.5(15.90%),P:1e-123	Tpos:345.4,Tstd:244.7,Bpos:232.9,Bstd:141.7,StrandBias:0.0,Multiplicity:1.27
0.001	0.997	0.001	0.001
0.001	0.997	0.001	0.001
0.001	0.151	0.146	0.702
0.133	0.370	0.330	0.166
0.498	0.127	0.374	0.001
0.001	0.001	0.997	0.001
0.001	0.001	0.997	0.001
0.001	0.801	0.197	0.001
>AACCCTGT	2-AACCCTGT	8.236954	-168.940281	0	T:1347.0(8.01%),B:1553.8(4.75%),P:1e-73	Tpos:273.7,Tstd:247.6,Bpos:229.8,Bstd:160.1,StrandBias:0.1,Multiplicity:1.05
0.700	0.100	0.100	0.100
0.700	0.100	0.100	0.100
0.100	0.700	0.100	0.100
0.100	0.700	0.100	0.100
0.100	0.700	0.100	0.100
0.100	0.100	0.100	0.700
0.100	0.100	0.700	0.100
0.100	0.100	0.100	0.700
>AGTTCGAG	3-AGTTCGAG	6.370734	-143.917914	0	T:3383.0(20.11%),B:4999.9(15.28%),P:1e-62	Tpos:293.2,Tstd:253.5,Bpos:229.1,Bstd:153.6,StrandBias:0.1,Multiplicity:1.41
0.581	0.061	0.063	0.295
0.122	0.035	0.536	0.307
0.080	0.021	0.073	0.826
0.035	0.071	0.057	0.837
0.042	0.890	0.014	0.054
0.073	0.103	0.734	0.090
0.803	0.060	0.052	0.085
0.047	0.084	0.794	0.075
>ACAAACAA	4-ACAAACAA	10.709490	-130.912865	0	T:1330.0(7.91%),B:1638.0(5.01%),P:1e-56	Tpos:279.2,Tstd:258.5,Bpos:234.6,Bstd:160.4,StrandBias:0.1,Multiplicity:2.14
0.997	0.001	0.001	0.001
0.225	0.773	0.001	0.001
0.997	0.001	0.001	0.001
0.997	0.001	0.001	0.001
0.997	0.001	0.001	0.001
0.098	0.900	0.001	0.001
0.997	0.001	0.001	0.001
0.997	0.001	0.001	0.001
>GTGTAGCC	5-GTGTAGCC	8.366260	-120.518940	0	T:1382.0(8.21%),B:1754.4(5.36%),P:1e-52	Tpos:289.2,Tstd:255.2,Bpos:230.1,Bstd:147.5,StrandBias:-0.1,Multiplicity:1.06
0.001	0.001	0.997	0.001
0.001	0.001	0.001	0.997
0.164	0.067	0.768	0.001
0.001	0.001	0.001	0.997
0.997	0.001	0.001	0.001
0.001	0.001	0.997	0.001
0.001	0.997	0.001	0.001
0.001	0.997	0.001	0.001
>AAAACAAA	6-AAAACAAA	9.010824	-105.360252	0	T:2802.0(16.66%),B:4198.4(12.83%),P:1e-45	Tpos:287.0,Tstd:259.1,Bpos:234.1,Bstd:162.6,StrandBias:0.0,Multiplicity:1.83
0.997	0.001	0.001	0.001
0.895	0.103	0.001	0.001
0.997	0.001	0.001	0.001
0.826	0.172	0.001	0.001
0.001	0.997	0.001	0.001
0.865	0.133	0.001	0.001
0.997	0.001	0.001	0.001
0.950	0.048	0.001	0.001
>TGKCTCAA	7-TGKCTCAA	9.489443	-94.222662	0	T:1599.0(9.50%),B:2208.6(6.75%),P:1e-40	Tpos:283.7,Tstd:272.0,Bpos:233.8,Bstd:144.5,StrandBias:0.0,Multiplicity:1.07
0.001	0.001	0.001	0.997
0.001	0.001	0.997	0.001
0.001	0.206	0.398	0.395
0.001	0.997	0.001	0.001
0.001	0.001	0.001	0.997
0.001	0.997	0.001	0.001
0.997	0.001	0.001	0.001
0.997	0.001	0.001	0.001
>GGCGTGGT	8-GGCGTGGT	6.741155	-89.207661	0	T:4731.0(28.12%),B:7767.7(23.74%),P:1e-38	Tpos:315.4,Tstd:261.4,Bpos:228.1,Bstd:144.7,StrandBias:0.1,Multiplicity:1.30
0.353	0.001	0.645	0.001
0.001	0.001	0.997	0.001
0.081	0.742	0.001	0.176
0.001	0.360	0.521	0.118
0.061	0.001	0.001	0.937
0.109	0.213	0.540	0.138
0.103	0.271	0.625	0.001
0.007	0.178	0.001	0.814
>TNAABCCG	9-TNAABCCG	4.783968	-72.621214	0	T:7090.0(42.14%),B:12339.1(37.71%),P:1e-31	Tpos:320.3,Tstd:288.2,Bpos:231.2,Bstd:149.0,StrandBias:0.0,Multiplicity:1.59
0.149	0.082	0.200	0.569
0.274	0.186	0.254	0.286
0.779	0.030	0.186	0.005
0.804	0.051	0.045	0.100
0.203	0.216	0.224	0.358
0.017	0.788	0.160	0.035
0.001	0.908	0.090	0.001
0.001	0.062	0.864	0.073
>CTSWAGGC	10-CTSWAGGC	7.290394	-69.126159	0	T:4710.0(28.00%),B:7900.4(24.15%),P:1e-30	Tpos:319.0,Tstd:255.0,Bpos:230.3,Bstd:140.4,StrandBias:-0.0,Multiplicity:1.26
0.079	0.889	0.031	0.001
0.001	0.247	0.043	0.709
0.001	0.503	0.430	0.066
0.371	0.204	0.107	0.319
0.951	0.001	0.047	0.001
0.163	0.014	0.822	0.001
0.001	0.045	0.953	0.001
0.001	0.997	0.001	0.001
>GACCGCCA	11-GACCGCCA	4.936279	-67.393718	0	T:2601.0(15.46%),B:4084.7(12.48%),P:1e-29	Tpos:298.7,Tstd:251.9,Bpos:234.7,Bstd:150.2,StrandBias:-0.0,Multiplicity:1.11
0.001	0.286	0.712	0.001
0.997	0.001	0.001	0.001
0.001	0.805	0.001	0.193
0.007	0.991	0.001	0.001
0.001	0.001	0.997	0.001
0.001	0.997	0.001	0.001
0.001	0.536	0.167	0.296
0.997	0.001	0.001	0.001
>AGATCCGC	12-AGATCCGC	6.588284	-66.534803	0	T:2381.0(14.15%),B:3701.3(11.31%),P:1e-28	Tpos:307.5,Tstd:254.2,Bpos:231.7,Bstd:144.2,StrandBias:0.0,Multiplicity:1.11
0.959	0.017	0.023	0.001
0.001	0.091	0.885	0.023
0.919	0.059	0.021	0.001
0.046	0.039	0.001	0.914
0.039	0.931	0.001	0.029
0.001	0.781	0.020	0.198
0.064	0.001	0.907	0.028
0.014	0.757	0.001	0.228
>GCCGCAGG	13-GCCGCAGG	8.991306	-66.117719	0	T:1295.0(7.70%),B:1833.1(5.60%),P:1e-28	Tpos:336.7,Tstd:251.2,Bpos:237.0,Bstd:150.0,StrandBias:0.0,Multiplicity:1.12
0.001	0.168	0.830	0.001
0.001	0.887	0.001	0.111
0.001	0.835	0.163	0.001
0.001	0.001	0.997	0.001
0.001	0.997	0.001	0.001
0.997	0.001	0.001	0.001
0.001	0.001	0.997	0.001
0.001	0.001	0.997	0.001
>AGCGTTCT	14-AGCGTTCT	6.832148	-62.254555	0	T:2367.0(14.07%),B:3706.3(11.33%),P:1e-27	Tpos:300.2,Tstd:267.1,Bpos:228.2,Bstd:141.5,StrandBias:0.2,Multiplicity:1.09
0.890	0.031	0.057	0.022
0.023	0.001	0.975	0.001
0.105	0.845	0.049	0.001
0.228	0.001	0.770	0.001
0.065	0.065	0.023	0.847
0.001	0.062	0.001	0.936
0.030	0.897	0.001	0.072
0.022	0.119	0.001	0.858
>ATTCCCGC	15-ATTCCCGC	5.730621	-54.609759	0	T:6647.0(39.51%),B:11692.1(35.74%),P:1e-23	Tpos:316.6,Tstd:267.5,Bpos:229.9,Bstd:142.3,StrandBias:-0.0,Multiplicity:1.38
0.613	0.087	0.078	0.222
0.364	0.001	0.001	0.634
0.001	0.146	0.227	0.626
0.001	0.922	0.001	0.076
0.024	0.824	0.151	0.001
0.274	0.455	0.186	0.085
0.092	0.001	0.906	0.001
0.243	0.485	0.152	0.120
>WCCGAAYY	16-WCCGAAYY	4.932889	-43.654696	0	T:3918.0(23.29%),B:6688.5(20.44%),P:1e-18	Tpos:314.0,Tstd:263.9,Bpos:232.6,Bstd:147.5,StrandBias:0.0,Multiplicity:1.25
0.529	0.001	0.001	0.469
0.109	0.478	0.182	0.231
0.001	0.598	0.400	0.001
0.174	0.001	0.631	0.194
0.523	0.228	0.001	0.248
0.705	0.001	0.293	0.001
0.056	0.427	0.164	0.353
0.159	0.419	0.001	0.421
>CTCTGTAG	17-CTCTGTAG	7.418815	-39.425433	0	T:1897.0(11.28%),B:3045.7(9.31%),P:1e-17	Tpos:299.5,Tstd:258.4,Bpos:228.9,Bstd:148.5,StrandBias:0.0,Multiplicity:1.10
0.001	0.997	0.001	0.001
0.001	0.001	0.050	0.948
0.151	0.518	0.001	0.330
0.001	0.001	0.001	0.997
0.001	0.001	0.997	0.001
0.001	0.001	0.001	0.997
0.997	0.001	0.001	0.001
0.001	0.001	0.997	0.001
>CTAGCTTA	18-CTAGCTTA	7.620484	-36.518836	0	T:1085.0(6.45%),B:1640.4(5.01%),P:1e-15	Tpos:302.2,Tstd:286.0,Bpos:235.3,Bstd:139.4,StrandBias:-0.1,Multiplicity:1.05
0.103	0.707	0.053	0.137
0.301	0.035	0.001	0.663
0.472	0.291	0.235	0.001
0.067	0.001	0.902	0.030
0.144	0.801	0.001	0.054
0.001	0.013	0.002	0.984
0.065	0.225	0.001	0.709
0.997	0.001	0.001	0.001
>TAGCKTTA	19-TAGCKTTA	7.324924	-33.292117	0	T:895.0(5.32%),B:1334.5(4.08%),P:1e-14	Tpos:280.9,Tstd:276.7,Bpos:229.8,Bstd:146.9,StrandBias:-0.1,Multiplicity:1.12
0.029	0.001	0.001	0.969
0.803	0.023	0.001	0.173
0.291	0.001	0.654	0.054
0.001	0.997	0.001	0.001
0.001	0.001	0.570	0.428
0.272	0.053	0.083	0.592
0.036	0.061	0.001	0.902
0.927	0.001	0.071	0.001
>TTGWACCT	20-TTGWACCT	7.073038	-32.898145	0	T:1372.0(8.16%),B:2166.5(6.62%),P:1e-14	Tpos:312.7,Tstd:329.8,Bpos:230.6,Bstd:140.8,StrandBias:-0.0,Multiplicity:1.12
0.001	0.063	0.001	0.935
0.001	0.001	0.001	0.997
0.349	0.001	0.649	0.001
0.536	0.001	0.001	0.462
0.997	0.001	0.001	0.001
0.001	0.997	0.001	0.001
0.001	0.878	0.120	0.001
0.001	0.001	0.054	0.944
>ATAAGTGC	21-ATAAGTGC	7.732940	-28.176523	0	T:533.0(3.17%),B:752.9(2.30%),P:1e-12	Tpos:303.4,Tstd:378.1,Bpos:235.2,Bstd:138.8,StrandBias:0.2,Multiplicity:1.03
0.804	0.001	0.001	0.194
0.001	0.001	0.001	0.997
0.866	0.001	0.001	0.132
0.997	0.001	0.001	0.001
0.001	0.001	0.997	0.001
0.001	0.059	0.001	0.939
0.001	0.001	0.858	0.140
0.001	0.997	0.001	0.001
>CATTATCA	22-CATTATCA	8.303045	-26.478513	0	T:376.0(2.24%),B:503.2(1.54%),P:1e-11	Tpos:290.6,Tstd:271.0,Bpos:233.9,Bstd:132.2,StrandBias:-0.1,Multiplicity:1.02
0.001	0.859	0.139	0.001
0.997	0.001	0.001	0.001
0.001	0.001	0.001	0.997
0.001	0.001	0.001	0.997
0.997	0.001	0.001	0.001
0.001	0.001	0.001	0.997
0.001	0.997	0.001	0.001
0.925	0.001	0.073	0.001
>CGAATGCT	23-CGAATGCT	8.236954	-23.391140	0	T:110.0(0.65%),B:108.1(0.33%),P:1e-10	Tpos:291.8,Tstd:303.4,Bpos:229.6,Bstd:139.8,StrandBias:-0.1,Multiplicity:1.00
0.100	0.700	0.100	0.100
0.100	0.100	0.700	0.100
0.700	0.100	0.100	0.100
0.700	0.100	0.100	0.100
0.100	0.100	0.100	0.700
0.100	0.100	0.700	0.100
0.100	0.700	0.100	0.100
0.100	0.100	0.100	0.700
>TGTCAAAT	24-TGTCAAAT	8.236954	-15.954716	0	T:240.0(1.43%),B:328.1(1.00%),P:1e-6	Tpos:260.2,Tstd:252.1,Bpos:238.4,Bstd:146.0,StrandBias:-0.0,Multiplicity:1.02
0.100	0.100	0.100	0.700
0.100	0.100	0.700	0.100
0.100	0.100	0.100	0.700
0.100	0.700	0.100	0.100
0.700	0.100	0.100	0.100
0.700	0.100	0.100	0.100
0.700	0.100	0.100	0.100
0.100	0.100	0.100	0.700
>AACAACAA	25-AACAACAA	8.236954	-11.286221	0	T:750.0(4.46%),B:1249.6(3.82%),P:1e-4	Tpos:283.6,Tstd:260.3,Bpos:235.4,Bstd:155.4,StrandBias:-0.1,Multiplicity:1.06
0.700	0.100	0.100	0.100
0.700	0.100	0.100	0.100
0.100	0.700	0.100	0.100
0.700	0.100	0.100	0.100
0.700	0.100	0.100	0.100
0.100	0.700	0.100	0.100
0.700	0.100	0.100	0.100
0.700	0.100	0.100	0.100
