>ARGAATTC	1-ARGAATTC	4.371105	-95.123172	0	T:910.0(43.19%),B:13588.0(29.26%),P:1e-41	Tpos:290.1,Tstd:302.6,Bpos:224.6,Bstd:143.1,StrandBias:-0.0,Multiplicity:1.73
0.489	0.209	0.001	0.300
0.474	0.001	0.354	0.171
0.001	0.001	0.997	0.001
0.997	0.001	0.001	0.001
0.997	0.001	0.001	0.001
0.001	0.001	0.001	0.997
0.001	0.001	0.037	0.961
0.001	0.687	0.001	0.311
>CATTCAGA	2-CATTCAGA	8.236954	-56.435818	0	T:107.0(5.08%),B:724.3(1.56%),P:1e-24	Tpos:257.9,Tstd:203.4,Bpos:228.2,Bstd:137.8,StrandBias:-0.1,Multiplicity:1.07
0.100	0.700	0.100	0.100
0.700	0.100	0.100	0.100
0.100	0.100	0.100	0.700
0.100	0.100	0.100	0.700
0.100	0.700	0.100	0.100
0.700	0.100	0.100	0.100
0.100	0.100	0.700	0.100
0.700	0.100	0.100	0.100
>GTGACTCA	3-GTGACTCA	7.082253	-52.276323	0	T:407.0(19.32%),B:5477.9(11.80%),P:1e-22	Tpos:289.4,Tstd:293.4,Bpos:223.9,Bstd:136.3,StrandBias:-0.0,Multiplicity:1.22
0.161	0.082	0.756	0.001
0.001	0.001	0.001	0.997
0.040	0.046	0.906	0.008
0.977	0.001	0.001	0.021
0.038	0.758	0.157	0.047
0.021	0.001	0.026	0.952
0.045	0.895	0.041	0.019
0.955	0.001	0.043	0.001
>WAGTAKAD	4-WAGTAKAD	5.209305	-51.490210	0	T:126.0(5.98%),B:1013.8(2.18%),P:1e-22	Tpos:274.6,Tstd:353.1,Bpos:220.4,Bstd:148.1,StrandBias:-0.2,Multiplicity:1.50
0.296	0.088	0.229	0.386
0.744	0.041	0.158	0.057
0.151	0.142	0.556	0.151
0.173	0.151	0.172	0.504
0.662	0.123	0.072	0.143
0.247	0.042	0.412	0.299
0.485	0.180	0.183	0.152
0.283	0.157	0.218	0.342
>TGCGGTTT	5-TGCGGTTT	5.833034	-47.359132	0	T:538.0(25.53%),B:8054.6(17.34%),P:1e-20	Tpos:302.8,Tstd:340.4,Bpos:222.7,Bstd:149.0,StrandBias:-0.1,Multiplicity:1.19
0.069	0.186	0.125	0.620
0.038	0.267	0.482	0.213
0.001	0.885	0.018	0.096
0.014	0.140	0.810	0.036
0.235	0.087	0.507	0.171
0.072	0.181	0.193	0.554
0.015	0.025	0.011	0.949
0.118	0.001	0.040	0.841
>GAGATAGT	6-GAGATAGT	10.137918	-45.141441	0	T:84.0(3.99%),B:563.7(1.21%),P:1e-19	Tpos:227.1,Tstd:151.5,Bpos:220.1,Bstd:135.1,StrandBias:0.3,Multiplicity:1.26
0.001	0.001	0.997	0.001
0.604	0.001	0.001	0.394
0.001	0.001	0.997	0.001
0.997	0.001	0.001	0.001
0.001	0.001	0.001	0.997
0.997	0.001	0.001	0.001
0.001	0.001	0.997	0.001
0.001	0.001	0.001	0.997
>TAGAATAA	7-TAGAATAA	10.894969	-44.591958	0	T:80.0(3.80%),B:522.4(1.12%),P:1e-19	Tpos:275.3,Tstd:374.9,Bpos:228.4,Bstd:144.6,StrandBias:0.2,Multiplicity:1.03
0.001	0.001	0.001	0.997
0.997	0.001	0.001	0.001
0.001	0.001	0.997	0.001
0.997	0.001	0.001	0.001
0.840	0.158	0.001	0.001
0.001	0.001	0.001	0.997
0.997	0.001	0.001	0.001
0.997	0.001	0.001	0.001
>TCAATCCG	8-TCAATCCG	5.828161	-43.926810	0	T:390.0(18.51%),B:5437.0(11.71%),P:1e-19	Tpos:282.2,Tstd:285.4,Bpos:221.2,Bstd:145.1,StrandBias:-0.1,Multiplicity:1.17
0.191	0.058	0.037	0.714
0.149	0.733	0.053	0.065
0.734	0.120	0.047	0.099
0.612	0.090	0.091	0.207
0.134	0.102	0.098	0.666
0.018	0.831	0.053	0.098
0.008	0.917	0.052	0.023
0.022	0.129	0.799	0.050
>CCCATATA	9-CCCATATA	8.316753	-43.435601	0	T:103.0(4.89%),B:814.5(1.75%),P:1e-18	Tpos:315.8,Tstd:369.3,Bpos:225.2,Bstd:127.3,StrandBias:-0.3,Multiplicity:1.14
0.001	0.997	0.001	0.001
0.001	0.909	0.089	0.001
0.001	0.997	0.001	0.001
0.985	0.001	0.013	0.001
0.001	0.001	0.001	0.997
0.997	0.001	0.001	0.001
0.001	0.275	0.001	0.723
0.997	0.001	0.001	0.001
>RTATGGSA	10-RTATGGSA	8.460279	-43.282643	0	T:55.0(2.61%),B:268.5(0.58%),P:1e-18	Tpos:206.2,Tstd:115.0,Bpos:222.9,Bstd:125.1,StrandBias:0.1,Multiplicity:1.00
0.481	0.001	0.498	0.020
0.001	0.001	0.001	0.997
0.780	0.218	0.001	0.001
0.001	0.001	0.001	0.997
0.001	0.023	0.975	0.001
0.001	0.242	0.756	0.001
0.105	0.487	0.403	0.004
0.520	0.001	0.238	0.241
>AGTATTGT	11-AGTATTGT	8.236954	-42.982482	0	T:59.0(2.80%),B:309.8(0.67%),P:1e-18	Tpos:208.2,Tstd:146.6,Bpos:213.4,Bstd:136.2,StrandBias:-0.1,Multiplicity:1.14
0.700	0.100	0.100	0.100
0.100	0.100	0.700	0.100
0.100	0.100	0.100	0.700
0.700	0.100	0.100	0.100
0.100	0.100	0.100	0.700
0.100	0.100	0.100	0.700
0.100	0.100	0.700	0.100
0.100	0.100	0.100	0.700
>TGCATTAC	12-TGCATTAC	8.081303	-40.654840	0	T:130.0(6.17%),B:1218.9(2.62%),P:1e-17	Tpos:244.9,Tstd:167.0,Bpos:223.6,Bstd:136.2,StrandBias:0.1,Multiplicity:1.75
0.001	0.001	0.218	0.780
0.194	0.001	0.804	0.001
0.001	0.997	0.001	0.001
0.813	0.001	0.064	0.122
0.281	0.001	0.001	0.717
0.001	0.001	0.001	0.997
0.812	0.001	0.186	0.001
0.001	0.693	0.001	0.305
>ATAGAGTT	13-ATAGAGTT	8.236954	-39.901293	0	T:64.0(3.04%),B:384.7(0.83%),P:1e-17	Tpos:296.2,Tstd:543.7,Bpos:222.0,Bstd:139.1,StrandBias:0.1,Multiplicity:1.02
0.700	0.100	0.100	0.100
0.100	0.100	0.100	0.700
0.700	0.100	0.100	0.100
0.100	0.100	0.700	0.100
0.700	0.100	0.100	0.100
0.100	0.100	0.700	0.100
0.100	0.100	0.100	0.700
0.100	0.100	0.100	0.700
>ATGGTTTA	14-ATGGTTTA	8.236954	-39.891211	0	T:67.0(3.18%),B:417.3(0.90%),P:1e-17	Tpos:239.4,Tstd:156.2,Bpos:231.9,Bstd:136.0,StrandBias:-0.3,Multiplicity:1.00
0.700	0.100	0.100	0.100
0.100	0.100	0.100	0.700
0.100	0.100	0.700	0.100
0.100	0.100	0.700	0.100
0.100	0.100	0.100	0.700
0.100	0.100	0.100	0.700
0.100	0.100	0.100	0.700
0.700	0.100	0.100	0.100
>AGCTRACC	15-AGCTRACC	7.817741	-39.317277	0	T:158.0(7.50%),B:1652.8(3.56%),P:1e-17	Tpos:278.3,Tstd:326.6,Bpos:222.8,Bstd:137.2,StrandBias:0.1,Multiplicity:1.05
0.843	0.021	0.135	0.001
0.001	0.217	0.781	0.001
0.001	0.726	0.116	0.157
0.001	0.353	0.076	0.570
0.467	0.001	0.531	0.001
0.829	0.001	0.001	0.169
0.001	0.656	0.001	0.342
0.052	0.778	0.169	0.001
>TAACGATA	16-TAACGATA	4.063518	-39.185839	0	T:957.0(45.42%),B:16887.3(36.36%),P:1e-17	Tpos:290.1,Tstd:382.1,Bpos:226.0,Bstd:147.5,StrandBias:-0.0,Multiplicity:1.47
0.085	0.094	0.241	0.580
0.606	0.200	0.086	0.108
0.770	0.220	0.009	0.001
0.001	0.992	0.001	0.006
0.001	0.001	0.975	0.023
0.478	0.307	0.001	0.214
0.138	0.130	0.017	0.715
0.859	0.095	0.006	0.040
>GCTTAGCT	17-GCTTAGCT	9.471196	-35.411274	0	T:100.0(4.75%),B:879.4(1.89%),P:1e-15	Tpos:215.1,Tstd:132.3,Bpos:223.1,Bstd:133.1,StrandBias:0.3,Multiplicity:1.01
0.001	0.001	0.997	0.001
0.001	0.717	0.281	0.001
0.001	0.001	0.001	0.997
0.407	0.001	0.001	0.591
0.997	0.001	0.001	0.001
0.001	0.001	0.997	0.001
0.001	0.997	0.001	0.001
0.309	0.001	0.001	0.689
>CTGAATAG	18-CTGAATAG	8.236954	-34.796088	0	T:60.0(2.85%),B:383.7(0.83%),P:1e-15	Tpos:248.4,Tstd:192.0,Bpos:220.4,Bstd:138.3,StrandBias:-0.0,Multiplicity:1.00
0.100	0.700	0.100	0.100
0.100	0.100	0.100	0.700
0.100	0.100	0.700	0.100
0.700	0.100	0.100	0.100
0.700	0.100	0.100	0.100
0.100	0.100	0.100	0.700
0.700	0.100	0.100	0.100
0.100	0.100	0.700	0.100
>GAGATTTA	19-GAGATTTA	9.005754	-34.162484	0	T:110.0(5.22%),B:1037.4(2.23%),P:1e-14	Tpos:232.2,Tstd:156.5,Bpos:219.2,Bstd:140.9,StrandBias:-0.1,Multiplicity:1.01
0.001	0.001	0.997	0.001
0.997	0.001	0.001	0.001
0.001	0.001	0.997	0.001
0.997	0.001	0.001	0.001
0.001	0.001	0.001	0.997
0.001	0.001	0.001	0.997
0.001	0.001	0.001	0.997
0.871	0.127	0.001	0.001
>AACGRCCT	20-AACGRCCT	7.538426	-33.056367	0	T:442.0(20.98%),B:6813.0(14.67%),P:1e-14	Tpos:301.8,Tstd:313.2,Bpos:225.7,Bstd:140.7,StrandBias:-0.1,Multiplicity:1.21
0.885	0.113	0.001	0.001
0.984	0.007	0.008	0.001
0.379	0.619	0.001	0.001
0.001	0.001	0.617	0.381
0.372	0.188	0.227	0.214
0.001	0.750	0.248	0.001
0.001	0.997	0.001	0.001
0.001	0.001	0.005	0.993
>ATTGCCTC	21-ATTGCCTC	8.236954	-27.411729	0	T:60.0(2.85%),B:457.9(0.99%),P:1e-11	Tpos:198.7,Tstd:128.6,Bpos:226.4,Bstd:131.9,StrandBias:0.2,Multiplicity:1.00
0.700	0.100	0.100	0.100
0.100	0.100	0.100	0.700
0.100	0.100	0.100	0.700
0.100	0.100	0.700	0.100
0.100	0.700	0.100	0.100
0.100	0.700	0.100	0.100
0.100	0.100	0.100	0.700
0.100	0.700	0.100	0.100
>AACGTRAG	22-AACGTRAG	7.234281	-26.865998	0	T:131.0(6.22%),B:1491.8(3.21%),P:1e-11	Tpos:254.2,Tstd:207.9,Bpos:234.1,Bstd:152.0,StrandBias:0.1,Multiplicity:1.02
0.997	0.001	0.001	0.001
0.841	0.001	0.001	0.157
0.063	0.935	0.001	0.001
0.001	0.001	0.997	0.001
0.001	0.001	0.001	0.997
0.516	0.001	0.482	0.001
0.783	0.164	0.001	0.052
0.001	0.001	0.997	0.001
>GGGTGGGG	23-GGGTGGGG	7.435395	-25.332366	0	T:885.0(42.00%),B:16218.9(34.92%),P:1e-11	Tpos:276.1,Tstd:254.4,Bpos:213.6,Bstd:137.8,StrandBias:0.0,Multiplicity:2.01
0.001	0.001	0.965	0.033
0.001	0.001	0.950	0.048
0.001	0.001	0.997	0.001
0.001	0.198	0.001	0.800
0.001	0.030	0.905	0.064
0.001	0.001	0.927	0.071
0.178	0.001	0.820	0.001
0.041	0.001	0.957	0.001
>AGAAATCA	24-AGAAATCA	8.236954	-21.706677	0	T:95.0(4.51%),B:1041.1(2.24%),P:1e-9	Tpos:212.3,Tstd:135.7,Bpos:216.8,Bstd:142.9,StrandBias:0.2,Multiplicity:1.03
0.700	0.100	0.100	0.100
0.100	0.100	0.700	0.100
0.700	0.100	0.100	0.100
0.700	0.100	0.100	0.100
0.700	0.100	0.100	0.100
0.100	0.100	0.100	0.700
0.100	0.700	0.100	0.100
0.700	0.100	0.100	0.100
>TATGGCGA	25-TATGGCGA	8.236954	-7.220892	0	T:12.0(0.57%),B:86.8(0.19%),P:1e-3	Tpos:448.6,Tstd:499.0,Bpos:219.7,Bstd:155.3,StrandBias:1.4,Multiplicity:2.67
0.100	0.100	0.100	0.700
0.700	0.100	0.100	0.100
0.100	0.100	0.100	0.700
0.100	0.100	0.700	0.100
0.100	0.100	0.700	0.100
0.100	0.700	0.100	0.100
0.100	0.100	0.700	0.100
0.700	0.100	0.100	0.100
