>TATGGCGA	1-TATGGCGA	8.236954	-13.673451	0	T:5.0(7.35%),B:119.9(0.27%),P:1e-5	Tpos:444.2,Tstd:645.8,Bpos:311.2,Bstd:252.7,StrandBias:3.7,Multiplicity:2.80
0.100	0.100	0.100	0.700
0.700	0.100	0.100	0.100
0.100	0.100	0.100	0.700
0.100	0.100	0.700	0.100
0.100	0.100	0.700	0.100
0.100	0.700	0.100	0.100
0.100	0.100	0.700	0.100
0.700	0.100	0.100	0.100
>TTCACCRT	2-TTCACCRT	7.918978	-12.562422	0	T:13.0(19.12%),B:1853.3(4.10%),P:1e-5	Tpos:542.1,Tstd:1257.3,Bpos:309.5,Bstd:205.6,StrandBias:-1.3,Multiplicity:1.08
0.001	0.212	0.001	0.786
0.001	0.109	0.001	0.889
0.150	0.848	0.001	0.001
0.804	0.001	0.109	0.086
0.001	0.997	0.001	0.001
0.001	0.624	0.374	0.001
0.443	0.001	0.555	0.001
0.044	0.001	0.255	0.700
>ACBGACTT	3-ACBGACTT	7.856666	-9.644991	0	T:20.0(29.41%),B:5263.1(11.65%),P:1e-4	Tpos:457.5,Tstd:790.7,Bpos:306.9,Bstd:190.1,StrandBias:-0.2,Multiplicity:1.47
0.997	0.001	0.001	0.001
0.001	0.997	0.001	0.001
0.001	0.301	0.321	0.377
0.001	0.001	0.788	0.210
0.926	0.001	0.072	0.001
0.001	0.997	0.001	0.001
0.001	0.001	0.001	0.997
0.001	0.001	0.145	0.853
>ATCGGTCG	4-ATCGGTCG	5.459868	-9.397258	0	T:16.0(23.53%),B:3652.9(8.09%),P:1e-4	Tpos:399.7,Tstd:823.0,Bpos:300.9,Bstd:243.8,StrandBias:-0.3,Multiplicity:1.31
0.804	0.045	0.059	0.092
0.029	0.112	0.108	0.751
0.068	0.713	0.048	0.171
0.094	0.073	0.747	0.086
0.037	0.172	0.687	0.104
0.133	0.189	0.092	0.586
0.027	0.920	0.026	0.027
0.031	0.101	0.811	0.057
>TCATTTTC	5-TCATTTTC	8.880138	-8.884656	0	T:23.0(33.82%),B:6974.2(15.44%),P:1e-3	Tpos:289.9,Tstd:301.5,Bpos:302.1,Bstd:189.4,StrandBias:-1.8,Multiplicity:2.09
0.001	0.206	0.001	0.792
0.001	0.738	0.120	0.141
0.997	0.001	0.001	0.001
0.001	0.001	0.001	0.997
0.001	0.001	0.001	0.997
0.001	0.001	0.001	0.997
0.001	0.001	0.001	0.997
0.001	0.997	0.001	0.001
>CAGCAGTT	6-CAGCAGTT	10.966182	-8.031366	0	T:9.0(13.24%),B:1452.9(3.22%),P:1e-3	Tpos:185.9,Tstd:105.2,Bpos:301.6,Bstd:182.9,StrandBias:0.0,Multiplicity:1.11
0.001	0.997	0.001	0.001
0.997	0.001	0.001	0.001
0.001	0.001	0.997	0.001
0.001	0.902	0.096	0.001
0.997	0.001	0.001	0.001
0.001	0.001	0.997	0.001
0.001	0.001	0.001	0.997
0.001	0.001	0.001	0.997
>CTACAGTG	7-CTACAGTG	8.578133	-7.999254	0	T:14.0(20.59%),B:3287.9(7.28%),P:1e-3	Tpos:266.5,Tstd:197.3,Bpos:303.7,Bstd:184.4,StrandBias:-1.6,Multiplicity:2.00
0.001	0.997	0.001	0.001
0.001	0.001	0.001	0.997
0.997	0.001	0.001	0.001
0.049	0.949	0.001	0.001
0.997	0.001	0.001	0.001
0.001	0.087	0.800	0.112
0.001	0.001	0.001	0.997
0.001	0.001	0.997	0.001
>AAATGCGA	8-AAATGCGA	8.229354	-7.309155	0	T:8.0(11.76%),B:1278.8(2.83%),P:1e-3	Tpos:1027.0,Tstd:1642.5,Bpos:317.4,Bstd:230.5,StrandBias:0.3,Multiplicity:1.12
0.851	0.001	0.147	0.001
0.997	0.001	0.001	0.001
0.809	0.189	0.001	0.001
0.153	0.001	0.001	0.845
0.001	0.186	0.812	0.001
0.104	0.894	0.001	0.001
0.001	0.001	0.997	0.001
0.789	0.001	0.001	0.209
>GACATGSA	9-GACATGSA	7.648351	-7.119045	0	T:18.0(26.47%),B:5387.5(11.93%),P:1e-3	Tpos:413.9,Tstd:822.8,Bpos:312.7,Bstd:190.2,StrandBias:1.5,Multiplicity:1.72
0.001	0.001	0.997	0.001
0.997	0.001	0.001	0.001
0.001	0.997	0.001	0.001
0.886	0.105	0.008	0.001
0.001	0.001	0.001	0.997
0.001	0.001	0.997	0.001
0.001	0.499	0.499	0.001
0.620	0.378	0.001	0.001
>TTTTCAGT	10-TTTTCAGT	8.236954	-4.316798	0	T:8.0(11.76%),B:2097.2(4.64%),P:1e-1	Tpos:303.0,Tstd:243.0,Bpos:312.3,Bstd:200.2,StrandBias:-2.4,Multiplicity:2.38
0.100	0.100	0.100	0.700
0.100	0.100	0.100	0.700
0.100	0.100	0.100	0.700
0.100	0.100	0.100	0.700
0.100	0.700	0.100	0.100
0.700	0.100	0.100	0.100
0.100	0.100	0.700	0.100
0.100	0.100	0.100	0.700
>TCSTCYTC	11-TCSTCYTC	9.836654	-2.174381	0	T:2.0(2.94%),B:383.8(0.85%),P:1e0	Tpos:311.0,Tstd:157.0,Bpos:299.1,Bstd:247.6,StrandBias:10.0,Multiplicity:1.00
0.001	0.001	0.001	0.997
0.001	0.997	0.001	0.001
0.001	0.478	0.509	0.012
0.001	0.001	0.001	0.997
0.001	0.997	0.001	0.001
0.001	0.571	0.001	0.427
0.001	0.001	0.001	0.997
0.001	0.997	0.001	0.001
>AAAAYGTG	12-AAAAYGTG	8.504517	-2.027669	0	T:7.0(10.29%),B:2824.0(6.25%),P:1e0	Tpos:241.5,Tstd:132.1,Bpos:303.0,Bstd:194.8,StrandBias:3.6,Multiplicity:1.86
0.750	0.001	0.035	0.214
0.745	0.151	0.001	0.103
0.915	0.036	0.048	0.001
0.953	0.045	0.001	0.001
0.041	0.380	0.098	0.481
0.001	0.040	0.958	0.001
0.250	0.241	0.083	0.426
0.001	0.001	0.997	0.001
>CCTCCTCC	13-CCTCCTCC	9.361199	-1.587239	0	T:12.0(17.65%),B:6120.7(13.55%),P:1e0	Tpos:353.0,Tstd:489.4,Bpos:312.0,Bstd:196.0,StrandBias:-2.9,Multiplicity:1.92
0.001	0.997	0.001	0.001
0.001	0.792	0.001	0.206
0.001	0.001	0.001	0.997
0.001	0.997	0.001	0.001
0.001	0.877	0.001	0.121
0.001	0.001	0.001	0.997
0.001	0.997	0.001	0.001
0.001	0.997	0.001	0.001
