>TGAGTCAC	1-TGAGTCAC	9.135285	-1145.224407	0	T:5083.0(13.36%),B:2428.9(6.53%),P:1e-497	Tpos:437.2,Tstd:320.6,Bpos:375.7,Bstd:216.0,StrandBias:0.1,Multiplicity:1.14
0.001	0.001	0.001	0.997
0.001	0.001	0.966	0.032
0.997	0.001	0.001	0.001
0.001	0.235	0.763	0.001
0.001	0.001	0.001	0.997
0.001	0.997	0.001	0.001
0.997	0.001	0.001	0.001
0.001	0.633	0.121	0.245
>TGAGTCAY	2-TGAGTCAY	7.407973	-1011.943329	0	T:7860.0(20.66%),B:4636.2(12.46%),P:1e-439	Tpos:449.0,Tstd:356.7,Bpos:366.3,Bstd:220.4,StrandBias:-0.0,Multiplicity:1.09
0.001	0.125	0.001	0.873
0.041	0.001	0.751	0.207
0.881	0.096	0.022	0.001
0.135	0.139	0.523	0.203
0.001	0.001	0.001	0.997
0.026	0.896	0.053	0.025
0.863	0.127	0.009	0.001
0.036	0.392	0.214	0.359
>CCTBAGGC	3-CCTBAGGC	7.124559	-979.830735	0	T:18511.0(48.66%),B:13969.6(37.53%),P:1e-425	Tpos:506.2,Tstd:361.6,Bpos:376.2,Bstd:223.4,StrandBias:0.0,Multiplicity:1.57
0.014	0.978	0.002	0.006
0.011	0.866	0.064	0.059
0.037	0.246	0.060	0.657
0.155	0.308	0.333	0.204
0.727	0.027	0.227	0.019
0.049	0.012	0.938	0.001
0.010	0.004	0.921	0.065
0.006	0.710	0.269	0.015
>RMATTCCK	4-RMATTCCK	7.723478	-568.725144	0	T:8935.0(23.49%),B:6234.2(16.75%),P:1e-246	Tpos:459.2,Tstd:367.8,Bpos:358.5,Bstd:227.3,StrandBias:0.0,Multiplicity:1.22
0.524	0.001	0.453	0.022
0.450	0.526	0.023	0.001
0.798	0.112	0.089	0.001
0.001	0.001	0.001	0.997
0.001	0.001	0.018	0.980
0.005	0.957	0.037	0.001
0.111	0.874	0.014	0.001
0.222	0.046	0.436	0.296
>GTCCCGCC	5-GTCCCGCC	8.215929	-445.795418	0	T:11283.0(29.66%),B:8579.9(23.05%),P:1e-193	Tpos:575.2,Tstd:355.3,Bpos:353.2,Bstd:214.0,StrandBias:-0.0,Multiplicity:2.02
0.360	0.001	0.638	0.001
0.001	0.345	0.001	0.653
0.251	0.723	0.001	0.025
0.359	0.639	0.001	0.001
0.001	0.997	0.001	0.001
0.001	0.001	0.997	0.001
0.001	0.997	0.001	0.001
0.001	0.997	0.001	0.001
>AGGRCGTW	6-AGGRCGTW	6.253953	-357.762379	0	T:10036.0(26.38%),B:7700.7(20.69%),P:1e-155	Tpos:510.5,Tstd:379.1,Bpos:366.2,Bstd:230.7,StrandBias:-0.0,Multiplicity:1.26
0.714	0.120	0.054	0.112
0.047	0.094	0.840	0.019
0.226	0.142	0.572	0.060
0.464	0.110	0.378	0.048
0.287	0.711	0.001	0.001
0.007	0.001	0.968	0.024
0.013	0.281	0.255	0.452
0.427	0.035	0.142	0.397
>CCGGAAGT	7-CCGGAAGT	7.230185	-279.504677	0	T:6199.0(16.30%),B:4535.6(12.19%),P:1e-121	Tpos:540.2,Tstd:362.2,Bpos:368.9,Bstd:213.0,StrandBias:-0.0,Multiplicity:1.26
0.246	0.611	0.076	0.067
0.002	0.618	0.379	0.001
0.001	0.001	0.997	0.001
0.001	0.001	0.997	0.001
0.808	0.001	0.190	0.001
0.708	0.001	0.290	0.001
0.255	0.128	0.616	0.001
0.129	0.236	0.001	0.634
>CCTAGAGG	8-CCTAGAGG	8.174503	-263.291920	0	T:9908.0(26.04%),B:7873.3(21.15%),P:1e-114	Tpos:486.9,Tstd:377.5,Bpos:372.7,Bstd:221.1,StrandBias:-0.0,Multiplicity:1.21
0.150	0.810	0.039	0.001
0.001	0.980	0.008	0.011
0.001	0.132	0.019	0.848
0.758	0.001	0.192	0.049
0.064	0.001	0.934	0.001
0.754	0.041	0.001	0.204
0.001	0.013	0.985	0.001
0.001	0.015	0.983	0.001
>NAAABCGV	9-NAAABCGV	5.462584	-245.838401	0	T:13919.0(36.59%),B:11645.1(31.29%),P:1e-106	Tpos:527.3,Tstd:407.5,Bpos:363.8,Bstd:243.9,StrandBias:-0.0,Multiplicity:1.55
0.257	0.232	0.193	0.319
0.880	0.001	0.015	0.104
0.779	0.017	0.203	0.001
0.590	0.266	0.005	0.139
0.121	0.264	0.380	0.235
0.001	0.997	0.001	0.001
0.005	0.001	0.928	0.066
0.240	0.334	0.249	0.176
>NAWTCCGG	10-NAWTCCGG	5.806916	-233.784123	0	T:10993.0(28.90%),B:8969.2(24.10%),P:1e-101	Tpos:547.3,Tstd:381.7,Bpos:378.4,Bstd:233.1,StrandBias:-0.0,Multiplicity:1.37
0.200	0.246	0.317	0.237
0.447	0.178	0.206	0.168
0.304	0.159	0.110	0.427
0.192	0.187	0.037	0.584
0.010	0.948	0.017	0.025
0.001	0.956	0.042	0.001
0.102	0.111	0.747	0.040
0.160	0.076	0.755	0.009
>AAGAACGY	11-AAGAACGY	5.765450	-224.959359	0	T:10157.0(26.70%),B:8234.3(22.12%),P:1e-97	Tpos:492.4,Tstd:390.6,Bpos:370.6,Bstd:233.7,StrandBias:-0.1,Multiplicity:1.22
0.717	0.023	0.200	0.060
0.643	0.141	0.215	0.001
0.001	0.072	0.592	0.335
0.669	0.129	0.136	0.066
0.734	0.086	0.104	0.076
0.001	0.852	0.001	0.146
0.001	0.002	0.926	0.071
0.046	0.458	0.074	0.422
>TCCGCGCA	12-TCCGCGCA	6.554127	-173.942629	0	T:7590.0(19.95%),B:6088.3(16.36%),P:1e-75	Tpos:573.6,Tstd:377.2,Bpos:380.1,Bstd:231.6,StrandBias:0.0,Multiplicity:1.40
0.127	0.079	0.072	0.722
0.061	0.800	0.069	0.070
0.089	0.697	0.043	0.171
0.031	0.120	0.802	0.047
0.040	0.847	0.064	0.049
0.077	0.088	0.718	0.117
0.113	0.766	0.058	0.063
0.651	0.148	0.047	0.154
>GGGTGGGG	13-GGGTGGGG	10.376206	-156.505634	0	T:8268.0(21.73%),B:6772.9(18.20%),P:1e-67	Tpos:523.2,Tstd:408.3,Bpos:367.8,Bstd:222.1,StrandBias:0.0,Multiplicity:1.48
0.001	0.001	0.997	0.001
0.001	0.001	0.997	0.001
0.001	0.001	0.997	0.001
0.001	0.001	0.272	0.726
0.001	0.001	0.997	0.001
0.001	0.055	0.815	0.129
0.158	0.001	0.840	0.001
0.001	0.001	0.997	0.001
>AAARSCCG	14-AAARSCCG	6.563656	-149.727761	0	T:3831.0(10.07%),B:2843.3(7.64%),P:1e-65	Tpos:534.3,Tstd:419.5,Bpos:368.0,Bstd:243.0,StrandBias:0.0,Multiplicity:1.09
0.641	0.027	0.127	0.205
0.673	0.174	0.152	0.001
0.782	0.001	0.193	0.024
0.429	0.009	0.351	0.210
0.001	0.332	0.474	0.193
0.001	0.535	0.136	0.328
0.001	0.997	0.001	0.001
0.001	0.001	0.726	0.272
>CAGGGGGC	15-CAGGGGGC	8.236954	-147.305745	0	T:2753.0(7.24%),B:1935.5(5.20%),P:1e-63	Tpos:516.2,Tstd:395.3,Bpos:372.1,Bstd:216.6,StrandBias:-0.0,Multiplicity:1.05
0.100	0.700	0.100	0.100
0.700	0.100	0.100	0.100
0.100	0.100	0.700	0.100
0.100	0.100	0.700	0.100
0.100	0.100	0.700	0.100
0.100	0.100	0.700	0.100
0.100	0.100	0.700	0.100
0.100	0.700	0.100	0.100
>TGGAATTC	16-TGGAATTC	8.181746	-143.044724	0	T:4825.0(12.68%),B:3729.3(10.02%),P:1e-62	Tpos:445.4,Tstd:371.7,Bpos:361.2,Bstd:231.5,StrandBias:-0.1,Multiplicity:1.15
0.001	0.001	0.097	0.901
0.132	0.001	0.692	0.175
0.001	0.001	0.997	0.001
0.997	0.001	0.001	0.001
0.997	0.001	0.001	0.001
0.001	0.001	0.001	0.997
0.001	0.001	0.001	0.997
0.001	0.825	0.001	0.173
>TKMABCGV	17-TKMABCGV	5.831911	-139.250623	0	T:5730.0(15.06%),B:4545.7(12.21%),P:1e-60	Tpos:543.7,Tstd:392.5,Bpos:379.7,Bstd:237.5,StrandBias:0.0,Multiplicity:1.20
0.289	0.035	0.114	0.562
0.001	0.227	0.442	0.330
0.478	0.379	0.142	0.001
0.596	0.347	0.056	0.001
0.117	0.260	0.366	0.258
0.013	0.985	0.001	0.001
0.001	0.001	0.997	0.001
0.357	0.293	0.274	0.076
>GCGTGAAA	18-GCGTGAAA	7.784312	-136.271982	0	T:2537.0(6.67%),B:1781.1(4.79%),P:1e-59	Tpos:471.3,Tstd:393.1,Bpos:367.5,Bstd:229.1,StrandBias:0.1,Multiplicity:1.08
0.032	0.084	0.883	0.001
0.001	0.722	0.001	0.276
0.001	0.035	0.898	0.066
0.046	0.001	0.015	0.938
0.013	0.009	0.944	0.034
0.794	0.024	0.167	0.015
0.975	0.001	0.001	0.023
0.982	0.016	0.001	0.001
>CGCARTTT	19-CGCARTTT	5.748704	-126.540913	0	T:7149.0(18.79%),B:5877.5(15.79%),P:1e-54	Tpos:530.9,Tstd:397.3,Bpos:363.6,Bstd:239.6,StrandBias:0.0,Multiplicity:1.20
0.001	0.997	0.001	0.001
0.001	0.001	0.997	0.001
0.224	0.774	0.001	0.001
0.890	0.001	0.001	0.108
0.435	0.001	0.563	0.001
0.001	0.001	0.253	0.745
0.001	0.076	0.001	0.922
0.162	0.001	0.001	0.836
>CATTCAGA	20-CATTCAGA	8.236954	-96.328909	0	T:1463.0(3.85%),B:986.2(2.65%),P:1e-41	Tpos:433.4,Tstd:339.7,Bpos:366.7,Bstd:219.0,StrandBias:-0.1,Multiplicity:1.09
0.100	0.700	0.100	0.100
0.700	0.100	0.100	0.100
0.100	0.100	0.100	0.700
0.100	0.100	0.100	0.700
0.100	0.700	0.100	0.100
0.700	0.100	0.100	0.100
0.100	0.100	0.700	0.100
0.700	0.100	0.100	0.100
>CTTAAAAG	21-CTTAAAAG	7.375576	-89.991080	0	T:2634.0(6.92%),B:1988.9(5.34%),P:1e-39	Tpos:452.7,Tstd:363.1,Bpos:367.3,Bstd:236.6,StrandBias:-0.1,Multiplicity:1.12
0.001	0.997	0.001	0.001
0.001	0.001	0.039	0.959
0.001	0.001	0.001	0.997
0.997	0.001	0.001	0.001
0.636	0.001	0.362	0.001
0.997	0.001	0.001	0.001
0.997	0.001	0.001	0.001
0.001	0.001	0.997	0.001
>MGCTYCCT	22-MGCTYCCT	8.466771	-73.972518	0	T:6886.0(18.10%),B:5895.0(15.84%),P:1e-32	Tpos:508.5,Tstd:389.4,Bpos:370.1,Bstd:225.4,StrandBias:0.0,Multiplicity:1.15
0.504	0.494	0.001	0.001
0.261	0.001	0.737	0.001
0.001	0.888	0.110	0.001
0.107	0.002	0.001	0.890
0.001	0.527	0.001	0.471
0.001	0.997	0.001	0.001
0.001	0.811	0.187	0.001
0.279	0.001	0.058	0.662
>TTGCATTA	23-TTGCATTA	8.236954	-70.410636	0	T:634.0(1.67%),B:378.9(1.02%),P:1e-30	Tpos:422.8,Tstd:307.1,Bpos:374.1,Bstd:243.1,StrandBias:0.1,Multiplicity:1.01
0.100	0.100	0.100	0.700
0.100	0.100	0.100	0.700
0.100	0.100	0.700	0.100
0.100	0.700	0.100	0.100
0.700	0.100	0.100	0.100
0.100	0.100	0.100	0.700
0.100	0.100	0.100	0.700
0.700	0.100	0.100	0.100
>ATAGCTAA	24-ATAGCTAA	8.236954	-57.691957	0	T:659.0(1.73%),B:418.5(1.12%),P:1e-25	Tpos:423.1,Tstd:347.5,Bpos:380.3,Bstd:221.9,StrandBias:0.1,Multiplicity:1.06
0.700	0.100	0.100	0.100
0.100	0.100	0.100	0.700
0.700	0.100	0.100	0.100
0.100	0.100	0.700	0.100
0.100	0.700	0.100	0.100
0.100	0.100	0.100	0.700
0.700	0.100	0.100	0.100
0.700	0.100	0.100	0.100
>CCCCCCCC	25-CCCCCCCC	8.236954	-20.491774	0	T:3766.0(9.90%),B:3354.1(9.01%),P:1e-8	Tpos:507.8,Tstd:413.2,Bpos:371.7,Bstd:228.7,StrandBias:0.0,Multiplicity:1.12
0.100	0.700	0.100	0.100
0.100	0.700	0.100	0.100
0.100	0.700	0.100	0.100
0.100	0.700	0.100	0.100
0.100	0.700	0.100	0.100
0.100	0.700	0.100	0.100
0.100	0.700	0.100	0.100
0.100	0.700	0.100	0.100
