>CCTBAGGC	1-CCTBAGGC	7.241962	-236.963949	0	T:5797.0(26.78%),B:5777.0(20.65%),P:1e-102	Tpos:401.6,Tstd:291.3,Bpos:289.7,Bstd:170.1,StrandBias:-0.0,Multiplicity:1.26
0.059	0.884	0.030	0.027
0.012	0.834	0.087	0.067
0.009	0.238	0.069	0.684
0.153	0.281	0.223	0.343
0.711	0.086	0.173	0.030
0.056	0.043	0.900	0.001
0.021	0.050	0.834	0.095
0.004	0.810	0.153	0.033
>AGGAATKY	2-AGGAATKY	7.717608	-166.931468	0	T:4537.0(20.96%),B:4553.0(16.27%),P:1e-72	Tpos:361.4,Tstd:299.5,Bpos:284.1,Bstd:176.0,StrandBias:0.0,Multiplicity:1.22
0.559	0.216	0.001	0.224
0.001	0.001	0.997	0.001
0.001	0.001	0.997	0.001
0.997	0.001	0.001	0.001
0.997	0.001	0.001	0.001
0.072	0.001	0.001	0.926
0.044	0.179	0.403	0.374
0.056	0.464	0.041	0.439
>TCCGCCCT	3-TCCGCCCT	7.136233	-165.066953	0	T:6883.0(31.80%),B:7363.1(26.32%),P:1e-71	Tpos:416.8,Tstd:291.1,Bpos:276.7,Bstd:168.9,StrandBias:-0.0,Multiplicity:1.53
0.043	0.127	0.001	0.829
0.001	0.930	0.057	0.012
0.034	0.938	0.027	0.001
0.063	0.001	0.935	0.001
0.074	0.884	0.041	0.001
0.023	0.881	0.023	0.073
0.028	0.871	0.001	0.100
0.095	0.098	0.001	0.806
>TGAGTCAC	4-TGAGTCAC	9.124966	-159.833083	0	T:1552.0(7.17%),B:1253.4(4.48%),P:1e-69	Tpos:369.2,Tstd:278.9,Bpos:284.9,Bstd:165.9,StrandBias:0.0,Multiplicity:1.09
0.001	0.001	0.001	0.997
0.001	0.001	0.962	0.036
0.997	0.001	0.001	0.001
0.001	0.240	0.758	0.001
0.001	0.001	0.001	0.997
0.001	0.997	0.001	0.001
0.997	0.001	0.001	0.001
0.001	0.616	0.152	0.231
>ACCGGTTT	5-ACCGGTTT	6.019180	-135.833847	0	T:3057.0(14.12%),B:2958.4(10.57%),P:1e-58	Tpos:391.6,Tstd:321.5,Bpos:289.6,Bstd:186.2,StrandBias:-0.0,Multiplicity:1.13
0.582	0.145	0.159	0.114
0.058	0.759	0.057	0.126
0.012	0.899	0.088	0.001
0.001	0.056	0.942	0.001
0.075	0.135	0.762	0.028
0.143	0.148	0.114	0.595
0.018	0.184	0.062	0.736
0.052	0.152	0.060	0.736
>DATCCGND	6-DATCCGND	5.437006	-135.567954	0	T:6747.0(31.17%),B:7338.7(26.23%),P:1e-58	Tpos:393.6,Tstd:304.6,Bpos:292.8,Bstd:182.7,StrandBias:0.0,Multiplicity:1.28
0.365	0.001	0.287	0.347
0.437	0.230	0.187	0.146
0.192	0.078	0.203	0.527
0.001	0.997	0.001	0.001
0.001	0.997	0.001	0.001
0.001	0.026	0.972	0.001
0.260	0.313	0.202	0.226
0.353	0.089	0.219	0.339
>NGCGRVHT	7-NGCGRVHT	4.166512	-122.437306	0	T:6690.0(30.91%),B:7336.3(26.22%),P:1e-53	Tpos:397.5,Tstd:319.2,Bpos:292.1,Bstd:183.0,StrandBias:-0.0,Multiplicity:1.29
0.327	0.199	0.217	0.257
0.214	0.001	0.474	0.311
0.204	0.695	0.100	0.001
0.001	0.274	0.669	0.056
0.397	0.062	0.475	0.066
0.394	0.302	0.303	0.001
0.296	0.220	0.157	0.327
0.215	0.147	0.160	0.478
>NBCGVWHH	8-NBCGVWHH	4.037952	-122.287654	0	T:4917.0(22.72%),B:5187.1(18.54%),P:1e-53	Tpos:388.5,Tstd:314.9,Bpos:287.4,Bstd:184.9,StrandBias:0.0,Multiplicity:1.20
0.238	0.226	0.240	0.296
0.178	0.223	0.336	0.263
0.132	0.866	0.001	0.001
0.088	0.001	0.902	0.009
0.404	0.280	0.315	0.001
0.274	0.210	0.114	0.402
0.277	0.301	0.065	0.356
0.216	0.241	0.185	0.358
>DATTCCSG	9-DATTCCSG	6.064202	-118.393772	0	T:5780.0(26.71%),B:6247.0(22.33%),P:1e-51	Tpos:405.3,Tstd:301.7,Bpos:284.3,Bstd:177.9,StrandBias:-0.0,Multiplicity:1.35
0.359	0.100	0.260	0.282
0.383	0.203	0.196	0.218
0.269	0.175	0.001	0.555
0.001	0.302	0.036	0.661
0.001	0.639	0.001	0.359
0.001	0.993	0.005	0.001
0.001	0.499	0.499	0.001
0.001	0.001	0.997	0.001
>CCCCGCCT	10-CCCCGCCT	7.726506	-96.375141	0	T:5227.0(24.15%),B:5692.0(20.34%),P:1e-41	Tpos:410.3,Tstd:299.0,Bpos:283.1,Bstd:174.3,StrandBias:-0.0,Multiplicity:1.33
0.051	0.683	0.265	0.001
0.164	0.834	0.001	0.001
0.001	0.997	0.001	0.001
0.001	0.997	0.001	0.001
0.001	0.001	0.997	0.001
0.001	0.893	0.001	0.105
0.001	0.997	0.001	0.001
0.076	0.001	0.001	0.922
>RKAACGCH	11-RKAACGCH	5.189352	-93.517181	0	T:8267.0(38.20%),B:9468.9(33.84%),P:1e-40	Tpos:405.9,Tstd:306.7,Bpos:283.6,Bstd:179.2,StrandBias:0.0,Multiplicity:1.54
0.365	0.126	0.364	0.145
0.194	0.176	0.276	0.354
0.530	0.293	0.087	0.090
0.445	0.245	0.140	0.171
0.022	0.947	0.016	0.015
0.030	0.018	0.942	0.010
0.019	0.936	0.022	0.023
0.231	0.355	0.204	0.210
>AAGCCTCG	12-AAGCCTCG	6.392262	-91.989432	0	T:6327.0(29.23%),B:7062.0(25.24%),P:1e-39	Tpos:407.6,Tstd:308.9,Bpos:284.5,Bstd:177.9,StrandBias:0.0,Multiplicity:1.32
0.600	0.107	0.185	0.108
0.746	0.001	0.176	0.077
0.164	0.001	0.817	0.018
0.001	0.752	0.246	0.001
0.140	0.717	0.001	0.142
0.283	0.073	0.001	0.643
0.001	0.997	0.001	0.001
0.001	0.026	0.910	0.063
>ARCGTSCT	13-ARCGTSCT	5.798945	-77.351707	0	T:5076.0(23.45%),B:5617.6(20.08%),P:1e-33	Tpos:397.3,Tstd:313.5,Bpos:288.5,Bstd:182.8,StrandBias:0.0,Multiplicity:1.23
0.518	0.189	0.052	0.241
0.439	0.001	0.464	0.096
0.001	0.997	0.001	0.001
0.001	0.001	0.758	0.240
0.260	0.070	0.183	0.487
0.001	0.553	0.445	0.001
0.001	0.609	0.030	0.360
0.169	0.217	0.130	0.484
>AGGTGTGA	14-AGGTGTGA	8.537474	-64.819498	0	T:2081.0(9.62%),B:2111.2(7.55%),P:1e-28	Tpos:367.0,Tstd:306.7,Bpos:278.7,Bstd:170.0,StrandBias:-0.1,Multiplicity:1.09
0.804	0.001	0.194	0.001
0.210	0.189	0.600	0.001
0.001	0.001	0.997	0.001
0.001	0.001	0.001	0.997
0.001	0.001	0.997	0.001
0.001	0.001	0.001	0.997
0.054	0.001	0.679	0.266
0.997	0.001	0.001	0.001
>AGGCAATT	15-AGGCAATT	7.334118	-63.696435	0	T:1759.0(8.13%),B:1746.4(6.24%),P:1e-27	Tpos:357.1,Tstd:309.0,Bpos:285.8,Bstd:176.8,StrandBias:0.0,Multiplicity:1.06
0.756	0.001	0.242	0.001
0.001	0.165	0.833	0.001
0.001	0.065	0.933	0.001
0.001	0.761	0.001	0.237
0.997	0.001	0.001	0.001
0.855	0.001	0.143	0.001
0.001	0.001	0.001	0.997
0.001	0.001	0.001	0.997
>ACAAACGC	16-ACAAACGC	7.179958	-56.895120	0	T:2468.0(11.40%),B:2601.0(9.30%),P:1e-24	Tpos:373.4,Tstd:313.9,Bpos:287.5,Bstd:179.5,StrandBias:0.0,Multiplicity:1.08
0.997	0.001	0.001	0.001
0.001	0.947	0.001	0.051
0.824	0.127	0.048	0.001
0.862	0.001	0.109	0.028
0.915	0.001	0.001	0.083
0.079	0.808	0.091	0.022
0.001	0.036	0.962	0.001
0.042	0.759	0.147	0.052
>AAGAATGT	17-AAGAATGT	6.635633	-55.717977	0	T:1012.0(4.68%),B:937.4(3.35%),P:1e-24	Tpos:350.7,Tstd:292.5,Bpos:292.6,Bstd:175.9,StrandBias:0.0,Multiplicity:1.05
0.997	0.001	0.001	0.001
0.953	0.045	0.001	0.001
0.001	0.001	0.997	0.001
0.997	0.001	0.001	0.001
0.997	0.001	0.001	0.001
0.001	0.001	0.001	0.997
0.001	0.001	0.997	0.001
0.001	0.263	0.001	0.735
>CACGTTTC	18-CACGTTTC	7.313262	-51.765487	0	T:1756.0(8.11%),B:1793.7(6.41%),P:1e-22	Tpos:378.1,Tstd:306.9,Bpos:290.3,Bstd:184.4,StrandBias:0.2,Multiplicity:1.06
0.327	0.574	0.082	0.017
0.868	0.073	0.001	0.058
0.021	0.895	0.083	0.001
0.001	0.256	0.693	0.050
0.121	0.001	0.201	0.677
0.001	0.350	0.014	0.635
0.022	0.044	0.001	0.933
0.022	0.622	0.164	0.192
>MCCTGGBG	19-MCCTGGBG	7.356988	-46.792581	0	T:8417.0(38.89%),B:10024.4(35.83%),P:1e-20	Tpos:381.6,Tstd:299.9,Bpos:289.7,Bstd:171.2,StrandBias:0.0,Multiplicity:1.38
0.416	0.356	0.165	0.062
0.001	0.847	0.151	0.001
0.001	0.997	0.001	0.001
0.001	0.001	0.001	0.997
0.399	0.001	0.599	0.001
0.001	0.365	0.633	0.001
0.001	0.377	0.257	0.366
0.001	0.001	0.997	0.001
>AGGAAGTA	20-AGGAAGTA	7.410868	-46.128192	0	T:2528.0(11.68%),B:2730.7(9.76%),P:1e-20	Tpos:354.6,Tstd:292.9,Bpos:279.4,Bstd:169.3,StrandBias:0.1,Multiplicity:1.10
0.997	0.001	0.001	0.001
0.001	0.045	0.953	0.001
0.001	0.001	0.997	0.001
0.997	0.001	0.001	0.001
0.997	0.001	0.001	0.001
0.001	0.001	0.997	0.001
0.001	0.001	0.001	0.997
0.571	0.001	0.191	0.237
>GTTAAACT	21-GTTAAACT	6.237401	-40.809519	0	T:3425.0(15.82%),B:3847.2(13.75%),P:1e-17	Tpos:360.8,Tstd:367.4,Bpos:285.8,Bstd:180.5,StrandBias:-0.0,Multiplicity:1.13
0.033	0.035	0.851	0.081
0.116	0.161	0.001	0.722
0.001	0.031	0.044	0.924
0.959	0.001	0.039	0.001
0.841	0.111	0.001	0.047
0.916	0.082	0.001	0.001
0.051	0.921	0.027	0.001
0.001	0.046	0.001	0.952
>GCAAGCTT	22-GCAAGCTT	8.217384	-40.685772	0	T:1850.0(8.55%),B:1958.0(7.00%),P:1e-17	Tpos:368.8,Tstd:310.1,Bpos:289.5,Bstd:175.1,StrandBias:-0.0,Multiplicity:1.05
0.001	0.001	0.997	0.001
0.123	0.709	0.167	0.001
0.903	0.001	0.095	0.001
0.997	0.001	0.001	0.001
0.001	0.001	0.997	0.001
0.001	0.852	0.001	0.146
0.001	0.001	0.001	0.997
0.001	0.001	0.001	0.997
>TACAATAC	23-TACAATAC	9.992908	-27.360802	0	T:274.0(1.27%),B:225.7(0.81%),P:1e-11	Tpos:320.4,Tstd:295.0,Bpos:304.3,Bstd:178.4,StrandBias:0.1,Multiplicity:1.09
0.001	0.001	0.001	0.997
0.871	0.001	0.127	0.001
0.001	0.997	0.001	0.001
0.958	0.001	0.040	0.001
0.592	0.001	0.001	0.406
0.001	0.001	0.001	0.997
0.997	0.001	0.001	0.001
0.001	0.997	0.001	0.001
>CGTTAGTC	24-CGTTAGTC	8.236954	-26.183483	0	T:91.0(0.42%),B:52.7(0.19%),P:1e-11	Tpos:331.7,Tstd:297.3,Bpos:311.6,Bstd:175.1,StrandBias:-0.5,Multiplicity:1.00
0.100	0.700	0.100	0.100
0.100	0.100	0.700	0.100
0.100	0.100	0.100	0.700
0.100	0.100	0.100	0.700
0.700	0.100	0.100	0.100
0.100	0.100	0.700	0.100
0.100	0.100	0.100	0.700
0.100	0.700	0.100	0.100
>CTGAATGT	25-CTGAATGT	8.236954	-23.517636	0	T:425.0(1.96%),B:396.6(1.42%),P:1e-10	Tpos:313.3,Tstd:276.6,Bpos:275.3,Bstd:165.7,StrandBias:-0.3,Multiplicity:1.03
0.100	0.700	0.100	0.100
0.100	0.100	0.100	0.700
0.100	0.100	0.700	0.100
0.700	0.100	0.100	0.100
0.700	0.100	0.100	0.100
0.100	0.100	0.100	0.700
0.100	0.100	0.700	0.100
0.100	0.100	0.100	0.700
