>TGATTTCC	1-TGATTTCC	6.931406	-13.241900	0	T:49.0(32.89%),B:8215.2(17.00%),P:1e-5	Tpos:407.2,Tstd:467.3,Bpos:297.2,Bstd:180.7,StrandBias:-0.4,Multiplicity:1.20
0.056	0.167	0.001	0.776
0.001	0.050	0.856	0.093
0.997	0.001	0.001	0.001
0.003	0.411	0.001	0.585
0.001	0.001	0.001	0.997
0.032	0.118	0.052	0.798
0.001	0.590	0.378	0.031
0.007	0.581	0.411	0.001
>ARCCATAC	2-ARCCATAC	6.149977	-9.779590	0	T:55.0(36.91%),B:10932.3(22.62%),P:1e-4	Tpos:747.8,Tstd:1068.6,Bpos:299.1,Bstd:176.9,StrandBias:0.5,Multiplicity:1.57
0.687	0.123	0.011	0.179
0.481	0.001	0.447	0.071
0.202	0.707	0.013	0.078
0.106	0.770	0.001	0.123
0.784	0.101	0.083	0.032
0.125	0.075	0.069	0.731
0.662	0.079	0.036	0.223
0.152	0.656	0.002	0.190
>TATGGCGA	3-TATGGCGA	8.236954	-9.606498	0	T:5.0(3.36%),B:134.2(0.28%),P:1e-4	Tpos:451.9,Tstd:546.4,Bpos:321.6,Bstd:203.9,StrandBias:1.6,Multiplicity:4.00
0.100	0.100	0.100	0.700
0.700	0.100	0.100	0.100
0.100	0.100	0.100	0.700
0.100	0.100	0.700	0.100
0.100	0.100	0.700	0.100
0.100	0.700	0.100	0.100
0.100	0.100	0.700	0.100
0.700	0.100	0.100	0.100
>TAATAATT	4-TAATAATT	8.476972	-8.449545	0	T:20.0(13.42%),B:2662.9(5.51%),P:1e-3	Tpos:836.3,Tstd:1027.3,Bpos:298.3,Bstd:184.7,StrandBias:-0.3,Multiplicity:1.45
0.001	0.341	0.001	0.657
0.797	0.201	0.001	0.001
0.601	0.207	0.191	0.001
0.001	0.001	0.001	0.997
0.689	0.001	0.001	0.309
0.997	0.001	0.001	0.001
0.001	0.001	0.324	0.674
0.026	0.001	0.001	0.972
>TTTTCAGT	5-TTTTCAGT	5.575609	-8.390223	0	T:34.0(22.82%),B:5909.3(12.23%),P:1e-3	Tpos:333.9,Tstd:255.2,Bpos:299.5,Bstd:182.1,StrandBias:-0.1,Multiplicity:1.62
0.001	0.001	0.001	0.997
0.001	0.001	0.001	0.997
0.001	0.001	0.001	0.997
0.222	0.001	0.001	0.776
0.001	0.997	0.001	0.001
0.976	0.022	0.001	0.001
0.001	0.001	0.997	0.001
0.001	0.001	0.161	0.837
>TGTAGGAC	6-TGTAGGAC	8.255912	-8.313893	0	T:9.0(6.04%),B:665.4(1.38%),P:1e-3	Tpos:637.5,Tstd:881.4,Bpos:299.2,Bstd:190.4,StrandBias:1.7,Multiplicity:2.33
0.001	0.001	0.001	0.997
0.001	0.001	0.997	0.001
0.001	0.001	0.001	0.997
0.938	0.060	0.001	0.001
0.001	0.001	0.997	0.001
0.001	0.001	0.997	0.001
0.997	0.001	0.001	0.001
0.001	0.997	0.001	0.001
>GTAGTAGT	7-GTAGTAGT	6.203050	-6.919544	0	T:40.0(26.85%),B:7987.0(16.53%),P:1e-3	Tpos:668.9,Tstd:1010.9,Bpos:299.2,Bstd:183.8,StrandBias:-0.3,Multiplicity:1.56
0.123	0.084	0.633	0.160
0.037	0.045	0.136	0.782
0.728	0.076	0.137	0.059
0.118	0.060	0.791	0.031
0.171	0.040	0.081	0.708
0.768	0.068	0.046	0.118
0.053	0.060	0.790	0.097
0.037	0.080	0.071	0.812
>AAAACGMG	8-AAAACGMG	7.112136	-6.340485	0	T:12.0(8.05%),B:1437.1(2.97%),P:1e-2	Tpos:424.5,Tstd:515.2,Bpos:303.0,Bstd:195.6,StrandBias:0.6,Multiplicity:2.00
0.833	0.001	0.001	0.165
0.597	0.001	0.135	0.267
0.728	0.153	0.001	0.118
0.578	0.420	0.001	0.001
0.001	0.598	0.001	0.400
0.001	0.001	0.997	0.001
0.320	0.437	0.001	0.242
0.378	0.001	0.620	0.001
>AAACGAGA	9-AAACGAGA	8.294021	-4.302212	0	T:17.0(11.41%),B:3057.1(6.33%),P:1e-1	Tpos:327.0,Tstd:333.5,Bpos:295.9,Bstd:186.3,StrandBias:1.3,Multiplicity:2.60
0.743	0.255	0.001	0.001
0.997	0.001	0.001	0.001
0.997	0.001	0.001	0.001
0.001	0.736	0.001	0.262
0.001	0.001	0.997	0.001
0.997	0.001	0.001	0.001
0.001	0.001	0.693	0.305
0.835	0.001	0.163	0.001
>TTCTTTCT	10-TTCTTTCT	8.236954	-0.706002	0	T:17.0(11.41%),B:5374.9(11.12%),P:1e0	Tpos:348.0,Tstd:196.8,Bpos:298.4,Bstd:181.3,StrandBias:1.6,Multiplicity:4.18
0.100	0.100	0.100	0.700
0.100	0.100	0.100	0.700
0.100	0.700	0.100	0.100
0.100	0.100	0.100	0.700
0.100	0.100	0.100	0.700
0.100	0.100	0.100	0.700
0.100	0.700	0.100	0.100
0.100	0.100	0.100	0.700
