>GCCATAAA	1-GCCATAAA	9.220204	-1084.779208	0	T:5050.0(14.34%),B:2450.4(7.16%),P:1e-471	Tpos:895.6,Tstd:1333.2,Bpos:471.5,Bstd:295.1,StrandBias:-0.0,Multiplicity:1.16
0.081	0.001	0.917	0.001
0.001	0.708	0.001	0.290
0.344	0.604	0.001	0.051
0.971	0.001	0.027	0.001
0.001	0.001	0.001	0.997
0.997	0.001	0.001	0.001
0.997	0.001	0.001	0.001
0.997	0.001	0.001	0.001
>TGAGTCAC	2-TGAGTCAC	9.172855	-1046.235345	0	T:5521.0(15.67%),B:2820.5(8.24%),P:1e-454	Tpos:957.9,Tstd:1930.4,Bpos:481.5,Bstd:283.7,StrandBias:0.0,Multiplicity:1.20
0.001	0.001	0.001	0.997
0.001	0.001	0.997	0.001
0.979	0.019	0.001	0.001
0.001	0.247	0.751	0.001
0.001	0.001	0.001	0.997
0.001	0.997	0.001	0.001
0.997	0.001	0.001	0.001
0.001	0.617	0.128	0.254
>AGGAATTC	3-AGGAATTC	8.174112	-530.308875	0	T:8738.0(24.81%),B:6124.8(17.89%),P:1e-230	Tpos:942.2,Tstd:1497.4,Bpos:481.1,Bstd:292.9,StrandBias:0.0,Multiplicity:1.40
0.603	0.100	0.061	0.236
0.001	0.001	0.997	0.001
0.001	0.001	0.997	0.001
0.997	0.001	0.001	0.001
0.997	0.001	0.001	0.001
0.001	0.001	0.071	0.927
0.001	0.001	0.338	0.660
0.001	0.708	0.001	0.290
>ACATTCMR	4-ACATTCMR	9.386602	-331.454215	0	T:5190.0(14.74%),B:3543.4(10.35%),P:1e-143	Tpos:970.1,Tstd:1649.2,Bpos:469.5,Bstd:288.7,StrandBias:-0.0,Multiplicity:1.21
0.997	0.001	0.001	0.001
0.001	0.997	0.001	0.001
0.997	0.001	0.001	0.001
0.001	0.001	0.001	0.997
0.001	0.001	0.001	0.997
0.001	0.997	0.001	0.001
0.563	0.435	0.001	0.001
0.426	0.001	0.572	0.001
>GKTGTAAA	5-GKTGTAAA	6.949529	-287.149378	0	T:7896.0(22.42%),B:5971.5(17.44%),P:1e-124	Tpos:966.5,Tstd:1692.1,Bpos:478.7,Bstd:300.0,StrandBias:0.0,Multiplicity:1.29
0.128	0.001	0.870	0.001
0.001	0.123	0.381	0.495
0.131	0.136	0.001	0.732
0.210	0.078	0.648	0.064
0.001	0.014	0.054	0.931
0.667	0.001	0.228	0.104
0.935	0.063	0.001	0.001
0.722	0.194	0.043	0.041
>CCGGAART	6-CCGGAART	6.769682	-283.677027	0	T:8665.0(24.60%),B:6662.4(19.46%),P:1e-123	Tpos:867.4,Tstd:1220.1,Bpos:482.2,Bstd:294.3,StrandBias:0.0,Multiplicity:1.48
0.132	0.506	0.115	0.247
0.134	0.681	0.184	0.001
0.001	0.001	0.997	0.001
0.001	0.001	0.997	0.001
0.973	0.025	0.001	0.001
0.997	0.001	0.001	0.001
0.328	0.075	0.398	0.200
0.200	0.112	0.221	0.467
>RYMMCGCC	7-RYMMCGCC	3.872648	-258.918888	0	T:12858.0(36.51%),B:10567.0(30.86%),P:1e-112	Tpos:838.9,Tstd:1232.6,Bpos:472.4,Bstd:287.7,StrandBias:-0.0,Multiplicity:2.35
0.496	0.001	0.502	0.001
0.001	0.508	0.001	0.490
0.497	0.496	0.001	0.006
0.504	0.494	0.001	0.001
0.001	0.997	0.001	0.001
0.003	0.001	0.995	0.001
0.001	0.997	0.001	0.001
0.001	0.997	0.001	0.001
>AGGAAGTA	8-AGGAAGTA	9.617030	-250.473297	0	T:4398.0(12.49%),B:3057.5(8.93%),P:1e-108	Tpos:961.4,Tstd:1523.9,Bpos:482.4,Bstd:294.6,StrandBias:0.0,Multiplicity:1.17
0.997	0.001	0.001	0.001
0.001	0.001	0.997	0.001
0.001	0.001	0.997	0.001
0.997	0.001	0.001	0.001
0.997	0.001	0.001	0.001
0.001	0.137	0.861	0.001
0.001	0.001	0.001	0.997
0.507	0.001	0.221	0.271
>ATCATAAA	9-ATCATAAA	9.404538	-232.056563	0	T:2877.0(8.17%),B:1852.1(5.41%),P:1e-100	Tpos:990.3,Tstd:1714.8,Bpos:479.6,Bstd:294.4,StrandBias:0.0,Multiplicity:1.12
0.899	0.099	0.001	0.001
0.001	0.272	0.001	0.726
0.168	0.830	0.001	0.001
0.924	0.001	0.074	0.001
0.001	0.001	0.001	0.997
0.997	0.001	0.001	0.001
0.997	0.001	0.001	0.001
0.997	0.001	0.001	0.001
>AACAATAG	10-AACAATAG	9.544469	-211.604353	0	T:2006.0(5.70%),B:1205.3(3.52%),P:1e-91	Tpos:935.4,Tstd:1711.3,Bpos:472.0,Bstd:295.3,StrandBias:0.2,Multiplicity:1.10
0.619	0.001	0.132	0.248
0.997	0.001	0.001	0.001
0.001	0.997	0.001	0.001
0.997	0.001	0.001	0.001
0.997	0.001	0.001	0.001
0.001	0.001	0.001	0.997
0.997	0.001	0.001	0.001
0.001	0.123	0.875	0.001
>GCCTTAGG	11-GCCTTAGG	8.217488	-203.177077	0	T:8006.0(22.73%),B:6329.5(18.49%),P:1e-88	Tpos:932.6,Tstd:1230.8,Bpos:489.3,Bstd:290.3,StrandBias:0.0,Multiplicity:1.27
0.030	0.130	0.839	0.001
0.001	0.997	0.001	0.001
0.001	0.988	0.010	0.001
0.001	0.160	0.008	0.831
0.163	0.200	0.178	0.459
0.964	0.010	0.025	0.001
0.011	0.004	0.984	0.001
0.001	0.016	0.982	0.001
>DYTTBCGS	12-DYTTBCGS	5.115162	-196.672715	0	T:5380.0(15.27%),B:4029.9(11.77%),P:1e-85	Tpos:901.3,Tstd:1364.2,Bpos:485.0,Bstd:318.4,StrandBias:-0.1,Multiplicity:1.16
0.313	0.095	0.281	0.311
0.133	0.325	0.164	0.378
0.166	0.160	0.119	0.555
0.253	0.162	0.058	0.527
0.150	0.319	0.311	0.219
0.001	0.849	0.094	0.056
0.013	0.155	0.755	0.077
0.145	0.454	0.400	0.001
>GCTTCTAA	13-GCTTCTAA	10.854891	-196.208318	0	T:1665.0(4.73%),B:969.0(2.83%),P:1e-85	Tpos:997.3,Tstd:2379.6,Bpos:488.3,Bstd:287.4,StrandBias:0.0,Multiplicity:1.08
0.001	0.001	0.997	0.001
0.001	0.807	0.191	0.001
0.001	0.001	0.001	0.997
0.001	0.001	0.001	0.997
0.001	0.997	0.001	0.001
0.001	0.001	0.001	0.997
0.997	0.001	0.001	0.001
0.997	0.001	0.001	0.001
>CGATTTGA	14-CGATTTGA	9.950252	-195.234607	0	T:456.0(1.29%),B:151.7(0.44%),P:1e-84	Tpos:880.4,Tstd:1095.2,Bpos:454.3,Bstd:315.5,StrandBias:-0.1,Multiplicity:1.00
0.001	0.997	0.001	0.001
0.001	0.001	0.997	0.001
0.756	0.242	0.001	0.001
0.001	0.222	0.001	0.776
0.001	0.001	0.001	0.997
0.025	0.001	0.001	0.973
0.001	0.001	0.997	0.001
0.567	0.269	0.163	0.001
>ACATTCGT	15-ACATTCGT	8.862047	-179.412214	0	T:2422.0(6.88%),B:1586.4(4.63%),P:1e-77	Tpos:932.1,Tstd:1609.3,Bpos:472.0,Bstd:300.7,StrandBias:-0.1,Multiplicity:1.10
0.997	0.001	0.001	0.001
0.001	0.997	0.001	0.001
0.997	0.001	0.001	0.001
0.001	0.001	0.001	0.997
0.001	0.001	0.001	0.997
0.001	0.997	0.001	0.001
0.001	0.001	0.888	0.110
0.001	0.001	0.001	0.997
>GAAAMCSG	16-GAAAMCSG	7.400360	-173.641077	0	T:5103.0(14.49%),B:3856.2(11.26%),P:1e-75	Tpos:960.5,Tstd:1476.5,Bpos:484.6,Bstd:319.6,StrandBias:0.0,Multiplicity:1.18
0.368	0.072	0.559	0.001
0.614	0.001	0.076	0.309
0.997	0.001	0.001	0.001
0.997	0.001	0.001	0.001
0.392	0.480	0.127	0.001
0.001	0.997	0.001	0.001
0.001	0.567	0.431	0.001
0.001	0.001	0.997	0.001
>ATAAGTGC	17-ATAAGTGC	9.198520	-164.241430	0	T:1478.0(4.20%),B:874.2(2.55%),P:1e-71	Tpos:1071.9,Tstd:2167.1,Bpos:476.0,Bstd:274.6,StrandBias:0.0,Multiplicity:1.05
0.997	0.001	0.001	0.001
0.001	0.001	0.001	0.997
0.997	0.001	0.001	0.001
0.844	0.001	0.154	0.001
0.001	0.001	0.997	0.001
0.001	0.001	0.001	0.997
0.001	0.001	0.997	0.001
0.001	0.997	0.001	0.001
>GGCGTTTA	18-GGCGTTTA	4.607638	-121.316568	0	T:5941.0(16.87%),B:4778.9(13.96%),P:1e-52	Tpos:1001.6,Tstd:1498.0,Bpos:479.3,Bstd:310.3,StrandBias:-0.0,Multiplicity:1.19
0.205	0.256	0.425	0.114
0.105	0.253	0.556	0.086
0.057	0.625	0.109	0.209
0.221	0.162	0.407	0.209
0.214	0.216	0.156	0.414
0.048	0.139	0.134	0.679
0.316	0.089	0.086	0.509
0.472	0.194	0.202	0.132
>CTTAGCTA	19-CTTAGCTA	8.117462	-118.591467	0	T:3029.0(8.60%),B:2230.8(6.52%),P:1e-51	Tpos:993.2,Tstd:1697.3,Bpos:486.4,Bstd:294.6,StrandBias:0.0,Multiplicity:1.16
0.119	0.478	0.216	0.187
0.116	0.186	0.001	0.697
0.001	0.001	0.001	0.997
0.881	0.019	0.099	0.001
0.138	0.001	0.860	0.001
0.188	0.736	0.001	0.075
0.311	0.075	0.001	0.613
0.997	0.001	0.001	0.001
>ACCACGTG	20-ACCACGTG	4.138228	-106.212885	0	T:4269.0(12.12%),B:3347.7(9.78%),P:1e-46	Tpos:1005.3,Tstd:1725.3,Bpos:469.4,Bstd:288.9,StrandBias:0.0,Multiplicity:1.17
0.702	0.001	0.296	0.001
0.001	0.974	0.001	0.024
0.001	0.997	0.001	0.001
0.997	0.001	0.001	0.001
0.001	0.997	0.001	0.001
0.001	0.001	0.997	0.001
0.001	0.001	0.001	0.997
0.001	0.001	0.997	0.001
>AGTAWYGC	21-AGTAWYGC	7.641149	-94.143519	0	T:1482.0(4.21%),B:1000.3(2.92%),P:1e-40	Tpos:1049.3,Tstd:1821.8,Bpos:485.7,Bstd:302.1,StrandBias:-0.0,Multiplicity:1.10
0.791	0.047	0.001	0.161
0.328	0.166	0.505	0.001
0.049	0.001	0.272	0.678
0.942	0.001	0.056	0.001
0.532	0.084	0.001	0.383
0.001	0.460	0.001	0.538
0.001	0.117	0.881	0.001
0.066	0.686	0.063	0.185
>CGCKTTAA	22-CGCKTTAA	5.617086	-82.794784	0	T:4115.0(11.68%),B:3302.0(9.64%),P:1e-35	Tpos:960.2,Tstd:1350.7,Bpos:472.1,Bstd:326.3,StrandBias:0.0,Multiplicity:1.16
0.069	0.744	0.143	0.044
0.001	0.070	0.928	0.001
0.123	0.485	0.188	0.204
0.052	0.060	0.421	0.467
0.196	0.153	0.063	0.588
0.189	0.068	0.084	0.659
0.485	0.010	0.188	0.317
0.498	0.155	0.347	0.001
>CTGAWTAG	23-CTGAWTAG	7.842861	-74.554598	0	T:2127.0(6.04%),B:1589.3(4.64%),P:1e-32	Tpos:921.5,Tstd:1600.9,Bpos:485.3,Bstd:293.2,StrandBias:-0.1,Multiplicity:1.16
0.101	0.897	0.001	0.001
0.001	0.017	0.060	0.922
0.260	0.033	0.577	0.130
0.808	0.058	0.017	0.117
0.459	0.062	0.001	0.478
0.129	0.001	0.001	0.869
0.746	0.062	0.191	0.001
0.276	0.001	0.722	0.001
>GGGTGKGG	24-GGGTGKGG	10.096509	-60.536783	0	T:3870.0(10.99%),B:3181.0(9.29%),P:1e-26	Tpos:975.7,Tstd:1316.2,Bpos:483.1,Bstd:281.3,StrandBias:-0.0,Multiplicity:1.16
0.001	0.001	0.997	0.001
0.001	0.001	0.997	0.001
0.001	0.001	0.997	0.001
0.001	0.001	0.314	0.684
0.001	0.001	0.997	0.001
0.001	0.001	0.447	0.551
0.001	0.001	0.997	0.001
0.001	0.001	0.997	0.001
>AGCGAAGT	25-AGCGAAGT	6.104577	-51.924048	0	T:6202.0(17.61%),B:5363.5(15.67%),P:1e-22	Tpos:965.2,Tstd:1525.1,Bpos:478.8,Bstd:308.6,StrandBias:-0.0,Multiplicity:1.22
0.747	0.080	0.040	0.133
0.061	0.078	0.843	0.018
0.007	0.910	0.045	0.038
0.032	0.053	0.815	0.100
0.657	0.154	0.101	0.088
0.649	0.165	0.081	0.105
0.064	0.088	0.624	0.224
0.080	0.110	0.055	0.755
