>TGAGTCAC	1-TGAGTCAC	9.484846	-787.128462	0	T:11398.0(18.20%),B:7738.1(12.65%),P:1e-341	Tpos:2560.8,Tstd:5573.3,Bpos:802.8,Bstd:476.5,StrandBias:0.0,Multiplicity:1.28
0.001	0.001	0.001	0.997
0.001	0.001	0.997	0.001
0.997	0.001	0.001	0.001
0.001	0.238	0.760	0.001
0.001	0.001	0.001	0.997
0.001	0.997	0.001	0.001
0.997	0.001	0.001	0.001
0.001	0.609	0.121	0.269
>AGAGGGCG	2-AGAGGGCG	8.236954	-454.649960	0	T:5259.0(8.40%),B:3344.8(5.47%),P:1e-197	Tpos:2855.2,Tstd:6026.9,Bpos:822.4,Bstd:486.0,StrandBias:-0.0,Multiplicity:1.15
0.700	0.100	0.100	0.100
0.100	0.100	0.700	0.100
0.700	0.100	0.100	0.100
0.100	0.100	0.700	0.100
0.100	0.100	0.700	0.100
0.100	0.100	0.700	0.100
0.100	0.700	0.100	0.100
0.100	0.100	0.700	0.100
>GCCTCRGG	3-GCCTCRGG	8.436926	-421.442559	0	T:12779.0(20.40%),B:9803.0(16.02%),P:1e-183	Tpos:2582.7,Tstd:5412.0,Bpos:832.5,Bstd:478.7,StrandBias:0.0,Multiplicity:1.34
0.027	0.204	0.757	0.012
0.028	0.944	0.007	0.021
0.013	0.901	0.022	0.064
0.021	0.176	0.112	0.691
0.076	0.558	0.314	0.052
0.500	0.109	0.353	0.038
0.085	0.062	0.852	0.001
0.013	0.033	0.943	0.011
>GCCTGGGG	4-GCCTGGGG	10.599115	-301.468109	0	T:10406.0(16.61%),B:8076.1(13.20%),P:1e-130	Tpos:2926.3,Tstd:6102.0,Bpos:825.5,Bstd:478.3,StrandBias:0.0,Multiplicity:1.31
0.001	0.001	0.997	0.001
0.001	0.997	0.001	0.001
0.001	0.997	0.001	0.001
0.001	0.001	0.001	0.997
0.132	0.001	0.747	0.120
0.001	0.001	0.997	0.001
0.164	0.001	0.834	0.001
0.001	0.001	0.997	0.001
>AGCGCCGC	5-AGCGCCGC	7.523231	-190.006916	0	T:11743.0(18.75%),B:9705.8(15.87%),P:1e-82	Tpos:2453.4,Tstd:5067.3,Bpos:836.4,Bstd:483.0,StrandBias:-0.0,Multiplicity:1.54
0.964	0.001	0.001	0.034
0.037	0.017	0.937	0.009
0.044	0.939	0.001	0.016
0.051	0.066	0.801	0.082
0.019	0.925	0.034	0.022
0.050	0.862	0.029	0.059
0.174	0.152	0.673	0.001
0.019	0.940	0.040	0.001
>SCCTWAGG	6-SCCTWAGG	9.570141	-177.939294	0	T:6078.0(9.70%),B:4677.7(7.65%),P:1e-77	Tpos:2749.5,Tstd:5876.9,Bpos:806.9,Bstd:486.2,StrandBias:0.0,Multiplicity:1.14
0.001	0.462	0.536	0.001
0.001	0.997	0.001	0.001
0.001	0.984	0.014	0.001
0.001	0.001	0.001	0.997
0.519	0.001	0.001	0.479
0.876	0.016	0.107	0.001
0.001	0.001	0.997	0.001
0.001	0.001	0.997	0.001
>CGCGCGTV	7-CGCGCGTV	6.317771	-169.626320	0	T:11176.0(17.84%),B:9281.0(15.17%),P:1e-73	Tpos:2278.0,Tstd:4454.9,Bpos:850.7,Bstd:493.0,StrandBias:-0.0,Multiplicity:2.02
0.046	0.906	0.047	0.001
0.042	0.185	0.772	0.001
0.042	0.838	0.078	0.042
0.021	0.074	0.904	0.001
0.120	0.736	0.143	0.001
0.072	0.266	0.596	0.066
0.017	0.001	0.001	0.981
0.266	0.335	0.225	0.174
>CCGCGCCC	8-CCGCGCCC	7.783819	-122.286457	0	T:11207.0(17.89%),B:9552.5(15.61%),P:1e-53	Tpos:2492.1,Tstd:4660.3,Bpos:838.3,Bstd:476.9,StrandBias:0.0,Multiplicity:1.92
0.059	0.711	0.113	0.117
0.095	0.727	0.063	0.115
0.099	0.220	0.668	0.013
0.007	0.962	0.025	0.006
0.130	0.237	0.602	0.031
0.043	0.854	0.046	0.057
0.074	0.757	0.077	0.092
0.076	0.720	0.077	0.127
>GAATTCCG	9-GAATTCCG	7.178329	-119.977437	0	T:3645.0(5.82%),B:2753.9(4.50%),P:1e-52	Tpos:2389.5,Tstd:4662.0,Bpos:817.5,Bstd:503.2,StrandBias:0.0,Multiplicity:1.10
0.139	0.123	0.666	0.072
0.646	0.228	0.071	0.055
0.665	0.177	0.080	0.078
0.103	0.072	0.071	0.754
0.038	0.071	0.106	0.785
0.021	0.858	0.089	0.032
0.032	0.861	0.075	0.032
0.082	0.050	0.766	0.102
>CCTGAGGS	10-CCTGAGGS	8.538708	-112.789122	0	T:7685.0(12.27%),B:6374.6(10.42%),P:1e-48	Tpos:2821.2,Tstd:6114.9,Bpos:818.3,Bstd:469.8,StrandBias:0.0,Multiplicity:1.22
0.001	0.943	0.036	0.020
0.001	0.986	0.012	0.001
0.125	0.019	0.098	0.758
0.142	0.102	0.578	0.178
0.547	0.327	0.067	0.059
0.115	0.021	0.804	0.060
0.024	0.056	0.899	0.021
0.022	0.451	0.484	0.044
>GCCTCCGG	11-GCCTCCGG	10.125848	-102.231844	0	T:3715.0(5.93%),B:2873.2(4.70%),P:1e-44	Tpos:2638.9,Tstd:5090.2,Bpos:844.5,Bstd:504.1,StrandBias:0.0,Multiplicity:1.13
0.021	0.052	0.926	0.001
0.027	0.913	0.026	0.034
0.076	0.833	0.023	0.068
0.038	0.001	0.020	0.941
0.010	0.936	0.001	0.053
0.001	0.812	0.001	0.186
0.160	0.027	0.812	0.001
0.001	0.066	0.932	0.001
>ACATTCCT	12-ACATTCCT	10.328812	-95.520325	0	T:5570.0(8.89%),B:4545.6(7.43%),P:1e-41	Tpos:2700.6,Tstd:6000.6,Bpos:808.3,Bstd:481.5,StrandBias:0.0,Multiplicity:1.14
0.997	0.001	0.001	0.001
0.001	0.997	0.001	0.001
0.997	0.001	0.001	0.001
0.001	0.001	0.001	0.997
0.001	0.001	0.001	0.997
0.001	0.997	0.001	0.001
0.001	0.840	0.001	0.158
0.344	0.001	0.089	0.566
>RCATTCCW	13-RCATTCCW	9.395290	-89.062747	0	T:7474.0(11.93%),B:6305.7(10.31%),P:1e-38	Tpos:2719.5,Tstd:5940.1,Bpos:804.5,Bstd:482.1,StrandBias:-0.0,Multiplicity:1.18
0.463	0.001	0.535	0.001
0.244	0.754	0.001	0.001
0.997	0.001	0.001	0.001
0.001	0.001	0.001	0.997
0.001	0.001	0.001	0.997
0.001	0.997	0.001	0.001
0.001	0.997	0.001	0.001
0.484	0.001	0.052	0.462
>TCGCAGCG	14-TCGCAGCG	7.254395	-88.408073	0	T:5183.0(8.27%),B:4230.6(6.92%),P:1e-38	Tpos:2187.2,Tstd:4252.7,Bpos:865.2,Bstd:486.7,StrandBias:-0.0,Multiplicity:1.33
0.066	0.141	0.166	0.627
0.054	0.810	0.084	0.052
0.049	0.119	0.750	0.082
0.033	0.814	0.122	0.031
0.690	0.068	0.091	0.151
0.055	0.075	0.837	0.033
0.057	0.812	0.054	0.077
0.107	0.115	0.660	0.118
>CCGCTAGG	15-CCGCTAGG	7.055462	-83.625736	0	T:7030.0(11.22%),B:5929.5(9.69%),P:1e-36	Tpos:2749.4,Tstd:5818.0,Bpos:811.8,Bstd:483.7,StrandBias:-0.0,Multiplicity:1.18
0.089	0.721	0.057	0.133
0.001	0.915	0.083	0.001
0.133	0.138	0.696	0.033
0.011	0.963	0.001	0.025
0.163	0.117	0.039	0.681
0.736	0.119	0.144	0.001
0.141	0.124	0.719	0.016
0.189	0.111	0.565	0.135
>CCCTAGGG	16-CCCTAGGG	9.357057	-76.296839	0	T:11495.0(18.35%),B:10114.0(16.53%),P:1e-33	Tpos:3077.4,Tstd:6287.2,Bpos:810.5,Bstd:475.7,StrandBias:-0.0,Multiplicity:1.44
0.001	0.997	0.001	0.001
0.001	0.895	0.055	0.049
0.001	0.997	0.001	0.001
0.001	0.331	0.001	0.667
0.863	0.090	0.001	0.046
0.115	0.001	0.883	0.001
0.001	0.001	0.921	0.077
0.001	0.143	0.855	0.001
>CCCGCAGG	17-CCCGCAGG	8.720183	-75.920345	0	T:3582.0(5.72%),B:2856.9(4.67%),P:1e-32	Tpos:2515.2,Tstd:4840.3,Bpos:861.4,Bstd:495.3,StrandBias:-0.0,Multiplicity:1.14
0.053	0.632	0.230	0.085
0.032	0.819	0.110	0.039
0.001	0.907	0.066	0.026
0.028	0.244	0.599	0.129
0.074	0.697	0.141	0.088
0.775	0.048	0.060	0.117
0.071	0.058	0.827	0.044
0.076	0.120	0.744	0.060
>ARYCCGST	18-ARYCCGST	7.087520	-70.181393	0	T:4848.0(7.74%),B:4016.7(6.57%),P:1e-30	Tpos:2796.9,Tstd:5329.8,Bpos:835.9,Bstd:509.5,StrandBias:0.0,Multiplicity:1.16
0.566	0.167	0.266	0.001
0.488	0.001	0.510	0.001
0.158	0.406	0.061	0.375
0.001	0.512	0.325	0.162
0.075	0.923	0.001	0.001
0.001	0.001	0.997	0.001
0.095	0.429	0.475	0.001
0.001	0.170	0.058	0.771
>GAAACCGG	19-GAAACCGG	6.318534	-65.976401	0	T:4941.0(7.89%),B:4122.4(6.74%),P:1e-28	Tpos:2756.0,Tstd:5681.8,Bpos:828.9,Bstd:507.6,StrandBias:-0.0,Multiplicity:1.17
0.197	0.201	0.439	0.163
0.546	0.173	0.148	0.133
0.484	0.179	0.195	0.142
0.401	0.181	0.201	0.218
0.003	0.632	0.210	0.155
0.001	0.959	0.039	0.001
0.001	0.173	0.825	0.001
0.077	0.188	0.726	0.009
>ASATTSCG	20-ASATTSCG	6.681781	-57.773805	0	T:882.0(1.41%),B:594.4(0.97%),P:1e-25	Tpos:2729.6,Tstd:6315.6,Bpos:821.3,Bstd:509.5,StrandBias:-0.1,Multiplicity:1.02
0.417	0.215	0.168	0.200
0.219	0.418	0.297	0.066
0.492	0.046	0.180	0.281
0.068	0.231	0.153	0.548
0.038	0.177	0.032	0.753
0.051	0.487	0.399	0.063
0.069	0.884	0.046	0.001
0.162	0.007	0.799	0.032
>GAATTYAS	21-GAATTYAS	8.503086	-54.253733	0	T:5706.0(9.11%),B:4889.9(7.99%),P:1e-23	Tpos:2962.8,Tstd:6437.5,Bpos:801.9,Bstd:494.0,StrandBias:-0.0,Multiplicity:1.17
0.001	0.130	0.868	0.001
0.995	0.003	0.001	0.001
0.734	0.092	0.173	0.001
0.129	0.001	0.169	0.701
0.092	0.001	0.001	0.906
0.001	0.469	0.133	0.396
0.822	0.133	0.044	0.001
0.001	0.574	0.424	0.001
>AMYTCCCG	22-AMYTCCCG	5.873842	-48.733863	0	T:8479.0(13.54%),B:7504.6(12.27%),P:1e-21	Tpos:2674.0,Tstd:5525.6,Bpos:815.5,Bstd:487.4,StrandBias:0.0,Multiplicity:1.24
0.621	0.124	0.214	0.041
0.424	0.307	0.167	0.101
0.224	0.257	0.120	0.399
0.035	0.184	0.111	0.670
0.082	0.603	0.076	0.239
0.055	0.688	0.225	0.032
0.103	0.534	0.322	0.041
0.058	0.001	0.797	0.144
>CGAGTCAG	23-CGAGTCAG	8.088410	-44.099507	0	T:4843.0(7.73%),B:4161.8(6.80%),P:1e-19	Tpos:2660.6,Tstd:5743.0,Bpos:807.3,Bstd:500.7,StrandBias:0.0,Multiplicity:1.12
0.001	0.989	0.001	0.009
0.001	0.001	0.997	0.001
0.997	0.001	0.001	0.001
0.001	0.001	0.842	0.156
0.001	0.001	0.001	0.997
0.001	0.701	0.001	0.297
0.997	0.001	0.001	0.001
0.195	0.148	0.465	0.192
>AAAAAAAA	24-AAAAAAAA	8.236954	0.000000	0	T:23769.0(37.94%),B:27041.4(44.20%),P:1e0	Tpos:3577.8,Tstd:7193.1,Bpos:796.2,Bstd:537.0,StrandBias:-0.0,Multiplicity:2.20
0.700	0.100	0.100	0.100
0.700	0.100	0.100	0.100
0.700	0.100	0.100	0.100
0.700	0.100	0.100	0.100
0.700	0.100	0.100	0.100
0.700	0.100	0.100	0.100
0.700	0.100	0.100	0.100
0.700	0.100	0.100	0.100
>GGGTGGGG	25-GGGTGGGG	10.532866	0.000000	0	T:16817.0(26.85%),B:17406.3(28.45%),P:1e0	Tpos:3173.0,Tstd:6351.8,Bpos:810.7,Bstd:487.8,StrandBias:-0.0,Multiplicity:1.99
0.001	0.001	0.997	0.001
0.001	0.001	0.997	0.001
0.001	0.001	0.997	0.001
0.001	0.001	0.001	0.997
0.001	0.028	0.970	0.001
0.001	0.067	0.716	0.216
0.161	0.001	0.837	0.001
0.001	0.001	0.997	0.001
