>GGTGTAAC	1-GGTGTAAC	8.236954	-555.285617	0	T:262.0(9.55%),B:218.6(0.47%),P:1e-241	Tpos:252.0,Tstd:524.8,Bpos:175.9,Bstd:119.1,StrandBias:0.2,Multiplicity:1.00
0.100	0.100	0.700	0.100
0.100	0.100	0.700	0.100
0.100	0.100	0.100	0.700
0.100	0.100	0.700	0.100
0.100	0.100	0.100	0.700
0.700	0.100	0.100	0.100
0.700	0.100	0.100	0.100
0.100	0.700	0.100	0.100
>ATAGTTCC	2-ATAGTTCC	8.236954	-470.283327	0	T:294.0(10.71%),B:427.3(0.92%),P:1e-204	Tpos:277.8,Tstd:993.1,Bpos:176.0,Bstd:121.3,StrandBias:0.2,Multiplicity:1.00
0.700	0.100	0.100	0.100
0.100	0.100	0.100	0.700
0.700	0.100	0.100	0.100
0.100	0.100	0.700	0.100
0.100	0.100	0.100	0.700
0.100	0.100	0.100	0.700
0.100	0.700	0.100	0.100
0.100	0.700	0.100	0.100
>ATTGTAAA	3-ATTGTAAA	10.512469	-458.679874	0	T:362.0(13.19%),B:766.1(1.65%),P:1e-199	Tpos:205.3,Tstd:185.6,Bpos:178.8,Bstd:119.1,StrandBias:0.2,Multiplicity:1.20
0.997	0.001	0.001	0.001
0.001	0.001	0.001	0.997
0.001	0.001	0.164	0.834
0.001	0.001	0.997	0.001
0.001	0.001	0.001	0.997
0.997	0.001	0.001	0.001
0.685	0.001	0.001	0.313
0.997	0.001	0.001	0.001
>CCYTAGGC	4-CCYTAGGC	9.465206	-434.619917	0	T:461.0(16.80%),B:1439.9(3.10%),P:1e-188	Tpos:211.4,Tstd:547.7,Bpos:175.0,Bstd:119.4,StrandBias:-0.0,Multiplicity:1.35
0.001	0.997	0.001	0.001
0.001	0.997	0.001	0.001
0.001	0.462	0.001	0.536
0.001	0.001	0.001	0.997
0.997	0.001	0.001	0.001
0.001	0.001	0.997	0.001
0.001	0.001	0.997	0.001
0.001	0.624	0.001	0.374
>CTATAGTY	5-CTATAGTY	8.195125	-382.202549	0	T:371.0(13.52%),B:1032.0(2.22%),P:1e-165	Tpos:253.7,Tstd:680.4,Bpos:181.4,Bstd:119.9,StrandBias:0.2,Multiplicity:1.45
0.001	0.485	0.269	0.246
0.001	0.001	0.001	0.997
0.753	0.245	0.001	0.001
0.266	0.001	0.001	0.732
0.997	0.001	0.001	0.001
0.001	0.001	0.732	0.266
0.001	0.001	0.001	0.997
0.001	0.514	0.001	0.484
>AGGAACCA	6-AGGAACCA	9.255317	-370.045120	0	T:465.0(16.95%),B:1735.0(3.74%),P:1e-160	Tpos:364.7,Tstd:1205.1,Bpos:180.4,Bstd:113.9,StrandBias:-0.2,Multiplicity:1.19
0.997	0.001	0.001	0.001
0.001	0.001	0.997	0.001
0.001	0.001	0.997	0.001
0.997	0.001	0.001	0.001
0.997	0.001	0.001	0.001
0.001	0.997	0.001	0.001
0.001	0.835	0.001	0.163
0.997	0.001	0.001	0.001
>AWWCTTAG	7-AWWCTTAG	8.487136	-362.458279	0	T:280.0(10.20%),B:568.0(1.22%),P:1e-157	Tpos:200.9,Tstd:144.2,Bpos:178.2,Bstd:119.5,StrandBias:0.2,Multiplicity:1.18
0.717	0.001	0.226	0.056
0.529	0.001	0.001	0.469
0.415	0.161	0.001	0.423
0.001	0.877	0.121	0.001
0.001	0.001	0.001	0.997
0.161	0.028	0.001	0.810
0.971	0.027	0.001	0.001
0.121	0.207	0.671	0.001
>CTAAGTAT	8-CTAAGTAT	8.236954	-331.267452	0	T:245.0(8.93%),B:465.0(1.00%),P:1e-143	Tpos:220.6,Tstd:375.8,Bpos:185.0,Bstd:116.2,StrandBias:0.2,Multiplicity:1.05
0.100	0.700	0.100	0.100
0.100	0.100	0.100	0.700
0.700	0.100	0.100	0.100
0.700	0.100	0.100	0.100
0.100	0.100	0.700	0.100
0.100	0.100	0.100	0.700
0.700	0.100	0.100	0.100
0.100	0.100	0.100	0.700
>ARGGWGTG	9-ARGGWGTG	8.033807	-329.398901	0	T:832.0(30.32%),B:5560.6(11.98%),P:1e-143	Tpos:424.9,Tstd:1458.6,Bpos:176.4,Bstd:114.4,StrandBias:0.2,Multiplicity:1.32
0.715	0.049	0.001	0.235
0.552	0.025	0.422	0.001
0.001	0.076	0.922	0.001
0.001	0.001	0.959	0.039
0.447	0.018	0.001	0.534
0.001	0.384	0.543	0.072
0.081	0.003	0.050	0.866
0.091	0.001	0.907	0.001
>TAGACTAG	10-TAGACTAG	9.940082	-284.745673	0	T:241.0(8.78%),B:553.0(1.19%),P:1e-123	Tpos:259.6,Tstd:744.0,Bpos:176.7,Bstd:119.9,StrandBias:-0.3,Multiplicity:1.04
0.001	0.001	0.001	0.997
0.997	0.001	0.001	0.001
0.001	0.264	0.610	0.125
0.593	0.001	0.013	0.393
0.001	0.997	0.001	0.001
0.001	0.001	0.015	0.983
0.997	0.001	0.001	0.001
0.081	0.002	0.901	0.016
>TCAAGGTC	11-TCAAGGTC	6.690155	-263.747938	0	T:1153.0(42.02%),B:10416.0(22.45%),P:1e-114	Tpos:366.0,Tstd:1205.2,Bpos:176.1,Bstd:115.2,StrandBias:0.1,Multiplicity:1.47
0.001	0.216	0.238	0.545
0.001	0.997	0.001	0.001
0.997	0.001	0.001	0.001
0.866	0.001	0.132	0.001
0.001	0.001	0.771	0.227
0.189	0.001	0.809	0.001
0.120	0.001	0.184	0.695
0.166	0.628	0.001	0.205
>MCTTATCT	12-MCTTATCT	8.040106	-257.652741	0	T:504.0(18.37%),B:2737.4(5.90%),P:1e-111	Tpos:283.7,Tstd:893.2,Bpos:174.9,Bstd:116.9,StrandBias:0.2,Multiplicity:1.22
0.427	0.357	0.001	0.215
0.001	0.766	0.232	0.001
0.001	0.001	0.001	0.997
0.001	0.001	0.001	0.997
0.808	0.190	0.001	0.001
0.001	0.190	0.236	0.573
0.232	0.766	0.001	0.001
0.001	0.001	0.001	0.997
>CAACTGGG	13-CAACTGGG	8.236954	-252.210942	0	T:221.0(8.05%),B:530.8(1.14%),P:1e-109	Tpos:191.2,Tstd:144.1,Bpos:172.0,Bstd:114.9,StrandBias:0.2,Multiplicity:1.34
0.100	0.700	0.100	0.100
0.700	0.100	0.100	0.100
0.700	0.100	0.100	0.100
0.100	0.700	0.100	0.100
0.100	0.100	0.100	0.700
0.100	0.100	0.700	0.100
0.100	0.100	0.700	0.100
0.100	0.100	0.700	0.100
>TAATCTCA	14-TAATCTCA	6.667785	-248.063768	0	T:1090.0(39.72%),B:9788.6(21.10%),P:1e-107	Tpos:458.2,Tstd:1568.7,Bpos:177.1,Bstd:114.9,StrandBias:0.1,Multiplicity:1.37
0.019	0.001	0.001	0.979
0.593	0.038	0.208	0.161
0.956	0.013	0.030	0.001
0.224	0.001	0.001	0.774
0.001	0.997	0.001	0.001
0.005	0.240	0.012	0.743
0.272	0.577	0.150	0.001
0.577	0.014	0.408	0.001
>GGTAAATT	15-GGTAAATT	8.236954	-247.244138	0	T:188.0(6.85%),B:369.7(0.80%),P:1e-107	Tpos:211.3,Tstd:131.7,Bpos:169.1,Bstd:121.6,StrandBias:0.4,Multiplicity:1.00
0.100	0.100	0.700	0.100
0.100	0.100	0.700	0.100
0.100	0.100	0.100	0.700
0.700	0.100	0.100	0.100
0.700	0.100	0.100	0.100
0.700	0.100	0.100	0.100
0.100	0.100	0.100	0.700
0.100	0.100	0.100	0.700
>CACCTTCC	16-CACCTTCC	8.236954	-239.617309	0	T:287.0(10.46%),B:997.4(2.15%),P:1e-104	Tpos:339.2,Tstd:1214.6,Bpos:181.7,Bstd:113.6,StrandBias:0.1,Multiplicity:1.01
0.100	0.700	0.100	0.100
0.700	0.100	0.100	0.100
0.100	0.700	0.100	0.100
0.100	0.700	0.100	0.100
0.100	0.100	0.100	0.700
0.100	0.100	0.100	0.700
0.100	0.700	0.100	0.100
0.100	0.700	0.100	0.100
>ACTTCCGT	17-ACTTCCGT	7.718003	-237.172932	0	T:369.0(13.45%),B:1651.0(3.56%),P:1e-103	Tpos:243.5,Tstd:457.2,Bpos:179.3,Bstd:116.4,StrandBias:0.2,Multiplicity:1.11
0.997	0.001	0.001	0.001
0.001	0.997	0.001	0.001
0.001	0.001	0.181	0.817
0.001	0.001	0.001	0.997
0.001	0.997	0.001	0.001
0.001	0.997	0.001	0.001
0.001	0.002	0.804	0.193
0.001	0.001	0.001	0.997
>SCWAGGGC	18-SCWAGGGC	6.973004	-228.087860	0	T:426.0(15.52%),B:2216.1(4.78%),P:1e-99	Tpos:288.4,Tstd:938.0,Bpos:179.0,Bstd:115.1,StrandBias:0.1,Multiplicity:1.35
0.222	0.400	0.341	0.037
0.006	0.598	0.135	0.261
0.458	0.001	0.001	0.540
0.813	0.014	0.044	0.129
0.064	0.008	0.646	0.282
0.001	0.001	0.975	0.023
0.044	0.118	0.562	0.276
0.001	0.606	0.264	0.129
>TACACAGG	19-TACACAGG	9.250945	-202.968365	0	T:327.0(11.92%),B:1499.7(3.23%),P:1e-88	Tpos:305.4,Tstd:1004.0,Bpos:179.8,Bstd:112.3,StrandBias:-0.1,Multiplicity:1.21
0.001	0.001	0.001	0.997
0.997	0.001	0.001	0.001
0.001	0.909	0.001	0.089
0.997	0.001	0.001	0.001
0.001	0.997	0.001	0.001
0.997	0.001	0.001	0.001
0.178	0.178	0.643	0.001
0.001	0.001	0.997	0.001
>TGCATTCC	20-TGCATTCC	8.236954	-191.243736	0	T:191.0(6.96%),B:538.6(1.16%),P:1e-83	Tpos:209.7,Tstd:311.5,Bpos:181.8,Bstd:103.3,StrandBias:-0.3,Multiplicity:1.01
0.100	0.100	0.100	0.700
0.100	0.100	0.700	0.100
0.100	0.700	0.100	0.100
0.700	0.100	0.100	0.100
0.100	0.100	0.100	0.700
0.100	0.100	0.100	0.700
0.100	0.700	0.100	0.100
0.100	0.700	0.100	0.100
>CCTAGATA	21-CCTAGATA	8.236954	-188.607900	0	T:168.0(6.12%),B:410.0(0.88%),P:1e-81	Tpos:224.0,Tstd:130.2,Bpos:190.8,Bstd:121.4,StrandBias:0.7,Multiplicity:1.00
0.100	0.700	0.100	0.100
0.100	0.700	0.100	0.100
0.100	0.100	0.100	0.700
0.700	0.100	0.100	0.100
0.100	0.100	0.700	0.100
0.700	0.100	0.100	0.100
0.100	0.100	0.100	0.700
0.700	0.100	0.100	0.100
>TCAGCTAT	22-TCAGCTAT	6.994780	-156.575683	0	T:238.0(8.67%),B:1030.6(2.22%),P:1e-67	Tpos:290.2,Tstd:880.6,Bpos:182.7,Bstd:110.9,StrandBias:0.4,Multiplicity:1.05
0.001	0.001	0.001	0.997
0.001	0.997	0.001	0.001
0.981	0.017	0.001	0.001
0.001	0.001	0.997	0.001
0.001	0.997	0.001	0.001
0.001	0.001	0.001	0.997
0.997	0.001	0.001	0.001
0.001	0.001	0.001	0.997
>AAGCCAGG	23-AAGCCAGG	8.236954	-144.322888	0	T:306.0(11.15%),B:1719.9(3.71%),P:1e-62	Tpos:281.6,Tstd:734.2,Bpos:178.8,Bstd:114.3,StrandBias:0.2,Multiplicity:1.06
0.700	0.100	0.100	0.100
0.700	0.100	0.100	0.100
0.100	0.100	0.700	0.100
0.100	0.700	0.100	0.100
0.100	0.700	0.100	0.100
0.700	0.100	0.100	0.100
0.100	0.100	0.700	0.100
0.100	0.100	0.700	0.100
>CACACCTA	24-CACACCTA	4.156127	-129.941483	0	T:664.0(24.20%),B:6022.5(12.98%),P:1e-56	Tpos:377.2,Tstd:1298.7,Bpos:175.9,Bstd:109.2,StrandBias:-0.0,Multiplicity:1.31
0.001	0.997	0.001	0.001
0.997	0.001	0.001	0.001
0.001	0.997	0.001	0.001
0.987	0.001	0.008	0.004
0.001	0.997	0.001	0.001
0.001	0.997	0.001	0.001
0.001	0.382	0.001	0.616
0.647	0.001	0.351	0.001
>ACAAACAA	25-ACAAACAA	7.686861	-60.459805	0	T:684.0(24.93%),B:7818.4(16.85%),P:1e-26	Tpos:587.4,Tstd:1942.3,Bpos:178.3,Bstd:106.4,StrandBias:0.4,Multiplicity:1.87
0.790	0.127	0.080	0.003
0.190	0.642	0.001	0.167
0.917	0.072	0.010	0.001
0.648	0.350	0.001	0.001
0.899	0.058	0.001	0.042
0.403	0.595	0.001	0.001
0.665	0.292	0.001	0.042
0.848	0.080	0.071	0.001
