>CTMCGCCC	1-CTMCGCCC	6.423510	-233.487842	0	T:4906.0(62.34%),B:20785.4(50.32%),P:1e-101	Tpos:320.3,Tstd:236.3,Bpos:237.9,Bstd:153.4,StrandBias:0.0,Multiplicity:2.63
0.086	0.711	0.033	0.170
0.067	0.329	0.020	0.584
0.527	0.423	0.023	0.027
0.067	0.873	0.053	0.007
0.223	0.013	0.719	0.045
0.011	0.938	0.030	0.021
0.032	0.894	0.043	0.031
0.043	0.755	0.016	0.186
>ACAATAGA	2-ACAATAGA	9.558917	-118.937576	0	T:346.0(4.40%),B:715.5(1.73%),P:1e-51	Tpos:308.6,Tstd:194.9,Bpos:254.6,Bstd:160.2,StrandBias:-0.0,Multiplicity:1.10
0.997	0.001	0.001	0.001
0.001	0.997	0.001	0.001
0.906	0.001	0.001	0.092
0.997	0.001	0.001	0.001
0.001	0.001	0.001	0.997
0.997	0.001	0.001	0.001
0.001	0.001	0.997	0.001
0.755	0.243	0.001	0.001
>AGGCGGGT	3-AGGCGGGT	7.148685	-109.921541	0	T:2209.0(28.07%),B:8721.5(21.12%),P:1e-47	Tpos:320.5,Tstd:270.9,Bpos:248.3,Bstd:161.3,StrandBias:-0.1,Multiplicity:1.25
0.666	0.001	0.332	0.001
0.001	0.001	0.997	0.001
0.001	0.001	0.997	0.001
0.001	0.997	0.001	0.001
0.001	0.001	0.997	0.001
0.001	0.001	0.759	0.239
0.001	0.001	0.617	0.381
0.348	0.001	0.001	0.650
>GAATTCCG	4-GAATTCCG	5.632461	-108.274824	0	T:1569.0(19.94%),B:5773.5(13.98%),P:1e-47	Tpos:310.1,Tstd:266.2,Bpos:250.9,Bstd:164.6,StrandBias:-0.0,Multiplicity:1.21
0.024	0.021	0.920	0.035
0.939	0.022	0.038	0.001
0.982	0.001	0.001	0.016
0.001	0.001	0.017	0.981
0.001	0.022	0.009	0.968
0.006	0.966	0.015	0.013
0.290	0.643	0.019	0.048
0.194	0.089	0.633	0.084
>TGKAATGC	5-TGKAATGC	8.147699	-101.509687	0	T:976.0(12.40%),B:3234.9(7.83%),P:1e-44	Tpos:300.1,Tstd:254.2,Bpos:251.1,Bstd:154.4,StrandBias:0.1,Multiplicity:1.15
0.325	0.001	0.001	0.673
0.001	0.001	0.997	0.001
0.001	0.001	0.564	0.434
0.997	0.001	0.001	0.001
0.997	0.001	0.001	0.001
0.001	0.001	0.001	0.997
0.001	0.001	0.997	0.001
0.001	0.706	0.001	0.292
>AGAATCCG	6-AGAATCCG	5.449954	-100.883408	0	T:2636.0(33.49%),B:10896.0(26.38%),P:1e-43	Tpos:301.5,Tstd:265.6,Bpos:255.9,Bstd:161.8,StrandBias:0.0,Multiplicity:1.22
0.837	0.029	0.060	0.074
0.098	0.118	0.736	0.048
0.698	0.037	0.074	0.191
0.681	0.051	0.085	0.183
0.155	0.061	0.078	0.706
0.063	0.751	0.143	0.043
0.028	0.846	0.092	0.034
0.042	0.067	0.749	0.142
>CAAGGTCA	7-CAAGGTCA	8.406991	-99.494335	0	T:612.0(7.78%),B:1763.6(4.27%),P:1e-43	Tpos:307.9,Tstd:221.7,Bpos:250.0,Bstd:162.0,StrandBias:-0.1,Multiplicity:1.09
0.001	0.997	0.001	0.001
0.997	0.001	0.001	0.001
0.997	0.001	0.001	0.001
0.001	0.001	0.997	0.001
0.001	0.001	0.997	0.001
0.001	0.001	0.001	0.997
0.001	0.892	0.001	0.106
0.920	0.001	0.078	0.001
>AATTCGCG	8-AATTCGCG	4.706532	-99.245926	0	T:2905.0(36.91%),B:12241.1(29.64%),P:1e-43	Tpos:317.3,Tstd:269.0,Bpos:251.2,Bstd:168.2,StrandBias:0.1,Multiplicity:1.34
0.771	0.092	0.059	0.078
0.806	0.058	0.080	0.056
0.143	0.098	0.067	0.692
0.069	0.079	0.063	0.789
0.118	0.731	0.066	0.085
0.069	0.121	0.750	0.060
0.055	0.803	0.053	0.089
0.121	0.102	0.661	0.116
>GCCAATCA	9-GCCAATCA	7.061234	-96.039598	0	T:1648.0(20.94%),B:6269.9(15.18%),P:1e-41	Tpos:316.0,Tstd:232.1,Bpos:228.0,Bstd:143.1,StrandBias:-0.0,Multiplicity:1.40
0.253	0.004	0.615	0.128
0.001	0.887	0.001	0.111
0.001	0.997	0.001	0.001
0.997	0.001	0.001	0.001
0.849	0.001	0.149	0.001
0.001	0.001	0.001	0.997
0.152	0.654	0.193	0.001
0.618	0.126	0.255	0.001
>CCTATTCA	10-CCTATTCA	8.236954	-93.984472	0	T:186.0(2.36%),B:303.0(0.73%),P:1e-40	Tpos:318.9,Tstd:346.5,Bpos:241.0,Bstd:148.0,StrandBias:0.2,Multiplicity:1.04
0.100	0.700	0.100	0.100
0.100	0.700	0.100	0.100
0.100	0.100	0.100	0.700
0.700	0.100	0.100	0.100
0.100	0.100	0.100	0.700
0.100	0.100	0.100	0.700
0.100	0.700	0.100	0.100
0.700	0.100	0.100	0.100
>CCTTAGGC	11-CCTTAGGC	7.221953	-89.917083	0	T:1409.0(17.90%),B:5248.7(12.71%),P:1e-39	Tpos:326.6,Tstd:254.7,Bpos:260.1,Bstd:157.3,StrandBias:-0.0,Multiplicity:1.14
0.001	0.981	0.001	0.017
0.001	0.962	0.022	0.015
0.001	0.061	0.012	0.926
0.064	0.219	0.248	0.469
0.971	0.027	0.001	0.001
0.040	0.010	0.949	0.001
0.001	0.017	0.981	0.001
0.065	0.856	0.030	0.049
>TATGCAAA	12-TATGCAAA	8.591619	-84.835256	0	T:580.0(7.37%),B:1730.6(4.19%),P:1e-36	Tpos:331.7,Tstd:332.8,Bpos:251.6,Bstd:156.7,StrandBias:0.2,Multiplicity:1.11
0.001	0.001	0.001	0.997
0.997	0.001	0.001	0.001
0.001	0.042	0.001	0.956
0.001	0.001	0.997	0.001
0.001	0.799	0.001	0.199
0.866	0.001	0.001	0.132
0.825	0.001	0.173	0.001
0.997	0.001	0.001	0.001
>CGCTTTGA	13-CGCTTTGA	5.493800	-79.973009	0	T:2610.0(33.16%),B:11087.0(26.84%),P:1e-34	Tpos:304.3,Tstd:234.4,Bpos:252.9,Bstd:161.5,StrandBias:0.0,Multiplicity:1.27
0.147	0.748	0.104	0.001
0.001	0.114	0.609	0.276
0.032	0.741	0.203	0.024
0.203	0.083	0.037	0.677
0.032	0.074	0.144	0.750
0.226	0.023	0.039	0.712
0.095	0.142	0.515	0.248
0.655	0.039	0.118	0.188
>AACAAWGG	14-AACAAWGG	7.239173	-70.005478	0	T:1235.0(15.69%),B:4689.3(11.35%),P:1e-30	Tpos:304.9,Tstd:235.3,Bpos:252.4,Bstd:157.4,StrandBias:-0.1,Multiplicity:1.18
0.718	0.063	0.110	0.109
0.997	0.001	0.001	0.001
0.001	0.913	0.034	0.052
0.951	0.001	0.001	0.047
0.839	0.117	0.028	0.016
0.395	0.136	0.077	0.392
0.090	0.055	0.854	0.001
0.071	0.096	0.802	0.031
>GCACTTAT	15-GCACTTAT	8.236954	-69.329344	0	T:134.0(1.70%),B:215.4(0.52%),P:1e-30	Tpos:334.5,Tstd:419.5,Bpos:257.7,Bstd:160.3,StrandBias:0.2,Multiplicity:1.01
0.100	0.100	0.700	0.100
0.100	0.700	0.100	0.100
0.700	0.100	0.100	0.100
0.100	0.700	0.100	0.100
0.100	0.100	0.100	0.700
0.100	0.100	0.100	0.700
0.700	0.100	0.100	0.100
0.100	0.100	0.100	0.700
>GTAGCCTC	16-GTAGCCTC	6.957208	-68.408024	0	T:371.0(4.71%),B:1020.2(2.47%),P:1e-29	Tpos:302.9,Tstd:222.3,Bpos:255.5,Bstd:153.3,StrandBias:0.1,Multiplicity:1.04
0.001	0.001	0.997	0.001
0.001	0.001	0.001	0.997
0.997	0.001	0.001	0.001
0.308	0.001	0.690	0.001
0.001	0.997	0.001	0.001
0.001	0.945	0.053	0.001
0.001	0.001	0.001	0.997
0.001	0.997	0.001	0.001
>CGCTAKTC	17-CGCTAKTC	7.271528	-56.208110	0	T:317.0(4.03%),B:885.0(2.14%),P:1e-24	Tpos:314.1,Tstd:221.0,Bpos:255.8,Bstd:163.6,StrandBias:0.0,Multiplicity:1.00
0.076	0.922	0.001	0.001
0.001	0.001	0.997	0.001
0.212	0.565	0.001	0.222
0.001	0.001	0.001	0.997
0.997	0.001	0.001	0.001
0.001	0.001	0.479	0.519
0.001	0.001	0.001	0.997
0.001	0.997	0.001	0.001
>TAGGGAAT	18-TAGGGAAT	8.970026	-53.521559	0	T:305.0(3.88%),B:855.2(2.07%),P:1e-23	Tpos:283.5,Tstd:209.6,Bpos:246.9,Bstd:157.3,StrandBias:-0.1,Multiplicity:1.08
0.001	0.001	0.001	0.997
0.997	0.001	0.001	0.001
0.001	0.001	0.997	0.001
0.001	0.001	0.997	0.001
0.001	0.001	0.675	0.323
0.817	0.001	0.001	0.181
0.997	0.001	0.001	0.001
0.001	0.001	0.001	0.997
>ACTAATTA	19-ACTAATTA	8.236954	-45.880679	0	T:140.0(1.78%),B:300.4(0.73%),P:1e-19	Tpos:338.0,Tstd:259.2,Bpos:271.1,Bstd:166.8,StrandBias:-0.1,Multiplicity:1.06
0.700	0.100	0.100	0.100
0.100	0.700	0.100	0.100
0.100	0.100	0.100	0.700
0.700	0.100	0.100	0.100
0.700	0.100	0.100	0.100
0.100	0.100	0.100	0.700
0.100	0.100	0.100	0.700
0.700	0.100	0.100	0.100
>ATAGCTAA	20-ATAGCTAA	8.236954	-40.523318	0	T:134.0(1.70%),B:301.0(0.73%),P:1e-17	Tpos:296.5,Tstd:203.7,Bpos:260.4,Bstd:162.7,StrandBias:0.2,Multiplicity:1.05
0.700	0.100	0.100	0.100
0.100	0.100	0.100	0.700
0.700	0.100	0.100	0.100
0.100	0.100	0.700	0.100
0.100	0.700	0.100	0.100
0.100	0.100	0.100	0.700
0.700	0.100	0.100	0.100
0.700	0.100	0.100	0.100
>CGCATGCG	21-CGCATGCG	7.837555	-35.756018	0	T:1103.0(14.02%),B:4563.9(11.05%),P:1e-15	Tpos:317.4,Tstd:242.3,Bpos:236.0,Bstd:152.3,StrandBias:0.0,Multiplicity:1.29
0.090	0.765	0.076	0.069
0.001	0.001	0.997	0.001
0.001	0.997	0.001	0.001
0.844	0.154	0.001	0.001
0.144	0.181	0.001	0.674
0.001	0.001	0.997	0.001
0.001	0.997	0.001	0.001
0.001	0.001	0.997	0.001
>GAATGTTA	22-GAATGTTA	8.236954	-35.618537	0	T:132.0(1.68%),B:313.5(0.76%),P:1e-15	Tpos:309.3,Tstd:216.0,Bpos:245.6,Bstd:167.0,StrandBias:-0.1,Multiplicity:1.21
0.100	0.100	0.700	0.100
0.700	0.100	0.100	0.100
0.700	0.100	0.100	0.100
0.100	0.100	0.100	0.700
0.100	0.100	0.700	0.100
0.100	0.100	0.100	0.700
0.100	0.100	0.100	0.700
0.700	0.100	0.100	0.100
>TGGATCCA	23-TGGATCCA	8.236954	-35.098520	0	T:117.0(1.49%),B:264.2(0.64%),P:1e-15	Tpos:295.2,Tstd:240.1,Bpos:258.6,Bstd:145.1,StrandBias:0.0,Multiplicity:1.00
0.100	0.100	0.100	0.700
0.100	0.100	0.700	0.100
0.100	0.100	0.700	0.100
0.700	0.100	0.100	0.100
0.100	0.100	0.100	0.700
0.100	0.700	0.100	0.100
0.100	0.700	0.100	0.100
0.700	0.100	0.100	0.100
>CTACTAGA	24-CTACTAGA	8.814486	-32.379981	0	T:179.0(2.27%),B:500.4(1.21%),P:1e-14	Tpos:303.6,Tstd:369.9,Bpos:247.5,Bstd:162.9,StrandBias:0.0,Multiplicity:1.02
0.001	0.997	0.001	0.001
0.001	0.001	0.172	0.826
0.997	0.001	0.001	0.001
0.001	0.608	0.390	0.001
0.001	0.001	0.001	0.997
0.997	0.001	0.001	0.001
0.001	0.001	0.997	0.001
0.997	0.001	0.001	0.001
>CTAAGATT	25-CTAAGATT	8.650203	-20.241347	0	T:143.0(1.82%),B:438.5(1.06%),P:1e-8	Tpos:315.2,Tstd:284.2,Bpos:236.3,Bstd:169.5,StrandBias:0.0,Multiplicity:1.14
0.001	0.997	0.001	0.001
0.001	0.001	0.001	0.997
0.997	0.001	0.001	0.001
0.909	0.089	0.001	0.001
0.001	0.001	0.997	0.001
0.997	0.001	0.001	0.001
0.001	0.001	0.001	0.997
0.001	0.001	0.001	0.997
