>GAATTCCT	1-GAATTCCT	8.545229	-36.812034	0	T:110.0(17.38%),B:3539.1(7.42%),P:1e-15	Tpos:351.6,Tstd:469.4,Bpos:218.7,Bstd:134.6,StrandBias:-0.2,Multiplicity:1.32
0.364	0.001	0.634	0.001
0.683	0.315	0.001	0.001
0.997	0.001	0.001	0.001
0.001	0.001	0.001	0.997
0.001	0.001	0.001	0.997
0.001	0.997	0.001	0.001
0.001	0.706	0.001	0.292
0.017	0.001	0.001	0.981
>CCGGAATA	2-CCGGAATA	4.508784	-26.619727	0	T:85.0(13.43%),B:2823.7(5.92%),P:1e-11	Tpos:507.9,Tstd:927.3,Bpos:220.2,Bstd:138.9,StrandBias:-0.2,Multiplicity:1.16
0.206	0.399	0.213	0.182
0.240	0.421	0.199	0.140
0.103	0.230	0.417	0.250
0.222	0.003	0.563	0.212
0.669	0.196	0.001	0.134
0.544	0.197	0.092	0.167
0.215	0.091	0.161	0.533
0.530	0.155	0.255	0.060
>TAGTGTGC	3-TAGTGTGC	7.374863	-25.039644	0	T:80.0(12.64%),B:2658.7(5.57%),P:1e-10	Tpos:389.5,Tstd:737.0,Bpos:213.4,Bstd:133.3,StrandBias:0.4,Multiplicity:1.13
0.001	0.135	0.001	0.863
0.997	0.001	0.001	0.001
0.018	0.001	0.980	0.001
0.001	0.113	0.001	0.885
0.001	0.368	0.630	0.001
0.001	0.344	0.141	0.514
0.223	0.001	0.775	0.001
0.234	0.675	0.001	0.090
>GTTAGCTA	4-GTTAGCTA	6.882702	-21.682659	0	T:81.0(12.80%),B:2908.9(6.10%),P:1e-9	Tpos:279.7,Tstd:428.4,Bpos:222.7,Bstd:138.9,StrandBias:-0.0,Multiplicity:1.17
0.053	0.061	0.885	0.001
0.001	0.001	0.018	0.980
0.001	0.074	0.025	0.900
0.937	0.061	0.001	0.001
0.001	0.049	0.949	0.001
0.042	0.865	0.001	0.092
0.001	0.100	0.027	0.872
0.918	0.080	0.001	0.001
>TCGGAATG	5-TCGGAATG	5.338630	-20.938065	0	T:209.0(33.02%),B:10721.2(22.47%),P:1e-9	Tpos:284.5,Tstd:379.0,Bpos:222.7,Bstd:141.6,StrandBias:0.4,Multiplicity:1.26
0.024	0.122	0.111	0.743
0.076	0.787	0.063	0.074
0.117	0.088	0.765	0.030
0.012	0.101	0.823	0.064
0.837	0.071	0.053	0.039
0.634	0.151	0.060	0.155
0.090	0.074	0.080	0.756
0.034	0.162	0.666	0.138
>AARCTTAC	6-AARCTTAC	8.091202	-18.559621	0	T:40.0(6.32%),B:1068.2(2.24%),P:1e-8	Tpos:274.6,Tstd:249.3,Bpos:221.5,Bstd:137.9,StrandBias:-0.4,Multiplicity:1.27
0.844	0.001	0.001	0.154
0.616	0.001	0.079	0.304
0.365	0.001	0.474	0.161
0.001	0.997	0.001	0.001
0.079	0.001	0.064	0.856
0.096	0.038	0.001	0.865
0.848	0.001	0.150	0.001
0.001	0.651	0.323	0.025
>AATACTAG	7-AATACTAG	9.392676	-18.220028	0	T:22.0(3.48%),B:374.0(0.78%),P:1e-7	Tpos:562.7,Tstd:1129.9,Bpos:222.3,Bstd:137.3,StrandBias:0.3,Multiplicity:1.00
0.997	0.001	0.001	0.001
0.997	0.001	0.001	0.001
0.001	0.001	0.001	0.997
0.997	0.001	0.001	0.001
0.001	0.997	0.001	0.001
0.001	0.001	0.187	0.811
0.997	0.001	0.001	0.001
0.001	0.001	0.997	0.001
>CTCTCTTA	8-CTCTCTTA	7.254795	-18.126495	0	T:49.0(7.74%),B:1499.5(3.14%),P:1e-7	Tpos:316.4,Tstd:454.1,Bpos:214.3,Bstd:135.5,StrandBias:0.3,Multiplicity:1.02
0.001	0.997	0.001	0.001
0.001	0.001	0.001	0.997
0.001	0.997	0.001	0.001
0.001	0.001	0.001	0.997
0.001	0.758	0.001	0.240
0.001	0.001	0.029	0.969
0.001	0.001	0.001	0.997
0.997	0.001	0.001	0.001
>TACGGTTT	9-TACGGTTT	6.123895	-17.959969	0	T:101.0(15.96%),B:4293.5(9.00%),P:1e-7	Tpos:292.4,Tstd:459.4,Bpos:220.4,Bstd:148.8,StrandBias:0.1,Multiplicity:1.12
0.277	0.035	0.238	0.450
0.518	0.196	0.162	0.124
0.021	0.732	0.054	0.193
0.001	0.190	0.772	0.037
0.051	0.128	0.815	0.006
0.200	0.049	0.184	0.567
0.011	0.076	0.075	0.838
0.027	0.005	0.041	0.927
>ATCTACTT	10-ATCTACTT	8.236954	-16.975332	0	T:23.0(3.63%),B:436.1(0.91%),P:1e-7	Tpos:381.2,Tstd:769.9,Bpos:213.7,Bstd:136.2,StrandBias:1.4,Multiplicity:1.00
0.700	0.100	0.100	0.100
0.100	0.100	0.100	0.700
0.100	0.700	0.100	0.100
0.100	0.100	0.100	0.700
0.700	0.100	0.100	0.100
0.100	0.700	0.100	0.100
0.100	0.100	0.100	0.700
0.100	0.100	0.100	0.700
>GAATTCHA	11-GAATTCHA	8.361573	-16.826650	0	T:30.0(4.74%),B:708.2(1.48%),P:1e-7	Tpos:462.5,Tstd:702.3,Bpos:216.2,Bstd:136.8,StrandBias:-0.3,Multiplicity:1.04
0.129	0.065	0.785	0.021
0.975	0.005	0.001	0.019
0.622	0.065	0.002	0.311
0.017	0.001	0.001	0.981
0.011	0.084	0.001	0.904
0.041	0.797	0.004	0.158
0.240	0.312	0.160	0.288
0.622	0.077	0.289	0.012
>CSCGATTT	12-CSCGATTT	7.773459	-16.372817	0	T:60.0(9.48%),B:2147.0(4.50%),P:1e-7	Tpos:224.8,Tstd:189.0,Bpos:222.3,Bstd:147.0,StrandBias:-0.2,Multiplicity:1.11
0.018	0.911	0.001	0.070
0.001	0.513	0.426	0.060
0.001	0.494	0.239	0.267
0.001	0.001	0.814	0.184
0.515	0.278	0.112	0.095
0.027	0.001	0.001	0.971
0.124	0.001	0.001	0.874
0.001	0.013	0.001	0.985
>ACGAGACA	13-ACGAGACA	7.114507	-15.226912	0	T:73.0(11.53%),B:2929.0(6.14%),P:1e-6	Tpos:340.7,Tstd:365.9,Bpos:219.0,Bstd:139.6,StrandBias:0.1,Multiplicity:1.12
0.935	0.001	0.001	0.063
0.001	0.674	0.001	0.324
0.001	0.001	0.949	0.049
0.883	0.082	0.034	0.001
0.001	0.001	0.895	0.103
0.841	0.080	0.078	0.001
0.001	0.997	0.001	0.001
0.917	0.018	0.001	0.064
>CGCCCTNA	14-CGCCCTNA	7.364443	-14.822398	0	T:94.0(14.85%),B:4169.6(8.74%),P:1e-6	Tpos:317.6,Tstd:571.2,Bpos:211.6,Bstd:144.2,StrandBias:0.0,Multiplicity:1.16
0.001	0.997	0.001	0.001
0.001	0.217	0.781	0.001
0.001	0.997	0.001	0.001
0.233	0.743	0.011	0.013
0.001	0.997	0.001	0.001
0.294	0.203	0.002	0.501
0.277	0.259	0.183	0.281
0.745	0.004	0.233	0.018
>TAGRTAGT	15-TAGRTAGT	8.074373	-14.345698	0	T:32.0(5.06%),B:886.2(1.86%),P:1e-6	Tpos:332.0,Tstd:581.1,Bpos:222.4,Bstd:132.5,StrandBias:0.6,Multiplicity:1.34
0.001	0.054	0.156	0.789
0.789	0.054	0.001	0.156
0.001	0.139	0.568	0.292
0.430	0.078	0.491	0.001
0.170	0.001	0.001	0.828
0.916	0.082	0.001	0.001
0.001	0.001	0.997	0.001
0.240	0.001	0.033	0.726
>CTARTAAT	16-CTARTAAT	7.201847	-13.868743	0	T:29.0(4.58%),B:773.5(1.62%),P:1e-6	Tpos:559.6,Tstd:603.3,Bpos:215.2,Bstd:141.3,StrandBias:0.2,Multiplicity:1.32
0.077	0.734	0.111	0.078
0.001	0.074	0.143	0.782
0.802	0.098	0.001	0.099
0.421	0.242	0.309	0.028
0.001	0.054	0.131	0.814
0.724	0.059	0.081	0.136
0.552	0.029	0.111	0.308
0.089	0.083	0.263	0.565
>GATTAGGC	17-GATTAGGC	7.820346	-13.502699	0	T:31.0(4.90%),B:877.9(1.84%),P:1e-5	Tpos:429.9,Tstd:877.8,Bpos:220.3,Bstd:139.5,StrandBias:0.0,Multiplicity:1.03
0.176	0.001	0.822	0.001
0.997	0.001	0.001	0.001
0.039	0.001	0.001	0.959
0.001	0.001	0.001	0.997
0.685	0.137	0.001	0.177
0.001	0.135	0.744	0.120
0.281	0.257	0.462	0.001
0.158	0.635	0.206	0.001
>TTAGAATA	18-TTAGAATA	9.532951	-12.458089	0	T:29.0(4.58%),B:832.8(1.75%),P:1e-5	Tpos:408.5,Tstd:850.6,Bpos:219.4,Bstd:133.9,StrandBias:-0.6,Multiplicity:1.31
0.001	0.001	0.001	0.997
0.001	0.001	0.001	0.997
0.997	0.001	0.001	0.001
0.001	0.258	0.681	0.060
0.997	0.001	0.001	0.001
0.683	0.001	0.315	0.001
0.001	0.001	0.001	0.997
0.997	0.001	0.001	0.001
>GCAACATT	19-GCAACATT	8.236954	-11.603608	0	T:16.0(2.53%),B:320.3(0.67%),P:1e-5	Tpos:258.1,Tstd:115.1,Bpos:224.4,Bstd:138.8,StrandBias:0.8,Multiplicity:1.00
0.100	0.100	0.700	0.100
0.100	0.700	0.100	0.100
0.700	0.100	0.100	0.100
0.700	0.100	0.100	0.100
0.100	0.700	0.100	0.100
0.700	0.100	0.100	0.100
0.100	0.100	0.100	0.700
0.100	0.100	0.100	0.700
>AYCGTMGG	20-AYCGTMGG	8.056970	-11.385956	0	T:54.0(8.53%),B:2177.5(4.56%),P:1e-4	Tpos:432.4,Tstd:618.1,Bpos:219.8,Bstd:138.8,StrandBias:0.5,Multiplicity:1.57
0.997	0.001	0.001	0.001
0.001	0.461	0.001	0.537
0.001	0.452	0.250	0.296
0.047	0.001	0.779	0.173
0.001	0.001	0.001	0.997
0.532	0.466	0.001	0.001
0.001	0.001	0.997	0.001
0.001	0.001	0.997	0.001
>ACTGAAAA	21-ACTGAAAA	6.756537	-10.390995	0	T:45.0(7.11%),B:1760.1(3.69%),P:1e-4	Tpos:341.2,Tstd:282.1,Bpos:219.9,Bstd:146.3,StrandBias:1.0,Multiplicity:2.04
0.997	0.001	0.001	0.001
0.001	0.997	0.001	0.001
0.001	0.001	0.084	0.914
0.001	0.001	0.997	0.001
0.997	0.001	0.001	0.001
0.997	0.001	0.001	0.001
0.839	0.001	0.001	0.159
0.997	0.001	0.001	0.001
>TATGGCGA	22-TATGGCGA	8.236954	-9.274680	0	T:8.0(1.26%),B:105.0(0.22%),P:1e-4	Tpos:518.1,Tstd:513.6,Bpos:218.8,Bstd:157.5,StrandBias:1.3,Multiplicity:3.50
0.100	0.100	0.100	0.700
0.700	0.100	0.100	0.100
0.100	0.100	0.100	0.700
0.100	0.100	0.700	0.100
0.100	0.100	0.700	0.100
0.100	0.700	0.100	0.100
0.100	0.100	0.700	0.100
0.700	0.100	0.100	0.100
>TTTCACGT	23-TTTCACGT	6.595753	-8.857101	0	T:137.0(21.64%),B:7663.7(16.07%),P:1e-3	Tpos:382.6,Tstd:618.8,Bpos:220.2,Bstd:142.0,StrandBias:-0.7,Multiplicity:1.66
0.087	0.035	0.001	0.877
0.084	0.057	0.039	0.820
0.001	0.196	0.001	0.802
0.001	0.943	0.042	0.014
0.602	0.001	0.175	0.222
0.088	0.732	0.140	0.040
0.183	0.001	0.561	0.255
0.185	0.002	0.122	0.691
