>GAATTCCG	1-GAATTCCG	6.658106	-22.525755	0	T:65.0(23.05%),B:4868.7(10.05%),P:1e-9	Tpos:393.4,Tstd:755.1,Bpos:238.0,Bstd:149.5,StrandBias:-0.1,Multiplicity:1.14
0.020	0.017	0.934	0.029
0.887	0.015	0.067	0.031
0.997	0.001	0.001	0.001
0.030	0.001	0.043	0.926
0.126	0.001	0.014	0.859
0.034	0.933	0.032	0.001
0.082	0.824	0.001	0.093
0.165	0.001	0.758	0.076
>AATTATTG	2-AATTATTG	10.772906	-18.444015	0	T:18.0(6.38%),B:565.8(1.17%),P:1e-8	Tpos:545.1,Tstd:893.0,Bpos:230.1,Bstd:156.0,StrandBias:-0.3,Multiplicity:1.11
0.866	0.001	0.001	0.132
0.904	0.094	0.001	0.001
0.001	0.001	0.001	0.997
0.001	0.001	0.054	0.944
0.997	0.001	0.001	0.001
0.001	0.001	0.001	0.997
0.001	0.001	0.001	0.997
0.001	0.001	0.997	0.001
>AAGGCCTA	3-AAGGCCTA	7.286706	-14.823859	0	T:49.0(17.38%),B:3930.8(8.11%),P:1e-6	Tpos:489.2,Tstd:747.3,Bpos:236.9,Bstd:148.0,StrandBias:-0.5,Multiplicity:1.57
0.710	0.001	0.189	0.100
0.531	0.166	0.302	0.001
0.001	0.001	0.825	0.173
0.061	0.063	0.573	0.303
0.001	0.997	0.001	0.001
0.041	0.896	0.001	0.062
0.001	0.001	0.001	0.997
0.997	0.001	0.001	0.001
>RRCSAAYC	4-RRCSAAYC	6.739420	-14.318786	0	T:74.0(26.24%),B:7236.0(14.93%),P:1e-6	Tpos:548.0,Tstd:851.1,Bpos:231.0,Bstd:150.5,StrandBias:0.0,Multiplicity:1.42
0.566	0.001	0.432	0.001
0.550	0.001	0.402	0.047
0.001	0.997	0.001	0.001
0.001	0.319	0.458	0.222
0.650	0.165	0.184	0.001
0.911	0.087	0.001	0.001
0.187	0.450	0.045	0.317
0.001	0.997	0.001	0.001
>ATACCGCC	5-ATACCGCC	5.207556	-12.974070	0	T:94.0(33.33%),B:10361.7(21.38%),P:1e-5	Tpos:307.5,Tstd:484.6,Bpos:240.0,Bstd:153.8,StrandBias:0.4,Multiplicity:1.35
0.717	0.109	0.125	0.049
0.131	0.041	0.080	0.748
0.652	0.084	0.059	0.205
0.082	0.749	0.095	0.074
0.056	0.798	0.103	0.043
0.079	0.036	0.829	0.056
0.058	0.778	0.072	0.092
0.073	0.745	0.046	0.136
>ACGTTGTA	6-ACGTTGTA	8.340047	-11.532209	0	T:16.0(5.67%),B:742.9(1.53%),P:1e-5	Tpos:170.3,Tstd:93.2,Bpos:244.6,Bstd:158.1,StrandBias:0.0,Multiplicity:1.00
0.997	0.001	0.001	0.001
0.001	0.997	0.001	0.001
0.001	0.001	0.997	0.001
0.060	0.153	0.167	0.620
0.001	0.001	0.001	0.997
0.001	0.001	0.934	0.064
0.001	0.001	0.208	0.790
0.537	0.001	0.284	0.178
>CTACGAAT	7-CTACGAAT	4.975922	-10.859736	0	T:79.0(28.01%),B:8673.2(17.90%),P:1e-4	Tpos:632.8,Tstd:891.4,Bpos:239.8,Bstd:152.5,StrandBias:0.4,Multiplicity:1.56
0.113	0.744	0.081	0.062
0.063	0.110	0.097	0.730
0.830	0.067	0.039	0.064
0.054	0.782	0.099	0.065
0.108	0.064	0.751	0.077
0.700	0.107	0.084	0.109
0.715	0.104	0.055	0.126
0.061	0.072	0.108	0.759
>CGCCCCTA	8-CGCCCCTA	8.216683	-10.043602	0	T:39.0(13.83%),B:3402.4(7.02%),P:1e-4	Tpos:285.5,Tstd:640.0,Bpos:221.5,Bstd:145.2,StrandBias:-0.3,Multiplicity:1.29
0.135	0.850	0.001	0.014
0.001	0.001	0.984	0.014
0.001	0.972	0.026	0.001
0.022	0.869	0.001	0.108
0.017	0.953	0.001	0.029
0.031	0.811	0.001	0.157
0.042	0.175	0.001	0.782
0.833	0.112	0.001	0.054
>TCCATCTA	9-TCCATCTA	7.976787	-8.451047	0	T:32.0(11.35%),B:2786.0(5.75%),P:1e-3	Tpos:255.5,Tstd:165.5,Bpos:234.3,Bstd:141.2,StrandBias:1.0,Multiplicity:1.41
0.026	0.007	0.001	0.966
0.157	0.804	0.006	0.033
0.041	0.906	0.001	0.052
0.811	0.098	0.042	0.049
0.003	0.001	0.258	0.738
0.226	0.684	0.001	0.089
0.049	0.230	0.212	0.509
0.867	0.012	0.086	0.035
>TATGGCGA	10-TATGGCGA	8.236954	-7.573989	0	T:5.0(1.77%),B:110.5(0.23%),P:1e-3	Tpos:402.2,Tstd:616.3,Bpos:238.6,Bstd:166.6,StrandBias:2.1,Multiplicity:3.20
0.100	0.100	0.100	0.700
0.700	0.100	0.100	0.100
0.100	0.100	0.100	0.700
0.100	0.100	0.700	0.100
0.100	0.100	0.700	0.100
0.100	0.700	0.100	0.100
0.100	0.100	0.700	0.100
0.700	0.100	0.100	0.100
>TCTCGTTT	11-TCTCGTTT	8.594703	-6.934207	0	T:9.0(3.19%),B:424.6(0.88%),P:1e-3	Tpos:196.7,Tstd:136.0,Bpos:251.3,Bstd:150.0,StrandBias:1.8,Multiplicity:1.00
0.001	0.001	0.001	0.997
0.001	0.997	0.001	0.001
0.085	0.001	0.001	0.913
0.001	0.997	0.001	0.001
0.182	0.001	0.816	0.001
0.168	0.163	0.001	0.668
0.266	0.001	0.001	0.732
0.001	0.090	0.001	0.908
>ACTGAAAA	12-ACTGAAAA	8.236954	-2.913865	0	T:12.0(4.26%),B:1215.0(2.51%),P:1e-1	Tpos:299.0,Tstd:234.7,Bpos:234.7,Bstd:150.7,StrandBias:0.9,Multiplicity:2.42
0.700	0.100	0.100	0.100
0.100	0.700	0.100	0.100
0.100	0.100	0.100	0.700
0.100	0.100	0.700	0.100
0.700	0.100	0.100	0.100
0.700	0.100	0.100	0.100
0.700	0.100	0.100	0.100
0.700	0.100	0.100	0.100
>TCTTTCTT	13-TCTTTCTT	7.068766	-1.550190	0	T:39.0(13.83%),B:5872.3(12.12%),P:1e0	Tpos:379.4,Tstd:487.7,Bpos:240.0,Bstd:155.6,StrandBias:1.0,Multiplicity:2.82
0.299	0.101	0.071	0.529
0.048	0.812	0.139	0.001
0.085	0.030	0.172	0.713
0.001	0.105	0.001	0.893
0.335	0.074	0.090	0.501
0.030	0.736	0.155	0.079
0.151	0.001	0.109	0.739
0.001	0.001	0.001	0.997
>CTCATTTT	14-CTCATTTT	8.236954	-1.077369	0	T:9.0(3.19%),B:1294.0(2.67%),P:1e0	Tpos:275.3,Tstd:170.5,Bpos:229.0,Bstd:154.4,StrandBias:-1.4,Multiplicity:3.22
0.100	0.700	0.100	0.100
0.100	0.100	0.100	0.700
0.100	0.700	0.100	0.100
0.700	0.100	0.100	0.100
0.100	0.100	0.100	0.700
0.100	0.100	0.100	0.700
0.100	0.100	0.100	0.700
0.100	0.100	0.100	0.700
