>CCTBAGGC	1-CCTBAGGC	6.805460	-583.956214	0	T:7797.0(37.80%),B:7795.6(26.91%),P:1e-253	Tpos:475.3,Tstd:336.6,Bpos:349.9,Bstd:210.8,StrandBias:0.0,Multiplicity:1.39
0.001	0.997	0.001	0.001
0.001	0.979	0.001	0.019
0.001	0.062	0.010	0.927
0.044	0.344	0.356	0.257
0.964	0.001	0.034	0.001
0.001	0.001	0.997	0.001
0.001	0.031	0.967	0.001
0.001	0.953	0.045	0.001
>CCACGCCT	2-CCACGCCT	6.904569	-511.904312	0	T:9931.0(48.14%),B:10792.5(37.25%),P:1e-222	Tpos:456.3,Tstd:339.6,Bpos:337.5,Bstd:208.6,StrandBias:0.0,Multiplicity:1.67
0.274	0.456	0.167	0.104
0.055	0.706	0.046	0.193
0.824	0.174	0.001	0.001
0.001	0.997	0.001	0.001
0.251	0.001	0.747	0.001
0.001	0.970	0.001	0.028
0.015	0.955	0.001	0.029
0.001	0.343	0.001	0.655
>CCTTGAAC	3-CCTTGAAC	10.751394	-344.130423	0	T:1978.0(9.59%),B:1485.1(5.13%),P:1e-149	Tpos:436.0,Tstd:338.2,Bpos:351.2,Bstd:218.1,StrandBias:-0.0,Multiplicity:1.12
0.001	0.997	0.001	0.001
0.001	0.997	0.001	0.001
0.001	0.001	0.001	0.997
0.001	0.001	0.206	0.792
0.001	0.001	0.997	0.001
0.997	0.001	0.001	0.001
0.997	0.001	0.001	0.001
0.001	0.916	0.001	0.082
>CTTVAGGC	4-CTTVAGGC	5.846555	-271.747649	0	T:9848.0(47.74%),B:11525.9(39.79%),P:1e-118	Tpos:467.1,Tstd:345.3,Bpos:347.8,Bstd:213.4,StrandBias:0.0,Multiplicity:1.41
0.053	0.696	0.085	0.166
0.030	0.340	0.088	0.542
0.145	0.185	0.134	0.536
0.330	0.277	0.302	0.091
0.637	0.339	0.023	0.001
0.057	0.238	0.704	0.001
0.023	0.097	0.879	0.001
0.029	0.728	0.147	0.096
>ACAAACAA	5-ACAAACAA	10.912669	-248.880972	0	T:2341.0(11.35%),B:2050.0(7.08%),P:1e-108	Tpos:411.7,Tstd:366.4,Bpos:343.4,Bstd:231.0,StrandBias:0.1,Multiplicity:2.20
0.997	0.001	0.001	0.001
0.001	0.997	0.001	0.001
0.997	0.001	0.001	0.001
0.997	0.001	0.001	0.001
0.997	0.001	0.001	0.001
0.143	0.855	0.001	0.001
0.997	0.001	0.001	0.001
0.997	0.001	0.001	0.001
>CGGGATTH	6-CGGGATTH	5.618409	-224.857571	0	T:5908.0(28.64%),B:6477.6(22.36%),P:1e-97	Tpos:450.1,Tstd:359.1,Bpos:341.9,Bstd:221.2,StrandBias:-0.0,Multiplicity:1.33
0.058	0.722	0.095	0.125
0.041	0.312	0.594	0.053
0.122	0.104	0.767	0.007
0.358	0.029	0.612	0.001
0.638	0.021	0.019	0.322
0.042	0.144	0.097	0.717
0.073	0.055	0.043	0.829
0.318	0.219	0.154	0.309
>CTGGAATT	7-CTGGAATT	6.875995	-205.639443	0	T:5663.0(27.45%),B:6237.3(21.53%),P:1e-89	Tpos:425.5,Tstd:356.9,Bpos:340.2,Bstd:215.3,StrandBias:-0.0,Multiplicity:1.27
0.093	0.780	0.052	0.075
0.162	0.216	0.187	0.436
0.088	0.080	0.799	0.033
0.061	0.015	0.843	0.081
0.871	0.017	0.103	0.009
0.805	0.037	0.042	0.116
0.006	0.133	0.085	0.776
0.027	0.147	0.134	0.692
>AAACAAAA	8-AAACAAAA	10.679224	-197.195847	0	T:3596.0(17.43%),B:3667.8(12.66%),P:1e-85	Tpos:417.6,Tstd:371.7,Bpos:346.3,Bstd:238.3,StrandBias:0.2,Multiplicity:1.89
0.997	0.001	0.001	0.001
0.997	0.001	0.001	0.001
0.886	0.112	0.001	0.001
0.001	0.997	0.001	0.001
0.808	0.190	0.001	0.001
0.997	0.001	0.001	0.001
0.940	0.058	0.001	0.001
0.997	0.001	0.001	0.001
>TGACCTTG	9-TGACCTTG	7.474131	-179.846033	0	T:3488.0(16.91%),B:3592.7(12.40%),P:1e-78	Tpos:447.2,Tstd:350.8,Bpos:343.5,Bstd:206.8,StrandBias:-0.0,Multiplicity:1.12
0.158	0.095	0.001	0.746
0.001	0.001	0.997	0.001
0.997	0.001	0.001	0.001
0.001	0.997	0.001	0.001
0.001	0.954	0.044	0.001
0.001	0.001	0.001	0.997
0.001	0.079	0.001	0.919
0.001	0.096	0.902	0.001
>GGGCGGGG	10-GGGCGGGG	9.169315	-172.899710	0	T:5381.0(26.09%),B:6009.8(20.74%),P:1e-75	Tpos:481.9,Tstd:320.7,Bpos:324.4,Bstd:191.9,StrandBias:0.0,Multiplicity:1.90
0.001	0.001	0.997	0.001
0.001	0.001	0.997	0.001
0.001	0.001	0.997	0.001
0.001	0.852	0.001	0.146
0.001	0.001	0.997	0.001
0.001	0.001	0.997	0.001
0.211	0.001	0.738	0.050
0.109	0.001	0.827	0.063
>CAGGGTTA	11-CAGGGTTA	8.380833	-155.077477	0	T:5701.0(27.64%),B:6505.2(22.45%),P:1e-67	Tpos:430.0,Tstd:360.1,Bpos:344.7,Bstd:217.8,StrandBias:-0.0,Multiplicity:1.41
0.001	0.997	0.001	0.001
0.997	0.001	0.001	0.001
0.329	0.001	0.669	0.001
0.001	0.001	0.997	0.001
0.001	0.001	0.997	0.001
0.001	0.399	0.001	0.599
0.001	0.158	0.001	0.840
0.611	0.001	0.001	0.387
>TTTCGAGA	12-TTTCGAGA	7.526820	-142.373506	0	T:2432.0(11.79%),B:2432.4(8.40%),P:1e-61	Tpos:408.9,Tstd:352.9,Bpos:351.9,Bstd:228.8,StrandBias:0.0,Multiplicity:1.08
0.001	0.001	0.001	0.997
0.001	0.001	0.001	0.997
0.001	0.001	0.001	0.997
0.001	0.687	0.001	0.311
0.001	0.001	0.997	0.001
0.997	0.001	0.001	0.001
0.042	0.001	0.956	0.001
0.997	0.001	0.001	0.001
>ACATTCCT	13-ACATTCCT	7.101580	-141.750325	0	T:3783.0(18.34%),B:4100.3(14.15%),P:1e-61	Tpos:437.2,Tstd:346.3,Bpos:347.7,Bstd:208.1,StrandBias:-0.0,Multiplicity:1.19
0.831	0.001	0.167	0.001
0.001	0.861	0.137	0.001
0.997	0.001	0.001	0.001
0.001	0.001	0.001	0.997
0.001	0.001	0.081	0.917
0.001	0.997	0.001	0.001
0.001	0.848	0.001	0.150
0.001	0.001	0.053	0.945
>RCYCCACC	14-RCYCCACC	8.202197	-138.988452	0	T:5354.0(25.96%),B:6129.9(21.16%),P:1e-60	Tpos:464.1,Tstd:360.1,Bpos:343.9,Bstd:206.2,StrandBias:-0.0,Multiplicity:1.30
0.531	0.001	0.467	0.001
0.332	0.666	0.001	0.001
0.001	0.553	0.001	0.445
0.001	0.605	0.393	0.001
0.023	0.731	0.110	0.136
0.997	0.001	0.001	0.001
0.001	0.997	0.001	0.001
0.001	0.997	0.001	0.001
>GGTCTACA	15-GGTCTACA	8.427420	-136.495852	0	T:2452.0(11.89%),B:2475.5(8.55%),P:1e-59	Tpos:407.1,Tstd:350.3,Bpos:346.0,Bstd:224.9,StrandBias:0.0,Multiplicity:1.10
0.001	0.001	0.997	0.001
0.132	0.001	0.866	0.001
0.001	0.001	0.001	0.997
0.001	0.997	0.001	0.001
0.001	0.001	0.001	0.997
0.997	0.001	0.001	0.001
0.001	0.997	0.001	0.001
0.916	0.001	0.082	0.001
>CGRAGGCA	16-CGRAGGCA	4.807988	-124.939804	0	T:5343.0(25.90%),B:6185.5(21.35%),P:1e-54	Tpos:444.9,Tstd:363.2,Bpos:344.3,Bstd:220.0,StrandBias:0.0,Multiplicity:1.28
0.001	0.991	0.007	0.001
0.001	0.001	0.997	0.001
0.384	0.001	0.446	0.169
0.997	0.001	0.001	0.001
0.001	0.046	0.952	0.001
0.001	0.001	0.726	0.272
0.001	0.874	0.001	0.124
0.997	0.001	0.001	0.001
>YCTTATCT	17-YCTTATCT	7.244212	-116.453087	0	T:3393.0(16.45%),B:3714.4(12.82%),P:1e-50	Tpos:457.7,Tstd:352.7,Bpos:344.6,Bstd:211.5,StrandBias:-0.1,Multiplicity:1.20
0.001	0.376	0.215	0.408
0.001	0.640	0.358	0.001
0.001	0.001	0.126	0.872
0.345	0.001	0.001	0.653
0.997	0.001	0.001	0.001
0.001	0.001	0.112	0.886
0.001	0.997	0.001	0.001
0.274	0.001	0.173	0.552
>KTTCCGSM	18-KTTCCGSM	6.957198	-115.136596	0	T:3451.0(16.73%),B:3793.0(13.09%),P:1e-50	Tpos:470.6,Tstd:351.6,Bpos:350.3,Bstd:214.9,StrandBias:-0.1,Multiplicity:1.21
0.001	0.001	0.556	0.442
0.252	0.001	0.001	0.746
0.001	0.001	0.001	0.997
0.001	0.997	0.001	0.001
0.001	0.997	0.001	0.001
0.001	0.001	0.997	0.001
0.001	0.489	0.509	0.001
0.475	0.443	0.001	0.080
>GGCAGATT	19-GGCAGATT	7.679098	-106.763125	0	T:2148.0(10.41%),B:2208.1(7.62%),P:1e-46	Tpos:441.3,Tstd:367.9,Bpos:350.0,Bstd:211.1,StrandBias:-0.0,Multiplicity:1.08
0.001	0.001	0.997	0.001
0.001	0.001	0.997	0.001
0.001	0.997	0.001	0.001
0.997	0.001	0.001	0.001
0.120	0.001	0.878	0.001
0.997	0.001	0.001	0.001
0.001	0.001	0.001	0.997
0.001	0.280	0.001	0.718
>TAGGCTAG	20-TAGGCTAG	6.369283	-103.173858	0	T:5777.0(28.01%),B:6878.8(23.74%),P:1e-44	Tpos:445.7,Tstd:361.8,Bpos:342.3,Bstd:210.4,StrandBias:-0.0,Multiplicity:1.26
0.001	0.057	0.097	0.845
0.803	0.001	0.081	0.115
0.001	0.001	0.997	0.001
0.057	0.085	0.730	0.128
0.001	0.975	0.023	0.001
0.057	0.038	0.049	0.856
0.845	0.028	0.126	0.001
0.001	0.020	0.978	0.001
>GGAGTTGT	21-GGAGTTGT	6.355754	-67.484397	0	T:3447.0(16.71%),B:4029.6(13.91%),P:1e-29	Tpos:438.9,Tstd:343.2,Bpos:345.2,Bstd:209.0,StrandBias:-0.0,Multiplicity:1.12
0.001	0.001	0.997	0.001
0.001	0.001	0.992	0.006
0.997	0.001	0.001	0.001
0.001	0.001	0.725	0.273
0.001	0.001	0.001	0.997
0.001	0.240	0.281	0.478
0.001	0.001	0.997	0.001
0.001	0.044	0.001	0.954
>CGCATGCG	22-CGCATGCG	5.557565	-57.709655	0	T:3314.0(16.07%),B:3916.2(13.52%),P:1e-25	Tpos:473.3,Tstd:334.3,Bpos:330.0,Bstd:207.6,StrandBias:-0.0,Multiplicity:1.33
0.090	0.651	0.141	0.118
0.157	0.083	0.651	0.109
0.137	0.588	0.101	0.174
0.531	0.078	0.177	0.214
0.183	0.121	0.103	0.593
0.069	0.116	0.620	0.195
0.193	0.662	0.076	0.069
0.073	0.065	0.707	0.155
>STCACGTG	23-STCACGTG	8.923091	-57.471872	0	T:1413.0(6.85%),B:1497.3(5.17%),P:1e-24	Tpos:456.7,Tstd:358.5,Bpos:332.7,Bstd:200.4,StrandBias:-0.0,Multiplicity:1.09
0.248	0.411	0.340	0.001
0.001	0.402	0.001	0.596
0.001	0.997	0.001	0.001
0.912	0.001	0.086	0.001
0.001	0.997	0.001	0.001
0.001	0.001	0.997	0.001
0.001	0.229	0.001	0.769
0.001	0.001	0.997	0.001
>GCTGGGAA	24-GCTGGGAA	7.658060	-52.185582	0	T:5016.0(24.32%),B:6212.3(21.44%),P:1e-22	Tpos:445.5,Tstd:356.1,Bpos:339.7,Bstd:209.6,StrandBias:-0.0,Multiplicity:1.19
0.001	0.001	0.997	0.001
0.001	0.923	0.001	0.075
0.001	0.001	0.001	0.997
0.001	0.049	0.949	0.001
0.001	0.001	0.905	0.093
0.001	0.001	0.997	0.001
0.997	0.001	0.001	0.001
0.799	0.001	0.199	0.001
>CTNAAMCT	25-CTNAAMCT	5.648584	-49.812153	0	T:3628.0(17.59%),B:4382.6(15.13%),P:1e-21	Tpos:437.2,Tstd:374.4,Bpos:350.5,Bstd:217.5,StrandBias:0.0,Multiplicity:1.17
0.048	0.623	0.165	0.164
0.080	0.134	0.215	0.571
0.312	0.264	0.260	0.164
0.598	0.105	0.068	0.229
0.726	0.210	0.053	0.011
0.260	0.404	0.175	0.161
0.001	0.771	0.209	0.019
0.111	0.001	0.358	0.530
