>TGATTGGT	1-TGATTGGT	3.239759	-853.482272	0	T:1378.0(46.60%),B:6663.9(14.71%),P:1e-370	Tpos:146.4,Tstd:92.4,Bpos:117.1,Bstd:91.2,StrandBias:-0.0,Multiplicity:1.74
0.001	0.099	0.256	0.644
0.099	0.153	0.614	0.134
0.997	0.001	0.001	0.001
0.001	0.001	0.001	0.997
0.001	0.001	0.001	0.997
0.001	0.001	0.997	0.001
0.001	0.001	0.997	0.001
0.001	0.299	0.001	0.699
>GCCCCGCC	2-GCCCCGCC	6.643990	-620.196059	0	T:1909.0(64.56%),B:14918.7(32.94%),P:1e-269	Tpos:152.0,Tstd:107.8,Bpos:125.0,Bstd:89.5,StrandBias:0.0,Multiplicity:2.22
0.247	0.001	0.751	0.001
0.001	0.997	0.001	0.001
0.001	0.736	0.001	0.262
0.294	0.704	0.001	0.001
0.001	0.997	0.001	0.001
0.073	0.001	0.925	0.001
0.001	0.997	0.001	0.001
0.001	0.997	0.001	0.001
>ATTGGRCG	3-ATTGGRCG	6.626372	-399.024318	0	T:803.0(27.16%),B:4162.5(9.19%),P:1e-173	Tpos:156.3,Tstd:93.3,Bpos:132.2,Bstd:96.9,StrandBias:0.1,Multiplicity:1.08
0.966	0.001	0.001	0.032
0.066	0.096	0.001	0.837
0.321	0.001	0.001	0.677
0.093	0.001	0.904	0.002
0.002	0.001	0.959	0.038
0.352	0.172	0.313	0.164
0.139	0.477	0.140	0.245
0.321	0.182	0.496	0.001
>GGGCGKTD	4-GGGCGKTD	6.402054	-282.293845	0	T:1405.0(47.51%),B:12280.2(27.11%),P:1e-122	Tpos:158.9,Tstd:103.1,Bpos:135.9,Bstd:96.2,StrandBias:-0.2,Multiplicity:1.26
0.319	0.001	0.584	0.096
0.001	0.001	0.968	0.030
0.017	0.001	0.981	0.001
0.001	0.968	0.001	0.030
0.001	0.035	0.963	0.001
0.001	0.001	0.541	0.457
0.207	0.001	0.001	0.791
0.327	0.158	0.225	0.291
>GTCCCGCC	5-GTCCCGCC	6.165274	-239.188005	0	T:1172.0(39.63%),B:9918.2(21.90%),P:1e-103	Tpos:156.1,Tstd:100.8,Bpos:129.0,Bstd:94.0,StrandBias:-0.0,Multiplicity:1.38
0.051	0.001	0.868	0.080
0.117	0.001	0.102	0.780
0.001	0.906	0.001	0.092
0.118	0.880	0.001	0.001
0.001	0.997	0.001	0.001
0.001	0.001	0.997	0.001
0.001	0.997	0.001	0.001
0.001	0.997	0.001	0.001
>ACTTCCGG	6-ACTTCCGG	6.706296	-175.453113	0	T:729.0(24.65%),B:5527.7(12.20%),P:1e-76	Tpos:155.4,Tstd:108.7,Bpos:129.6,Bstd:86.4,StrandBias:-0.0,Multiplicity:1.28
0.631	0.178	0.092	0.099
0.073	0.510	0.091	0.326
0.039	0.001	0.070	0.890
0.035	0.001	0.023	0.941
0.048	0.846	0.015	0.091
0.022	0.945	0.032	0.001
0.001	0.060	0.764	0.175
0.120	0.156	0.483	0.241
>GGWGKRGT	7-GGWGKRGT	6.715042	-152.422177	0	T:1477.0(49.95%),B:15614.9(34.48%),P:1e-66	Tpos:153.7,Tstd:105.4,Bpos:137.2,Bstd:89.1,StrandBias:-0.0,Multiplicity:1.39
0.210	0.001	0.788	0.001
0.002	0.001	0.996	0.001
0.466	0.001	0.001	0.532
0.038	0.091	0.713	0.158
0.001	0.001	0.529	0.469
0.324	0.001	0.436	0.239
0.223	0.001	0.741	0.035
0.001	0.417	0.001	0.581
>GTGACGTR	8-GTGACGTR	6.191349	-141.920914	0	T:643.0(21.75%),B:5010.0(11.06%),P:1e-61	Tpos:150.8,Tstd:98.5,Bpos:126.4,Bstd:88.4,StrandBias:-0.1,Multiplicity:1.26
0.192	0.179	0.556	0.073
0.060	0.037	0.013	0.890
0.071	0.248	0.604	0.077
0.925	0.015	0.013	0.047
0.005	0.951	0.020	0.024
0.006	0.034	0.955	0.005
0.061	0.149	0.099	0.691
0.435	0.210	0.303	0.052
>GCATGCGC	9-GCATGCGC	8.300723	-76.110644	0	T:343.0(11.60%),B:2608.2(5.76%),P:1e-33	Tpos:157.6,Tstd:100.9,Bpos:125.6,Bstd:89.8,StrandBias:-0.1,Multiplicity:1.21
0.041	0.001	0.957	0.001
0.001	0.997	0.001	0.001
0.796	0.080	0.093	0.031
0.044	0.103	0.080	0.773
0.005	0.001	0.993	0.001
0.001	0.997	0.001	0.001
0.014	0.001	0.964	0.021
0.011	0.823	0.001	0.165
>AACCCGCC	10-AACCCGCC	4.765335	-65.377004	0	T:523.0(17.69%),B:4895.2(10.81%),P:1e-28	Tpos:149.3,Tstd:98.6,Bpos:139.2,Bstd:96.6,StrandBias:0.0,Multiplicity:1.10
0.997	0.001	0.001	0.001
0.812	0.001	0.036	0.151
0.001	0.928	0.001	0.070
0.172	0.826	0.001	0.001
0.001	0.997	0.001	0.001
0.001	0.001	0.997	0.001
0.001	0.997	0.001	0.001
0.001	0.997	0.001	0.001
>KTSCGTCA	11-KTSCGTCA	3.370498	-63.376089	0	T:220.0(7.44%),B:1480.5(3.27%),P:1e-27	Tpos:165.1,Tstd:137.2,Bpos:137.3,Bstd:95.5,StrandBias:-0.0,Multiplicity:1.03
0.129	0.001	0.407	0.463
0.001	0.001	0.001	0.997
0.001	0.379	0.452	0.168
0.001	0.997	0.001	0.001
0.001	0.001	0.997	0.001
0.001	0.001	0.001	0.997
0.001	0.997	0.001	0.001
0.997	0.001	0.001	0.001
>CCGGAAAA	12-CCGGAAAA	7.337516	-61.723557	0	T:418.0(14.14%),B:3700.6(8.17%),P:1e-26	Tpos:146.3,Tstd:93.8,Bpos:133.4,Bstd:90.9,StrandBias:0.3,Multiplicity:1.12
0.287	0.642	0.070	0.001
0.001	0.997	0.001	0.001
0.001	0.001	0.997	0.001
0.001	0.001	0.886	0.112
0.818	0.001	0.001	0.180
0.997	0.001	0.001	0.001
0.693	0.001	0.305	0.001
0.625	0.373	0.001	0.001
>ACTACAAK	13-ACTACAAK	8.251562	-59.039055	0	T:133.0(4.50%),B:700.3(1.55%),P:1e-25	Tpos:155.1,Tstd:97.1,Bpos:127.6,Bstd:98.9,StrandBias:-0.1,Multiplicity:1.12
0.867	0.001	0.131	0.001
0.131	0.867	0.001	0.001
0.105	0.001	0.128	0.766
0.997	0.001	0.001	0.001
0.001	0.975	0.001	0.023
0.740	0.001	0.258	0.001
0.537	0.052	0.027	0.384
0.263	0.002	0.297	0.437
>ATAGGCCC	14-ATAGGCCC	7.629996	-58.609752	0	T:201.0(6.80%),B:1344.7(2.97%),P:1e-25	Tpos:140.1,Tstd:102.1,Bpos:136.1,Bstd:89.2,StrandBias:-0.1,Multiplicity:1.05
0.782	0.001	0.001	0.216
0.001	0.001	0.032	0.966
0.760	0.213	0.001	0.026
0.021	0.068	0.910	0.001
0.001	0.053	0.930	0.016
0.001	0.866	0.087	0.046
0.262	0.419	0.105	0.214
0.003	0.711	0.285	0.001
>TTTCGCGA	15-TTTCGCGA	7.515438	-51.477597	0	T:152.0(5.14%),B:941.3(2.08%),P:1e-22	Tpos:156.8,Tstd:119.5,Bpos:126.6,Bstd:90.9,StrandBias:-0.1,Multiplicity:1.16
0.338	0.006	0.001	0.655
0.246	0.195	0.143	0.417
0.035	0.001	0.001	0.963
0.002	0.970	0.001	0.027
0.001	0.001	0.860	0.138
0.001	0.997	0.001	0.001
0.253	0.001	0.483	0.263
0.981	0.001	0.001	0.017
>KGCGCAAT	16-KGCGCAAT	7.635510	-40.733123	0	T:138.0(4.67%),B:920.6(2.03%),P:1e-17	Tpos:157.6,Tstd:111.5,Bpos:130.2,Bstd:94.5,StrandBias:0.3,Multiplicity:1.01
0.001	0.001	0.480	0.518
0.228	0.001	0.770	0.001
0.001	0.997	0.001	0.001
0.001	0.001	0.997	0.001
0.180	0.818	0.001	0.001
0.997	0.001	0.001	0.001
0.900	0.001	0.098	0.001
0.001	0.001	0.001	0.997
>TGTCAATC	17-TGTCAATC	7.582626	-40.650584	0	T:168.0(5.68%),B:1228.7(2.71%),P:1e-17	Tpos:186.7,Tstd:170.9,Bpos:139.1,Bstd:93.0,StrandBias:0.0,Multiplicity:1.17
0.001	0.001	0.001	0.997
0.001	0.001	0.997	0.001
0.001	0.001	0.001	0.997
0.001	0.997	0.001	0.001
0.944	0.001	0.054	0.001
0.565	0.132	0.219	0.084
0.001	0.001	0.001	0.997
0.001	0.997	0.001	0.001
>TTTAATCC	18-TTTAATCC	8.525783	-39.047335	0	T:105.0(3.55%),B:620.8(1.37%),P:1e-16	Tpos:147.8,Tstd:107.7,Bpos:139.0,Bstd:90.0,StrandBias:-0.1,Multiplicity:1.11
0.001	0.072	0.083	0.844
0.054	0.001	0.001	0.944
0.001	0.001	0.001	0.997
0.997	0.001	0.001	0.001
0.997	0.001	0.001	0.001
0.001	0.001	0.001	0.997
0.001	0.997	0.001	0.001
0.001	0.997	0.001	0.001
>CCAACCGC	19-CCAACCGC	7.313797	-34.349082	0	T:203.0(6.87%),B:1709.8(3.77%),P:1e-14	Tpos:147.8,Tstd:118.0,Bpos:141.0,Bstd:93.7,StrandBias:0.5,Multiplicity:1.03
0.001	0.997	0.001	0.001
0.001	0.997	0.001	0.001
0.997	0.001	0.001	0.001
0.997	0.001	0.001	0.001
0.001	0.997	0.001	0.001
0.001	0.997	0.001	0.001
0.178	0.001	0.820	0.001
0.001	0.867	0.131	0.001
>CCTTGAAC	20-CCTTGAAC	8.613509	-26.322527	0	T:119.0(4.02%),B:910.0(2.01%),P:1e-11	Tpos:169.1,Tstd:117.5,Bpos:136.1,Bstd:93.1,StrandBias:-0.5,Multiplicity:1.12
0.001	0.997	0.001	0.001
0.001	0.997	0.001	0.001
0.001	0.001	0.001	0.997
0.001	0.001	0.001	0.997
0.055	0.001	0.845	0.099
0.997	0.001	0.001	0.001
0.997	0.001	0.001	0.001
0.001	0.864	0.001	0.134
>CGCAGGCG	21-CGCAGGCG	9.658735	-25.960432	0	T:264.0(8.93%),B:2618.9(5.78%),P:1e-11	Tpos:162.3,Tstd:101.4,Bpos:128.7,Bstd:90.4,StrandBias:-0.1,Multiplicity:1.22
0.001	0.997	0.001	0.001
0.001	0.001	0.997	0.001
0.001	0.997	0.001	0.001
0.997	0.001	0.001	0.001
0.244	0.001	0.754	0.001
0.001	0.001	0.997	0.001
0.001	0.997	0.001	0.001
0.001	0.001	0.997	0.001
>YTAGCRAC	22-YTAGCRAC	7.681378	-23.356546	0	T:122.0(4.13%),B:989.9(2.19%),P:1e-10	Tpos:150.5,Tstd:103.6,Bpos:137.1,Bstd:98.6,StrandBias:-0.1,Multiplicity:1.10
0.160	0.418	0.082	0.339
0.094	0.001	0.028	0.877
0.791	0.117	0.091	0.001
0.005	0.001	0.993	0.001
0.035	0.871	0.001	0.093
0.452	0.001	0.546	0.001
0.658	0.012	0.065	0.265
0.001	0.959	0.001	0.039
>ATTTGCAT	23-ATTTGCAT	9.939219	-22.108776	0	T:67.0(2.27%),B:430.5(0.95%),P:1e-9	Tpos:149.1,Tstd:112.2,Bpos:129.2,Bstd:98.7,StrandBias:0.9,Multiplicity:1.20
0.997	0.001	0.001	0.001
0.001	0.001	0.001	0.997
0.001	0.001	0.001	0.997
0.323	0.001	0.001	0.675
0.001	0.001	0.997	0.001
0.001	0.997	0.001	0.001
0.997	0.001	0.001	0.001
0.001	0.001	0.001	0.997
>AGCCAGTC	24-AGCCAGTC	8.236954	-15.684610	0	T:72.0(2.43%),B:564.7(1.25%),P:1e-6	Tpos:143.9,Tstd:106.8,Bpos:142.0,Bstd:87.6,StrandBias:-0.3,Multiplicity:1.03
0.700	0.100	0.100	0.100
0.100	0.100	0.700	0.100
0.100	0.700	0.100	0.100
0.100	0.700	0.100	0.100
0.700	0.100	0.100	0.100
0.100	0.100	0.700	0.100
0.100	0.100	0.100	0.700
0.100	0.700	0.100	0.100
