>GGCGATAA	1-GGCGATAA	6.745053	-26.405913	0	T:28.0(25.45%),B:2559.1(5.34%),P:1e-11	Tpos:842.3,Tstd:1164.7,Bpos:297.7,Bstd:185.9,StrandBias:0.6,Multiplicity:1.37
0.001	0.001	0.902	0.096
0.082	0.099	0.732	0.087
0.001	0.997	0.001	0.001
0.028	0.028	0.768	0.176
0.898	0.047	0.054	0.001
0.001	0.001	0.120	0.878
0.895	0.001	0.031	0.073
0.997	0.001	0.001	0.001
>TAGTAGCG	2-TAGTAGCG	5.933395	-19.444190	0	T:32.0(29.09%),B:4467.7(9.32%),P:1e-8	Tpos:874.9,Tstd:1282.2,Bpos:296.7,Bstd:189.0,StrandBias:0.0,Multiplicity:1.31
0.001	0.055	0.053	0.891
0.848	0.080	0.001	0.071
0.001	0.001	0.878	0.120
0.001	0.001	0.039	0.959
0.854	0.092	0.053	0.001
0.001	0.001	0.997	0.001
0.068	0.884	0.047	0.001
0.088	0.066	0.778	0.068
>AAAACGTG	3-AAAACGTG	8.236954	-14.521344	0	T:9.0(8.18%),B:407.4(0.85%),P:1e-6	Tpos:249.7,Tstd:134.1,Bpos:296.7,Bstd:230.0,StrandBias:0.7,Multiplicity:2.33
0.700	0.100	0.100	0.100
0.700	0.100	0.100	0.100
0.700	0.100	0.100	0.100
0.700	0.100	0.100	0.100
0.100	0.700	0.100	0.100
0.100	0.100	0.700	0.100
0.100	0.100	0.100	0.700
0.100	0.100	0.700	0.100
>TCGYSATD	4-TCGYSATD	5.140273	-12.690079	0	T:32.0(29.09%),B:5996.5(12.51%),P:1e-5	Tpos:401.2,Tstd:741.5,Bpos:291.2,Bstd:198.8,StrandBias:-1.0,Multiplicity:1.43
0.177	0.001	0.185	0.637
0.001	0.809	0.001	0.189
0.242	0.029	0.682	0.047
0.164	0.394	0.103	0.340
0.001	0.398	0.405	0.196
0.746	0.001	0.198	0.055
0.321	0.001	0.190	0.488
0.372	0.031	0.312	0.286
>RCATTCCT	5-RCATTCCT	7.539227	-11.641738	0	T:17.0(15.45%),B:2154.4(4.50%),P:1e-5	Tpos:579.4,Tstd:838.1,Bpos:289.9,Bstd:187.7,StrandBias:-0.9,Multiplicity:1.00
0.409	0.001	0.343	0.247
0.001	0.992	0.001	0.006
0.534	0.174	0.255	0.037
0.229	0.001	0.001	0.769
0.001	0.221	0.249	0.529
0.001	0.715	0.073	0.211
0.001	0.753	0.171	0.075
0.001	0.006	0.272	0.721
>TAACCCTA	6-TAACCCTA	8.358308	-11.237376	0	T:16.0(14.55%),B:1989.8(4.15%),P:1e-4	Tpos:1025.0,Tstd:1239.2,Bpos:295.6,Bstd:191.1,StrandBias:0.9,Multiplicity:1.62
0.021	0.035	0.066	0.878
0.973	0.001	0.001	0.025
0.572	0.239	0.070	0.119
0.167	0.804	0.028	0.001
0.001	0.997	0.001	0.001
0.112	0.886	0.001	0.001
0.071	0.001	0.001	0.927
0.974	0.024	0.001	0.001
>TGTAGGAC	7-TGTAGGAC	8.236954	-10.735237	0	T:8.0(7.27%),B:498.4(1.04%),P:1e-4	Tpos:228.6,Tstd:156.0,Bpos:293.7,Bstd:198.3,StrandBias:2.6,Multiplicity:1.75
0.100	0.100	0.100	0.700
0.100	0.100	0.700	0.100
0.100	0.100	0.100	0.700
0.700	0.100	0.100	0.100
0.100	0.100	0.700	0.100
0.100	0.100	0.700	0.100
0.700	0.100	0.100	0.100
0.100	0.700	0.100	0.100
>ACTWATTG	8-ACTWATTG	8.074114	-10.396226	0	T:21.0(19.09%),B:3416.0(7.13%),P:1e-4	Tpos:544.8,Tstd:824.2,Bpos:291.0,Bstd:180.7,StrandBias:-0.2,Multiplicity:1.43
0.584	0.352	0.055	0.009
0.352	0.646	0.001	0.001
0.001	0.001	0.001	0.997
0.567	0.001	0.001	0.431
0.997	0.001	0.001	0.001
0.001	0.001	0.001	0.997
0.001	0.001	0.221	0.777
0.280	0.001	0.718	0.001
>CAGTGTTT	9-CAGTGTTT	10.786959	-7.927341	0	T:12.0(10.91%),B:1619.7(3.38%),P:1e-3	Tpos:226.7,Tstd:157.0,Bpos:287.6,Bstd:185.3,StrandBias:0.9,Multiplicity:1.92
0.001	0.997	0.001	0.001
0.997	0.001	0.001	0.001
0.001	0.001	0.997	0.001
0.001	0.001	0.001	0.997
0.001	0.001	0.997	0.001
0.001	0.001	0.001	0.997
0.001	0.001	0.244	0.754
0.001	0.001	0.001	0.997
>CGSAATAT	10-CGSAATAT	7.008183	-6.409321	0	T:9.0(8.18%),B:1179.6(2.46%),P:1e-2	Tpos:393.9,Tstd:756.8,Bpos:296.1,Bstd:194.4,StrandBias:1.6,Multiplicity:3.67
0.033	0.552	0.072	0.343
0.026	0.175	0.703	0.096
0.164	0.312	0.429	0.095
0.501	0.307	0.121	0.071
0.718	0.084	0.094	0.104
0.180	0.021	0.047	0.752
0.865	0.001	0.054	0.080
0.134	0.085	0.084	0.697
>GTTTGGTT	11-GTTTGGTT	8.464341	-6.395846	0	T:20.0(18.18%),B:4273.0(8.92%),P:1e-2	Tpos:867.4,Tstd:1124.4,Bpos:295.1,Bstd:186.8,StrandBias:-1.4,Multiplicity:2.05
0.001	0.001	0.997	0.001
0.001	0.001	0.104	0.894
0.001	0.001	0.001	0.997
0.001	0.001	0.105	0.893
0.001	0.001	0.997	0.001
0.001	0.001	0.997	0.001
0.001	0.001	0.001	0.997
0.001	0.001	0.207	0.791
>AYAGTAKG	12-AYAGTAKG	7.838942	-5.074519	0	T:7.0(6.36%),B:943.5(1.97%),P:1e-2	Tpos:807.6,Tstd:1155.4,Bpos:286.6,Bstd:186.2,StrandBias:0.7,Multiplicity:1.14
0.823	0.175	0.001	0.001
0.143	0.417	0.001	0.439
0.509	0.221	0.145	0.125
0.048	0.001	0.950	0.001
0.001	0.001	0.001	0.997
0.638	0.142	0.219	0.001
0.001	0.203	0.388	0.408
0.001	0.100	0.898	0.001
>TCCTACTC	13-TCCTACTC	7.823917	-4.925449	0	T:9.0(8.18%),B:1481.5(3.09%),P:1e-2	Tpos:534.6,Tstd:987.6,Bpos:282.2,Bstd:183.0,StrandBias:0.7,Multiplicity:1.00
0.069	0.001	0.001	0.929
0.219	0.573	0.024	0.184
0.001	0.712	0.001	0.286
0.204	0.192	0.007	0.597
0.644	0.320	0.001	0.035
0.261	0.461	0.013	0.266
0.005	0.001	0.007	0.987
0.001	0.997	0.001	0.001
>AAATGAGA	14-AAATGAGA	11.038863	-3.859723	0	T:9.0(8.18%),B:1771.9(3.70%),P:1e-1	Tpos:243.3,Tstd:162.1,Bpos:297.3,Bstd:192.6,StrandBias:1.5,Multiplicity:4.33
0.997	0.001	0.001	0.001
0.997	0.001	0.001	0.001
0.997	0.001	0.001	0.001
0.001	0.001	0.001	0.997
0.001	0.001	0.997	0.001
0.970	0.028	0.001	0.001
0.001	0.001	0.997	0.001
0.997	0.001	0.001	0.001
>CAGTTTTC	15-CAGTTTTC	8.236954	-3.493936	0	T:8.0(7.27%),B:1589.8(3.32%),P:1e-1	Tpos:244.3,Tstd:191.2,Bpos:290.3,Bstd:192.7,StrandBias:-1.8,Multiplicity:2.88
0.100	0.700	0.100	0.100
0.700	0.100	0.100	0.100
0.100	0.100	0.700	0.100
0.100	0.100	0.100	0.700
0.100	0.100	0.100	0.700
0.100	0.100	0.100	0.700
0.100	0.100	0.100	0.700
0.100	0.700	0.100	0.100
>CTCCTCCT	16-CTCCTCCT	8.878327	-1.013865	0	T:22.0(20.00%),B:8786.4(18.34%),P:1e0	Tpos:396.7,Tstd:565.5,Bpos:296.5,Bstd:182.9,StrandBias:-1.9,Multiplicity:2.09
0.001	0.883	0.001	0.115
0.001	0.001	0.001	0.997
0.001	0.997	0.001	0.001
0.001	0.825	0.001	0.173
0.001	0.213	0.001	0.785
0.001	0.997	0.001	0.001
0.001	0.924	0.001	0.074
0.001	0.001	0.001	0.997
>TCTTTCTT	17-TCTTTCTT	8.236954	-0.509187	0	T:10.0(9.09%),B:4536.9(9.47%),P:1e0	Tpos:355.3,Tstd:186.0,Bpos:295.4,Bstd:176.7,StrandBias:1.9,Multiplicity:6.20
0.100	0.100	0.100	0.700
0.100	0.700	0.100	0.100
0.100	0.100	0.100	0.700
0.100	0.100	0.100	0.700
0.100	0.100	0.100	0.700
0.100	0.700	0.100	0.100
0.100	0.100	0.100	0.700
0.100	0.100	0.100	0.700
