>TATGGCGA	1-TATGGCGA	10.844063	-26.476809	0	T:13.0(3.53%),B:102.9(0.22%),P:1e-11	Tpos:544.7,Tstd:478.4,Bpos:204.7,Bstd:133.3,StrandBias:0.9,Multiplicity:3.15
0.001	0.001	0.001	0.997
0.997	0.001	0.001	0.001
0.001	0.001	0.001	0.997
0.001	0.001	0.997	0.001
0.001	0.001	0.973	0.025
0.001	0.997	0.001	0.001
0.180	0.001	0.818	0.001
0.997	0.001	0.001	0.001
>TCAATCCG	2-TCAATCCG	7.044600	-21.452380	0	T:43.0(11.68%),B:1885.5(3.99%),P:1e-9	Tpos:289.8,Tstd:618.3,Bpos:196.4,Bstd:136.3,StrandBias:-0.1,Multiplicity:1.00
0.046	0.045	0.089	0.820
0.001	0.943	0.001	0.055
0.970	0.028	0.001	0.001
0.978	0.020	0.001	0.001
0.071	0.001	0.001	0.927
0.001	0.940	0.058	0.001
0.001	0.765	0.194	0.040
0.001	0.216	0.652	0.131
>GCCAATCK	3-GCCAATCK	6.509299	-18.955501	0	T:65.0(17.66%),B:3912.0(8.27%),P:1e-8	Tpos:253.7,Tstd:526.2,Bpos:182.9,Bstd:127.0,StrandBias:-0.2,Multiplicity:1.13
0.030	0.004	0.895	0.071
0.066	0.903	0.001	0.030
0.124	0.524	0.351	0.001
0.842	0.058	0.099	0.001
0.745	0.107	0.078	0.070
0.001	0.135	0.059	0.805
0.045	0.741	0.174	0.040
0.038	0.192	0.411	0.359
>TTGCGTCA	4-TTGCGTCA	5.122100	-17.377047	0	T:120.0(32.61%),B:9645.3(20.40%),P:1e-7	Tpos:367.7,Tstd:722.6,Bpos:196.6,Bstd:134.5,StrandBias:-0.2,Multiplicity:1.38
0.084	0.049	0.123	0.744
0.107	0.054	0.064	0.775
0.072	0.189	0.604	0.135
0.084	0.799	0.094	0.023
0.057	0.074	0.862	0.007
0.114	0.049	0.061	0.776
0.083	0.715	0.035	0.167
0.741	0.082	0.082	0.095
>AACGATCC	5-AACGATCC	5.462467	-17.320152	0	T:101.0(27.45%),B:7633.6(16.15%),P:1e-7	Tpos:440.3,Tstd:717.8,Bpos:202.8,Bstd:138.4,StrandBias:0.3,Multiplicity:1.29
0.799	0.073	0.053	0.075
0.824	0.077	0.059	0.040
0.184	0.728	0.078	0.010
0.083	0.163	0.706	0.048
0.726	0.102	0.112	0.060
0.128	0.058	0.092	0.722
0.096	0.780	0.063	0.061
0.079	0.732	0.099	0.090
>CAATTATT	6-CAATTATT	8.611536	-16.886246	0	T:29.0(7.88%),B:1148.6(2.43%),P:1e-7	Tpos:559.7,Tstd:965.1,Bpos:201.9,Bstd:136.0,StrandBias:0.8,Multiplicity:1.38
0.001	0.820	0.012	0.167
0.726	0.066	0.035	0.173
0.959	0.001	0.001	0.039
0.001	0.001	0.001	0.997
0.313	0.001	0.001	0.685
0.932	0.001	0.001	0.066
0.018	0.001	0.001	0.980
0.001	0.001	0.010	0.988
>TGTAGGAC	7-TGTAGGAC	8.236954	-14.123274	0	T:13.0(3.53%),B:292.8(0.62%),P:1e-6	Tpos:387.3,Tstd:324.1,Bpos:205.0,Bstd:123.9,StrandBias:0.6,Multiplicity:3.54
0.100	0.100	0.100	0.700
0.100	0.100	0.700	0.100
0.100	0.100	0.100	0.700
0.700	0.100	0.100	0.100
0.100	0.100	0.700	0.100
0.100	0.100	0.700	0.100
0.700	0.100	0.100	0.100
0.100	0.700	0.100	0.100
>TTTTCAGT	8-TTTTCAGT	9.124412	-13.141848	0	T:24.0(6.52%),B:1010.9(2.14%),P:1e-5	Tpos:413.0,Tstd:339.9,Bpos:196.3,Bstd:143.0,StrandBias:-0.3,Multiplicity:3.96
0.001	0.001	0.001	0.997
0.001	0.001	0.001	0.997
0.001	0.001	0.001	0.997
0.001	0.001	0.001	0.997
0.001	0.997	0.001	0.001
0.855	0.143	0.001	0.001
0.001	0.001	0.997	0.001
0.001	0.001	0.001	0.997
>CGGCTCTT	9-CGGCTCTT	7.786510	-12.269483	0	T:36.0(9.78%),B:2023.1(4.28%),P:1e-5	Tpos:300.6,Tstd:240.5,Bpos:204.3,Bstd:143.4,StrandBias:1.4,Multiplicity:1.26
0.001	0.997	0.001	0.001
0.001	0.128	0.870	0.001
0.001	0.001	0.997	0.001
0.001	0.997	0.001	0.001
0.001	0.001	0.001	0.997
0.043	0.794	0.097	0.066
0.001	0.001	0.001	0.997
0.001	0.001	0.001	0.997
>TTGTTGGT	10-TTGTTGGT	8.463563	-10.792673	0	T:29.0(7.88%),B:1568.6(3.32%),P:1e-4	Tpos:662.4,Tstd:1051.9,Bpos:197.1,Bstd:131.7,StrandBias:-0.1,Multiplicity:1.32
0.001	0.001	0.172	0.826
0.001	0.001	0.001	0.997
0.281	0.001	0.717	0.001
0.001	0.001	0.001	0.997
0.001	0.105	0.001	0.893
0.224	0.001	0.774	0.001
0.001	0.001	0.856	0.142
0.001	0.001	0.001	0.997
>TGGAATAT	11-TGGAATAT	9.584673	-10.552115	0	T:13.0(3.53%),B:409.1(0.87%),P:1e-4	Tpos:503.8,Tstd:467.9,Bpos:202.5,Bstd:126.6,StrandBias:0.7,Multiplicity:3.64
0.001	0.314	0.001	0.684
0.001	0.087	0.911	0.001
0.001	0.115	0.883	0.001
0.889	0.109	0.001	0.001
0.997	0.001	0.001	0.001
0.001	0.001	0.001	0.997
0.997	0.001	0.001	0.001
0.001	0.001	0.001	0.997
>ACTACACA	12-ACTACACA	7.193181	-8.515799	0	T:39.0(10.60%),B:2716.2(5.75%),P:1e-3	Tpos:508.4,Tstd:773.6,Bpos:192.2,Bstd:127.1,StrandBias:0.1,Multiplicity:1.67
0.997	0.001	0.001	0.001
0.410	0.588	0.001	0.001
0.001	0.001	0.001	0.997
0.835	0.001	0.163	0.001
0.001	0.997	0.001	0.001
0.783	0.001	0.215	0.001
0.001	0.997	0.001	0.001
0.997	0.001	0.001	0.001
>AGGCGGAG	13-AGGCGGAG	8.568699	-7.560080	0	T:89.0(24.18%),B:8186.8(17.32%),P:1e-3	Tpos:243.9,Tstd:449.5,Bpos:186.4,Bstd:131.3,StrandBias:-0.1,Multiplicity:1.48
0.678	0.001	0.320	0.001
0.001	0.001	0.997	0.001
0.001	0.001	0.997	0.001
0.001	0.997	0.001	0.001
0.001	0.001	0.997	0.001
0.001	0.001	0.997	0.001
0.930	0.001	0.068	0.001
0.274	0.001	0.687	0.038
>ACCMCGCC	14-ACCMCGCC	6.345442	-7.448306	0	T:153.0(41.58%),B:15760.7(33.34%),P:1e-3	Tpos:222.8,Tstd:316.9,Bpos:182.0,Bstd:129.2,StrandBias:0.1,Multiplicity:2.00
0.700	0.001	0.298	0.001
0.001	0.661	0.001	0.337
0.176	0.822	0.001	0.001
0.494	0.504	0.001	0.001
0.001	0.997	0.001	0.001
0.001	0.013	0.985	0.001
0.001	0.997	0.001	0.001
0.001	0.997	0.001	0.001
>TCTTACTT	15-TCTTACTT	8.413651	-6.747252	0	T:31.0(8.42%),B:2194.4(4.64%),P:1e-2	Tpos:529.2,Tstd:1036.8,Bpos:200.3,Bstd:138.0,StrandBias:0.5,Multiplicity:1.65
0.309	0.001	0.100	0.590
0.001	0.997	0.001	0.001
0.044	0.001	0.001	0.954
0.001	0.001	0.186	0.812
0.926	0.001	0.001	0.072
0.001	0.716	0.001	0.282
0.001	0.001	0.001	0.997
0.001	0.001	0.001	0.997
>AAAATGAG	16-AAAATGAG	8.236954	-5.479177	0	T:14.0(3.80%),B:791.9(1.67%),P:1e-2	Tpos:453.2,Tstd:394.2,Bpos:196.1,Bstd:141.6,StrandBias:0.5,Multiplicity:5.36
0.700	0.100	0.100	0.100
0.700	0.100	0.100	0.100
0.700	0.100	0.100	0.100
0.700	0.100	0.100	0.100
0.100	0.100	0.100	0.700
0.100	0.100	0.700	0.100
0.700	0.100	0.100	0.100
0.100	0.100	0.700	0.100
>TTATTTCT	17-TTATTTCT	6.998210	-3.487770	0	T:54.0(14.67%),B:5370.7(11.36%),P:1e-1	Tpos:422.8,Tstd:624.7,Bpos:198.4,Bstd:142.9,StrandBias:0.1,Multiplicity:2.91
0.236	0.016	0.211	0.537
0.015	0.205	0.001	0.779
0.574	0.339	0.001	0.086
0.065	0.092	0.205	0.638
0.001	0.097	0.158	0.744
0.033	0.005	0.147	0.815
0.301	0.619	0.079	0.001
0.001	0.091	0.247	0.661
