>YTACGCCY	1-YTACGCCY	2.393381	-71.803607	0	T:1338.0(53.39%),B:19172.4(41.75%),P:1e-31	Tpos:199.6,Tstd:165.0,Bpos:150.7,Bstd:103.3,StrandBias:0.0,Multiplicity:2.42
0.001	0.454	0.001	0.544
0.388	0.057	0.001	0.554
0.591	0.407	0.001	0.001
0.001	0.997	0.001	0.001
0.001	0.001	0.997	0.001
0.001	0.997	0.001	0.001
0.001	0.997	0.001	0.001
0.001	0.526	0.001	0.472
>HCGGAATB	2-HCGGAATB	5.813246	-67.446817	0	T:935.0(37.31%),B:12360.8(26.92%),P:1e-29	Tpos:204.2,Tstd:245.7,Bpos:161.9,Bstd:107.0,StrandBias:0.0,Multiplicity:1.35
0.296	0.412	0.008	0.283
0.181	0.588	0.042	0.189
0.021	0.057	0.921	0.001
0.005	0.160	0.802	0.033
0.910	0.038	0.009	0.043
0.812	0.021	0.048	0.119
0.216	0.028	0.211	0.545
0.033	0.349	0.296	0.321
>TGATTGGC	3-TGATTGGC	7.998207	-57.144625	0	T:322.0(12.85%),B:3206.1(6.98%),P:1e-24	Tpos:226.5,Tstd:252.6,Bpos:140.6,Bstd:96.8,StrandBias:0.0,Multiplicity:1.31
0.001	0.092	0.128	0.779
0.023	0.133	0.812	0.032
0.997	0.001	0.001	0.001
0.001	0.023	0.035	0.941
0.014	0.023	0.001	0.962
0.010	0.010	0.878	0.102
0.011	0.001	0.987	0.001
0.117	0.790	0.001	0.092
>RMAWKCGT	4-RMAWKCGT	5.923936	-44.554461	0	T:486.0(19.39%),B:5925.1(12.90%),P:1e-19	Tpos:201.0,Tstd:210.8,Bpos:159.2,Bstd:107.5,StrandBias:0.0,Multiplicity:1.12
0.348	0.130	0.474	0.048
0.374	0.364	0.189	0.073
0.767	0.001	0.231	0.001
0.503	0.070	0.001	0.426
0.001	0.137	0.495	0.367
0.001	0.997	0.001	0.001
0.001	0.001	0.730	0.268
0.001	0.350	0.001	0.648
>TAACGCGA	5-TAACGCGA	6.244132	-40.464535	0	T:267.0(10.65%),B:2801.9(6.10%),P:1e-17	Tpos:198.3,Tstd:161.8,Bpos:154.2,Bstd:106.9,StrandBias:-0.1,Multiplicity:1.15
0.001	0.001	0.001	0.997
0.561	0.180	0.212	0.047
0.672	0.001	0.001	0.326
0.001	0.817	0.181	0.001
0.001	0.001	0.971	0.027
0.061	0.778	0.043	0.118
0.114	0.001	0.869	0.016
0.801	0.072	0.072	0.055
>MGCGRTTT	6-MGCGRTTT	5.100508	-37.490242	0	T:888.0(35.43%),B:12768.6(27.81%),P:1e-16	Tpos:207.2,Tstd:269.6,Bpos:166.9,Bstd:109.5,StrandBias:-0.1,Multiplicity:1.26
0.356	0.326	0.125	0.194
0.059	0.215	0.552	0.174
0.228	0.586	0.019	0.167
0.135	0.052	0.677	0.136
0.364	0.032	0.453	0.151
0.017	0.019	0.055	0.909
0.043	0.001	0.049	0.907
0.039	0.054	0.258	0.649
>TAAACGCC	7-TAAACGCC	5.475559	-36.439574	0	T:553.0(22.07%),B:7260.1(15.81%),P:1e-15	Tpos:214.0,Tstd:206.6,Bpos:164.8,Bstd:112.9,StrandBias:0.0,Multiplicity:1.15
0.122	0.034	0.205	0.639
0.810	0.017	0.084	0.089
0.698	0.092	0.149	0.061
0.660	0.168	0.113	0.059
0.079	0.881	0.022	0.018
0.033	0.074	0.869	0.024
0.049	0.698	0.116	0.137
0.105	0.753	0.032	0.110
>ACCAATCG	8-ACCAATCG	5.465600	-36.200387	0	T:519.0(20.71%),B:6727.8(14.65%),P:1e-15	Tpos:237.9,Tstd:398.6,Bpos:150.4,Bstd:104.6,StrandBias:0.0,Multiplicity:1.20
0.697	0.077	0.162	0.064
0.106	0.724	0.114	0.056
0.037	0.864	0.049	0.050
0.837	0.047	0.048	0.068
0.744	0.102	0.067	0.087
0.037	0.082	0.083	0.798
0.125	0.661	0.150	0.064
0.111	0.115	0.684	0.090
>ACAACTCC	9-ACAACTCC	7.483223	-25.881961	0	T:141.0(5.63%),B:1388.9(3.02%),P:1e-11	Tpos:199.8,Tstd:145.7,Bpos:160.4,Bstd:104.5,StrandBias:0.1,Multiplicity:1.04
0.847	0.001	0.001	0.151
0.001	0.997	0.001	0.001
0.997	0.001	0.001	0.001
0.997	0.001	0.001	0.001
0.001	0.929	0.001	0.069
0.001	0.001	0.035	0.963
0.001	0.997	0.001	0.001
0.001	0.997	0.001	0.001
>GGGGGGGG	10-GGGGGGGG	8.474874	-21.723058	0	T:476.0(18.99%),B:6649.3(14.48%),P:1e-9	Tpos:180.0,Tstd:171.7,Bpos:159.0,Bstd:96.9,StrandBias:-0.0,Multiplicity:1.28
0.001	0.001	0.931	0.067
0.001	0.001	0.997	0.001
0.001	0.001	0.997	0.001
0.001	0.001	0.899	0.099
0.001	0.001	0.855	0.143
0.001	0.001	0.929	0.069
0.001	0.001	0.930	0.068
0.001	0.001	0.879	0.119
>GAGCGTTC	11-GAGCGTTC	6.094082	-21.678414	0	T:380.0(15.16%),B:5098.3(11.10%),P:1e-9	Tpos:188.7,Tstd:131.5,Bpos:167.1,Bstd:110.1,StrandBias:0.1,Multiplicity:1.09
0.001	0.001	0.949	0.049
0.888	0.057	0.001	0.054
0.037	0.083	0.873	0.007
0.075	0.776	0.048	0.101
0.001	0.082	0.916	0.001
0.019	0.001	0.121	0.859
0.092	0.048	0.001	0.859
0.001	0.956	0.042	0.001
>AGCCGAAT	12-AGCCGAAT	4.633427	-21.362816	0	T:1071.0(42.74%),B:16891.8(36.79%),P:1e-9	Tpos:192.9,Tstd:232.1,Bpos:166.9,Bstd:108.0,StrandBias:-0.0,Multiplicity:1.37
0.733	0.057	0.119	0.091
0.080	0.078	0.768	0.074
0.098	0.759	0.062	0.081
0.080	0.755	0.096	0.069
0.080	0.051	0.803	0.066
0.713	0.051	0.161	0.075
0.775	0.074	0.042	0.109
0.115	0.083	0.101	0.701
>TGACTCAY	13-TGACTCAY	7.445662	-20.567853	0	T:230.0(9.18%),B:2805.3(6.11%),P:1e-8	Tpos:200.6,Tstd:156.1,Bpos:161.9,Bstd:100.4,StrandBias:-0.1,Multiplicity:1.14
0.001	0.001	0.001	0.997
0.001	0.001	0.997	0.001
0.997	0.001	0.001	0.001
0.001	0.772	0.226	0.001
0.001	0.001	0.001	0.997
0.001	0.757	0.241	0.001
0.997	0.001	0.001	0.001
0.001	0.487	0.001	0.511
>GGTGAAAA	14-GGTGAAAA	6.981544	-18.365292	0	T:307.0(12.25%),B:4081.4(8.89%),P:1e-7	Tpos:171.5,Tstd:133.1,Bpos:166.5,Bstd:104.5,StrandBias:0.1,Multiplicity:1.10
0.001	0.031	0.858	0.110
0.001	0.084	0.914	0.001
0.039	0.001	0.001	0.959
0.045	0.016	0.911	0.028
0.907	0.001	0.001	0.091
0.726	0.060	0.190	0.024
0.918	0.001	0.061	0.020
0.803	0.074	0.122	0.001
>TATTATAG	15-TATTATAG	10.865981	-14.347152	0	T:21.0(0.84%),B:104.5(0.23%),P:1e-6	Tpos:103.1,Tstd:75.8,Bpos:162.6,Bstd:103.4,StrandBias:-0.4,Multiplicity:1.00
0.001	0.001	0.001	0.997
0.997	0.001	0.001	0.001
0.001	0.001	0.001	0.997
0.182	0.001	0.001	0.816
0.997	0.001	0.001	0.001
0.001	0.001	0.001	0.997
0.997	0.001	0.001	0.001
0.001	0.001	0.997	0.001
>TAWGTMGT	16-TAWGTMGT	7.630192	-14.112005	0	T:97.0(3.87%),B:1048.1(2.28%),P:1e-6	Tpos:212.3,Tstd:376.2,Bpos:160.9,Bstd:105.7,StrandBias:0.4,Multiplicity:1.24
0.409	0.001	0.001	0.589
0.997	0.001	0.001	0.001
0.542	0.001	0.001	0.456
0.052	0.184	0.702	0.062
0.001	0.079	0.001	0.919
0.472	0.400	0.001	0.127
0.398	0.001	0.600	0.001
0.001	0.001	0.073	0.925
