>CAAGGTCA	1-CAAGGTCA	10.789608	-1192.716685	0	T:976.0(20.44%),B:1240.0(2.77%),P:1e-517	Tpos:267.6,Tstd:170.8,Bpos:214.9,Bstd:133.2,StrandBias:0.1,Multiplicity:1.15
0.001	0.997	0.001	0.001
0.997	0.001	0.001	0.001
0.997	0.001	0.001	0.001
0.001	0.001	0.997	0.001
0.001	0.001	0.997	0.001
0.001	0.242	0.001	0.756
0.001	0.997	0.001	0.001
0.997	0.001	0.001	0.001
>SAAGGTCA	2-SAAGGTCA	7.297553	-679.761075	0	T:1405.0(29.43%),B:4566.6(10.21%),P:1e-295	Tpos:269.2,Tstd:198.1,Bpos:219.9,Bstd:130.4,StrandBias:0.1,Multiplicity:1.08
0.001	0.510	0.409	0.080
0.807	0.056	0.031	0.106
0.831	0.082	0.086	0.001
0.056	0.061	0.832	0.051
0.131	0.001	0.850	0.018
0.032	0.001	0.172	0.795
0.050	0.868	0.081	0.001
0.624	0.001	0.135	0.240
>TCAAGGCC	3-TCAAGGCC	9.131380	-430.458677	0	T:817.0(17.11%),B:2385.3(5.33%),P:1e-186	Tpos:280.8,Tstd:186.1,Bpos:212.2,Bstd:131.5,StrandBias:-0.0,Multiplicity:1.16
0.001	0.001	0.001	0.997
0.001	0.997	0.001	0.001
0.997	0.001	0.001	0.001
0.997	0.001	0.001	0.001
0.001	0.001	0.997	0.001
0.001	0.001	0.997	0.001
0.144	0.854	0.001	0.001
0.001	0.997	0.001	0.001
>ACATTCCT	4-ACATTCCT	7.016154	-176.601826	0	T:970.0(20.32%),B:4933.3(11.03%),P:1e-76	Tpos:267.3,Tstd:238.3,Bpos:216.3,Bstd:126.3,StrandBias:-0.2,Multiplicity:1.12
0.776	0.001	0.222	0.001
0.001	0.997	0.001	0.001
0.997	0.001	0.001	0.001
0.001	0.001	0.001	0.997
0.001	0.001	0.107	0.891
0.001	0.997	0.001	0.001
0.001	0.848	0.031	0.120
0.195	0.001	0.001	0.803
>AGATAASR	5-AGATAASR	7.204038	-170.934959	0	T:695.0(14.56%),B:3096.5(6.93%),P:1e-74	Tpos:273.7,Tstd:209.6,Bpos:215.5,Bstd:127.6,StrandBias:-0.1,Multiplicity:1.19
0.810	0.078	0.050	0.062
0.029	0.024	0.887	0.060
0.910	0.019	0.022	0.049
0.026	0.017	0.024	0.933
0.785	0.019	0.031	0.165
0.819	0.039	0.118	0.024
0.117	0.379	0.455	0.048
0.343	0.115	0.478	0.064
>GGGTGTGG	6-GGGTGTGG	9.710643	-157.955137	0	T:688.0(14.41%),B:3155.6(7.06%),P:1e-68	Tpos:272.2,Tstd:227.0,Bpos:212.2,Bstd:122.3,StrandBias:0.1,Multiplicity:1.18
0.257	0.001	0.741	0.001
0.001	0.001	0.997	0.001
0.001	0.001	0.997	0.001
0.001	0.001	0.001	0.997
0.001	0.001	0.997	0.001
0.001	0.001	0.001	0.997
0.001	0.001	0.997	0.001
0.001	0.001	0.997	0.001
>CCTKAGGC	7-CCTKAGGC	6.464955	-154.027362	0	T:1665.0(34.88%),B:10602.1(23.71%),P:1e-66	Tpos:262.8,Tstd:200.7,Bpos:215.0,Bstd:131.0,StrandBias:-0.0,Multiplicity:1.31
0.058	0.844	0.046	0.052
0.041	0.754	0.038	0.167
0.026	0.171	0.019	0.784
0.225	0.137	0.254	0.384
0.799	0.011	0.144	0.046
0.108	0.020	0.836	0.036
0.034	0.054	0.843	0.069
0.012	0.762	0.199	0.027
>AGATTAAA	8-AGATTAAA	5.990032	-139.467945	0	T:1044.0(21.87%),B:5885.4(13.16%),P:1e-60	Tpos:266.1,Tstd:251.1,Bpos:213.3,Bstd:129.8,StrandBias:-0.0,Multiplicity:1.12
0.986	0.012	0.001	0.001
0.001	0.001	0.997	0.001
0.997	0.001	0.001	0.001
0.001	0.001	0.001	0.997
0.144	0.001	0.001	0.854
0.997	0.001	0.001	0.001
0.792	0.116	0.091	0.001
0.760	0.053	0.186	0.001
>TCTCGCGA	9-TCTCGCGA	10.909154	-135.966890	0	T:121.0(2.53%),B:162.4(0.36%),P:1e-59	Tpos:233.0,Tstd:151.3,Bpos:183.3,Bstd:110.4,StrandBias:0.2,Multiplicity:1.23
0.001	0.001	0.001	0.997
0.146	0.852	0.001	0.001
0.001	0.001	0.001	0.997
0.001	0.997	0.001	0.001
0.001	0.001	0.997	0.001
0.001	0.997	0.001	0.001
0.001	0.001	0.997	0.001
0.997	0.001	0.001	0.001
>AATTCCGG	10-AATTCCGG	6.081688	-132.442840	0	T:1745.0(36.55%),B:11616.8(25.98%),P:1e-57	Tpos:264.1,Tstd:233.0,Bpos:213.2,Bstd:128.4,StrandBias:-0.0,Multiplicity:1.35
0.670	0.132	0.138	0.060
0.806	0.115	0.035	0.044
0.117	0.011	0.021	0.851
0.019	0.139	0.106	0.736
0.054	0.912	0.016	0.018
0.101	0.741	0.040	0.118
0.243	0.069	0.499	0.188
0.095	0.039	0.789	0.077
>CCCGCCCA	11-CCCGCCCA	3.929833	-117.269625	0	T:1622.0(33.98%),B:10843.5(24.25%),P:1e-50	Tpos:233.9,Tstd:195.6,Bpos:198.2,Bstd:129.1,StrandBias:-0.0,Multiplicity:2.32
0.001	0.696	0.001	0.302
0.039	0.959	0.001	0.001
0.001	0.997	0.001	0.001
0.001	0.001	0.997	0.001
0.001	0.997	0.001	0.001
0.001	0.997	0.001	0.001
0.001	0.704	0.001	0.294
0.477	0.294	0.001	0.227
>AGGGAGTG	12-AGGGAGTG	8.250508	-69.955715	0	T:889.0(18.62%),B:5689.1(12.72%),P:1e-30	Tpos:253.3,Tstd:192.1,Bpos:211.1,Bstd:125.8,StrandBias:0.0,Multiplicity:1.15
0.848	0.001	0.001	0.150
0.001	0.001	0.997	0.001
0.001	0.001	0.997	0.001
0.179	0.001	0.819	0.001
0.811	0.001	0.001	0.187
0.001	0.001	0.997	0.001
0.001	0.001	0.001	0.997
0.001	0.001	0.893	0.105
>TTGAGWYA	13-TTGAGWYA	8.363740	-66.468257	0	T:456.0(9.55%),B:2449.5(5.48%),P:1e-28	Tpos:297.7,Tstd:301.7,Bpos:211.0,Bstd:129.8,StrandBias:-0.1,Multiplicity:1.07
0.001	0.411	0.001	0.587
0.001	0.272	0.001	0.726
0.313	0.001	0.685	0.001
0.867	0.131	0.001	0.001
0.001	0.001	0.997	0.001
0.557	0.001	0.001	0.441
0.001	0.531	0.001	0.467
0.997	0.001	0.001	0.001
>GCCCCACC	14-GCCCCACC	9.759989	-64.776549	0	T:483.0(10.12%),B:2664.9(5.96%),P:1e-28	Tpos:245.2,Tstd:200.4,Bpos:206.3,Bstd:127.0,StrandBias:-0.2,Multiplicity:1.12
0.001	0.001	0.997	0.001
0.001	0.997	0.001	0.001
0.001	0.728	0.001	0.270
0.001	0.997	0.001	0.001
0.001	0.997	0.001	0.001
0.997	0.001	0.001	0.001
0.001	0.997	0.001	0.001
0.001	0.997	0.001	0.001
>CTAGRCTA	15-CTAGRCTA	5.220450	-59.318543	0	T:1429.0(29.93%),B:10399.3(23.26%),P:1e-25	Tpos:262.3,Tstd:234.7,Bpos:213.2,Bstd:131.3,StrandBias:-0.0,Multiplicity:1.27
0.067	0.666	0.257	0.010
0.147	0.090	0.207	0.556
0.602	0.001	0.189	0.208
0.220	0.174	0.403	0.204
0.318	0.083	0.440	0.158
0.158	0.596	0.001	0.245
0.195	0.001	0.021	0.783
0.682	0.001	0.001	0.316
>CWAGGYTA	16-CWAGGYTA	7.517981	-51.907510	0	T:291.0(6.10%),B:1456.7(3.26%),P:1e-22	Tpos:280.6,Tstd:192.9,Bpos:209.6,Bstd:131.6,StrandBias:-0.1,Multiplicity:1.09
0.278	0.684	0.001	0.037
0.519	0.011	0.095	0.375
0.530	0.033	0.181	0.256
0.001	0.163	0.835	0.001
0.147	0.003	0.841	0.009
0.051	0.458	0.001	0.490
0.033	0.001	0.331	0.635
0.731	0.031	0.003	0.235
>TTTGTTTT	17-TTTGTTTT	10.679793	-50.819812	0	T:785.0(16.44%),B:5214.7(11.66%),P:1e-22	Tpos:287.1,Tstd:236.0,Bpos:208.4,Bstd:142.3,StrandBias:-0.3,Multiplicity:1.96
0.047	0.001	0.065	0.887
0.001	0.001	0.001	0.997
0.001	0.001	0.001	0.997
0.001	0.001	0.997	0.001
0.001	0.001	0.001	0.997
0.001	0.001	0.001	0.997
0.031	0.001	0.001	0.967
0.001	0.001	0.213	0.785
>CTTATCCG	18-CTTATCCG	7.028884	-46.536286	0	T:220.0(4.61%),B:1032.2(2.31%),P:1e-20	Tpos:288.5,Tstd:283.1,Bpos:216.1,Bstd:129.6,StrandBias:0.0,Multiplicity:1.03
0.001	0.923	0.075	0.001
0.001	0.001	0.001	0.997
0.001	0.001	0.001	0.997
0.997	0.001	0.001	0.001
0.001	0.001	0.001	0.997
0.001	0.997	0.001	0.001
0.268	0.712	0.019	0.001
0.001	0.001	0.997	0.001
>AATCCGGT	19-AATCCGGT	5.871876	-45.608540	0	T:689.0(14.43%),B:4547.8(10.17%),P:1e-19	Tpos:269.8,Tstd:315.1,Bpos:217.9,Bstd:133.4,StrandBias:-0.1,Multiplicity:1.09
0.789	0.058	0.066	0.087
0.777	0.092	0.073	0.058
0.112	0.130	0.039	0.719
0.031	0.887	0.031	0.051
0.135	0.769	0.074	0.022
0.098	0.070	0.732	0.100
0.058	0.076	0.794	0.072
0.159	0.223	0.079	0.539
>CGCGATAN	20-CGCGATAN	8.082575	-43.998383	0	T:69.0(1.45%),B:171.3(0.38%),P:1e-19	Tpos:357.3,Tstd:299.4,Bpos:207.1,Bstd:144.6,StrandBias:-0.6,Multiplicity:1.60
0.001	0.893	0.001	0.105
0.001	0.001	0.997	0.001
0.001	0.771	0.001	0.227
0.105	0.285	0.609	0.001
0.870	0.001	0.001	0.128
0.001	0.001	0.001	0.997
0.997	0.001	0.001	0.001
0.227	0.228	0.253	0.292
>RSAGATCT	21-RSAGATCT	7.709595	-43.843761	0	T:905.0(18.96%),B:6348.4(14.20%),P:1e-19	Tpos:257.6,Tstd:229.0,Bpos:209.1,Bstd:127.6,StrandBias:-0.1,Multiplicity:1.14
0.517	0.097	0.385	0.001
0.001	0.535	0.463	0.001
0.997	0.001	0.001	0.001
0.001	0.001	0.997	0.001
0.997	0.001	0.001	0.001
0.001	0.001	0.001	0.997
0.001	0.769	0.001	0.229
0.001	0.001	0.001	0.997
>RCGCATGC	22-RCGCATGC	7.621645	-28.308327	0	T:237.0(4.96%),B:1355.1(3.03%),P:1e-12	Tpos:236.0,Tstd:172.2,Bpos:197.6,Bstd:121.6,StrandBias:0.1,Multiplicity:1.05
0.466	0.035	0.441	0.059
0.001	0.761	0.156	0.082
0.090	0.001	0.810	0.099
0.280	0.718	0.001	0.001
0.733	0.249	0.017	0.001
0.161	0.001	0.080	0.758
0.080	0.056	0.839	0.025
0.001	0.954	0.044	0.001
>CCAATGTC	23-CCAATGTC	8.236954	-23.122367	0	T:107.0(2.24%),B:505.3(1.13%),P:1e-10	Tpos:265.1,Tstd:209.5,Bpos:218.7,Bstd:128.1,StrandBias:0.2,Multiplicity:1.07
0.100	0.700	0.100	0.100
0.100	0.700	0.100	0.100
0.700	0.100	0.100	0.100
0.700	0.100	0.100	0.100
0.100	0.100	0.100	0.700
0.100	0.100	0.700	0.100
0.100	0.100	0.100	0.700
0.100	0.700	0.100	0.100
>TGAGAAAT	24-TGAGAAAT	8.236954	-13.672342	0	T:152.0(3.18%),B:948.9(2.12%),P:1e-5	Tpos:283.7,Tstd:252.1,Bpos:213.1,Bstd:130.5,StrandBias:0.3,Multiplicity:1.19
0.100	0.100	0.100	0.700
0.100	0.100	0.700	0.100
0.700	0.100	0.100	0.100
0.100	0.100	0.700	0.100
0.700	0.100	0.100	0.100
0.700	0.100	0.100	0.100
0.700	0.100	0.100	0.100
0.100	0.100	0.100	0.700
>ACAACAAC	25-ACAACAAC	8.398358	-8.835397	0	T:415.0(8.69%),B:3257.5(7.29%),P:1e-3	Tpos:264.7,Tstd:251.1,Bpos:213.5,Bstd:137.5,StrandBias:-0.1,Multiplicity:1.13
0.997	0.001	0.001	0.001
0.147	0.851	0.001	0.001
0.908	0.001	0.001	0.090
0.997	0.001	0.001	0.001
0.001	0.909	0.001	0.089
0.997	0.001	0.001	0.001
0.997	0.001	0.001	0.001
0.001	0.997	0.001	0.001
