>CYWTTGTY	1-CYWTTGTY	7.980883	-291.177725	0	T:990.0(29.54%),B:6175.8(13.58%),P:1e-126	Tpos:784.6,Tstd:3030.4,Bpos:283.3,Bstd:183.3,StrandBias:-0.1,Multiplicity:1.31
0.001	0.923	0.075	0.001
0.091	0.526	0.001	0.382
0.477	0.001	0.001	0.521
0.001	0.001	0.001	0.997
0.041	0.001	0.001	0.957
0.001	0.001	0.838	0.160
0.001	0.001	0.160	0.838
0.119	0.338	0.147	0.396
>TCTCGCGA	2-TCTCGCGA	10.931209	-245.336942	0	T:217.0(6.48%),B:420.7(0.92%),P:1e-106	Tpos:309.2,Tstd:206.1,Bpos:234.4,Bstd:162.5,StrandBias:0.0,Multiplicity:1.19
0.001	0.001	0.001	0.997
0.127	0.871	0.001	0.001
0.001	0.001	0.001	0.997
0.001	0.997	0.001	0.001
0.001	0.001	0.997	0.001
0.001	0.997	0.001	0.001
0.001	0.001	0.997	0.001
0.997	0.001	0.001	0.001
>CACAAWGG	3-CACAAWGG	6.130015	-132.499122	0	T:1528.0(45.60%),B:14671.3(32.26%),P:1e-57	Tpos:1559.1,Tstd:5417.6,Bpos:280.1,Bstd:174.8,StrandBias:0.1,Multiplicity:1.53
0.108	0.701	0.190	0.001
0.997	0.001	0.001	0.001
0.001	0.997	0.001	0.001
0.997	0.001	0.001	0.001
0.997	0.001	0.001	0.001
0.442	0.001	0.001	0.556
0.095	0.001	0.903	0.001
0.182	0.110	0.707	0.001
>AATCYCGC	4-AATCYCGC	6.316892	-93.491812	0	T:850.0(25.37%),B:7393.4(16.26%),P:1e-40	Tpos:514.0,Tstd:2011.7,Bpos:281.1,Bstd:184.4,StrandBias:0.1,Multiplicity:1.26
0.635	0.001	0.031	0.333
0.768	0.001	0.230	0.001
0.358	0.001	0.001	0.640
0.279	0.719	0.001	0.001
0.001	0.510	0.001	0.488
0.084	0.910	0.005	0.001
0.098	0.001	0.900	0.001
0.001	0.828	0.001	0.170
>GTTACACT	5-GTTACACT	8.236954	-57.349075	0	T:89.0(2.66%),B:316.0(0.69%),P:1e-24	Tpos:1017.5,Tstd:5551.2,Bpos:271.5,Bstd:183.8,StrandBias:-0.0,Multiplicity:1.04
0.100	0.100	0.700	0.100
0.100	0.100	0.100	0.700
0.100	0.100	0.100	0.700
0.700	0.100	0.100	0.100
0.100	0.700	0.100	0.100
0.700	0.100	0.100	0.100
0.100	0.700	0.100	0.100
0.100	0.100	0.100	0.700
>GAYAAWMG	6-GAYAAWMG	8.145355	-54.340943	0	T:446.0(13.31%),B:3697.7(8.13%),P:1e-23	Tpos:1067.5,Tstd:3537.8,Bpos:273.7,Bstd:181.9,StrandBias:0.0,Multiplicity:1.14
0.001	0.001	0.937	0.061
0.611	0.387	0.001	0.001
0.001	0.500	0.001	0.498
0.997	0.001	0.001	0.001
0.997	0.001	0.001	0.001
0.475	0.001	0.001	0.523
0.562	0.421	0.002	0.015
0.001	0.001	0.997	0.001
>GCATTRCW	7-GCATTRCW	8.550667	-52.760003	0	T:88.0(2.63%),B:331.7(0.73%),P:1e-22	Tpos:815.7,Tstd:2650.2,Bpos:275.7,Bstd:173.9,StrandBias:-0.3,Multiplicity:1.11
0.126	0.001	0.872	0.001
0.001	0.726	0.001	0.272
0.956	0.001	0.042	0.001
0.244	0.043	0.001	0.712
0.001	0.001	0.001	0.997
0.540	0.059	0.400	0.001
0.001	0.754	0.001	0.244
0.451	0.186	0.060	0.303
>GGATTARC	8-GGATTARC	5.322545	-50.930645	0	T:1286.0(38.38%),B:13841.4(30.43%),P:1e-22	Tpos:922.3,Tstd:3547.3,Bpos:273.2,Bstd:177.9,StrandBias:-0.1,Multiplicity:1.37
0.105	0.074	0.605	0.216
0.100	0.061	0.828	0.011
0.579	0.139	0.177	0.105
0.155	0.148	0.014	0.683
0.019	0.070	0.001	0.910
0.561	0.021	0.288	0.130
0.345	0.118	0.384	0.153
0.045	0.535	0.262	0.158
>ATTWGCAA	9-ATTWGCAA	7.182306	-50.789828	0	T:696.0(20.77%),B:6599.6(14.51%),P:1e-22	Tpos:1273.6,Tstd:4412.1,Bpos:278.5,Bstd:182.0,StrandBias:0.0,Multiplicity:1.36
0.619	0.184	0.019	0.178
0.029	0.001	0.128	0.842
0.305	0.001	0.001	0.693
0.470	0.046	0.001	0.483
0.028	0.001	0.970	0.001
0.071	0.927	0.001	0.001
0.812	0.001	0.178	0.009
0.836	0.001	0.001	0.162
>CCCGCCTA	10-CCCGCCTA	6.638011	-47.840236	0	T:925.0(27.60%),B:9429.4(20.73%),P:1e-20	Tpos:525.0,Tstd:2606.8,Bpos:262.6,Bstd:176.3,StrandBias:-0.1,Multiplicity:1.46
0.092	0.524	0.123	0.261
0.121	0.768	0.060	0.051
0.026	0.819	0.104	0.051
0.034	0.125	0.810	0.031
0.022	0.859	0.050	0.069
0.034	0.864	0.048	0.054
0.071	0.249	0.001	0.679
0.682	0.106	0.006	0.206
>YRATTGGY	11-YRATTGGY	7.335803	-47.460276	0	T:532.0(15.88%),B:4797.0(10.55%),P:1e-20	Tpos:1215.0,Tstd:4536.3,Bpos:256.7,Bstd:169.4,StrandBias:0.1,Multiplicity:1.29
0.045	0.346	0.139	0.470
0.379	0.114	0.378	0.130
0.983	0.001	0.001	0.015
0.001	0.001	0.001	0.997
0.001	0.001	0.001	0.997
0.389	0.045	0.546	0.020
0.001	0.071	0.927	0.001
0.001	0.396	0.230	0.373
>CCYTTTCA	12-CCYTTTCA	7.044842	-45.432481	0	T:824.0(24.59%),B:8277.7(18.20%),P:1e-19	Tpos:1073.1,Tstd:3948.6,Bpos:276.7,Bstd:176.4,StrandBias:-0.0,Multiplicity:1.27
0.093	0.630	0.276	0.001
0.001	0.751	0.091	0.157
0.001	0.543	0.001	0.455
0.228	0.001	0.001	0.770
0.140	0.001	0.136	0.723
0.001	0.001	0.001	0.997
0.001	0.584	0.414	0.001
0.847	0.001	0.001	0.151
>ATTCRYGA	13-ATTCRYGA	8.248388	-45.144630	0	T:171.0(5.10%),B:1062.5(2.34%),P:1e-19	Tpos:952.4,Tstd:3848.0,Bpos:271.5,Bstd:177.3,StrandBias:-0.1,Multiplicity:1.06
0.997	0.001	0.001	0.001
0.149	0.001	0.001	0.849
0.001	0.001	0.001	0.997
0.098	0.900	0.001	0.001
0.422	0.197	0.381	0.001
0.001	0.558	0.001	0.440
0.001	0.077	0.921	0.001
0.544	0.001	0.354	0.101
>RGGGGCGT	14-RGGGGCGT	5.153914	-38.611426	0	T:1634.0(48.76%),B:18885.2(41.52%),P:1e-16	Tpos:640.8,Tstd:2663.6,Bpos:268.0,Bstd:176.0,StrandBias:-0.0,Multiplicity:2.02
0.507	0.001	0.491	0.001
0.001	0.001	0.997	0.001
0.179	0.001	0.819	0.001
0.001	0.001	0.997	0.001
0.001	0.001	0.997	0.001
0.001	0.708	0.014	0.277
0.001	0.001	0.997	0.001
0.001	0.001	0.024	0.974
>GTATTGCA	15-GTATTGCA	10.842422	-36.799619	0	T:70.0(2.09%),B:294.8(0.65%),P:1e-15	Tpos:348.0,Tstd:549.2,Bpos:271.1,Bstd:156.5,StrandBias:0.2,Multiplicity:1.02
0.001	0.001	0.997	0.001
0.001	0.001	0.001	0.997
0.997	0.001	0.001	0.001
0.001	0.001	0.001	0.997
0.201	0.001	0.001	0.797
0.001	0.001	0.997	0.001
0.001	0.997	0.001	0.001
0.997	0.001	0.001	0.001
>RCAAATCG	16-RCAAATCG	7.397759	-36.023489	0	T:232.0(6.92%),B:1778.2(3.91%),P:1e-15	Tpos:1307.1,Tstd:5380.7,Bpos:277.1,Bstd:179.8,StrandBias:-0.0,Multiplicity:1.08
0.503	0.001	0.495	0.001
0.001	0.997	0.001	0.001
0.796	0.001	0.001	0.202
0.787	0.211	0.001	0.001
0.997	0.001	0.001	0.001
0.001	0.001	0.001	0.997
0.001	0.918	0.080	0.001
0.001	0.001	0.997	0.001
>TCCGCCTT	17-TCCGCCTT	7.292349	-32.615685	0	T:463.0(13.82%),B:4390.5(9.65%),P:1e-14	Tpos:370.9,Tstd:745.5,Bpos:272.0,Bstd:179.7,StrandBias:-0.0,Multiplicity:1.18
0.135	0.005	0.001	0.859
0.093	0.832	0.046	0.029
0.001	0.903	0.095	0.001
0.001	0.001	0.935	0.063
0.186	0.658	0.027	0.129
0.054	0.705	0.075	0.166
0.070	0.343	0.064	0.523
0.029	0.189	0.001	0.781
>CATTCGCT	18-CATTCGCT	6.791687	-32.145084	0	T:315.0(9.40%),B:2734.7(6.01%),P:1e-13	Tpos:945.5,Tstd:4058.9,Bpos:272.1,Bstd:171.5,StrandBias:-0.2,Multiplicity:1.12
0.142	0.552	0.001	0.305
0.997	0.001	0.001	0.001
0.092	0.001	0.001	0.906
0.001	0.158	0.001	0.840
0.001	0.926	0.072	0.001
0.001	0.001	0.997	0.001
0.001	0.997	0.001	0.001
0.082	0.001	0.137	0.780
>GTGAAATC	19-GTGAAATC	10.804054	-32.092059	0	T:97.0(2.89%),B:543.0(1.19%),P:1e-13	Tpos:697.0,Tstd:2263.2,Bpos:271.1,Bstd:189.5,StrandBias:-0.3,Multiplicity:1.01
0.001	0.001	0.997	0.001
0.001	0.001	0.001	0.997
0.001	0.001	0.997	0.001
0.997	0.001	0.001	0.001
0.997	0.001	0.001	0.001
0.997	0.001	0.001	0.001
0.001	0.001	0.231	0.767
0.001	0.997	0.001	0.001
>CCCCTGGT	20-CCCCTGGT	8.236954	-32.003825	0	T:149.0(4.45%),B:1016.9(2.24%),P:1e-13	Tpos:677.2,Tstd:3908.7,Bpos:284.8,Bstd:174.1,StrandBias:-0.3,Multiplicity:1.04
0.100	0.700	0.100	0.100
0.100	0.700	0.100	0.100
0.100	0.700	0.100	0.100
0.100	0.700	0.100	0.100
0.100	0.100	0.100	0.700
0.100	0.100	0.700	0.100
0.100	0.100	0.700	0.100
0.100	0.100	0.100	0.700
>CCTCCCCC	21-CCTCCCCC	10.740818	-31.807444	0	T:647.0(19.31%),B:6588.4(14.49%),P:1e-13	Tpos:611.1,Tstd:2288.3,Bpos:275.0,Bstd:187.2,StrandBias:-0.1,Multiplicity:1.32
0.001	0.997	0.001	0.001
0.159	0.720	0.001	0.120
0.001	0.001	0.001	0.997
0.001	0.997	0.001	0.001
0.001	0.997	0.001	0.001
0.001	0.997	0.001	0.001
0.001	0.997	0.001	0.001
0.001	0.997	0.001	0.001
>KCAAGTCG	22-KCAAGTCG	8.125187	-29.714623	0	T:166.0(4.95%),B:1214.3(2.67%),P:1e-12	Tpos:962.7,Tstd:2834.1,Bpos:276.1,Bstd:180.4,StrandBias:-0.5,Multiplicity:1.10
0.001	0.001	0.571	0.427
0.001	0.997	0.001	0.001
0.611	0.001	0.001	0.387
0.997	0.001	0.001	0.001
0.001	0.001	0.997	0.001
0.001	0.001	0.001	0.997
0.001	0.848	0.001	0.150
0.001	0.001	0.997	0.001
>GAATTCCG	23-GAATTCCG	6.048126	-26.498365	0	T:648.0(19.34%),B:6793.2(14.94%),P:1e-11	Tpos:1460.3,Tstd:5591.4,Bpos:277.0,Bstd:182.1,StrandBias:-0.0,Multiplicity:1.30
0.109	0.084	0.698	0.109
0.805	0.097	0.056	0.042
0.803	0.078	0.025	0.094
0.132	0.020	0.011	0.837
0.045	0.037	0.103	0.815
0.032	0.861	0.067	0.040
0.189	0.601	0.077	0.133
0.076	0.149	0.583	0.192
>GCTTTGTT	24-GCTTTGTT	8.320450	-26.321198	0	T:234.0(6.98%),B:1981.5(4.36%),P:1e-11	Tpos:897.7,Tstd:4325.1,Bpos:280.1,Bstd:180.2,StrandBias:0.2,Multiplicity:1.10
0.001	0.001	0.997	0.001
0.001	0.997	0.001	0.001
0.124	0.001	0.064	0.811
0.001	0.001	0.001	0.997
0.001	0.001	0.001	0.997
0.001	0.001	0.997	0.001
0.001	0.001	0.001	0.997
0.001	0.001	0.001	0.997
>ATATGGCG	25-ATATGGCG	8.236954	-9.580378	0	T:24.0(0.72%),B:131.2(0.29%),P:1e-4	Tpos:884.8,Tstd:774.5,Bpos:271.3,Bstd:167.6,StrandBias:0.2,Multiplicity:2.42
0.700	0.100	0.100	0.100
0.100	0.100	0.100	0.700
0.700	0.100	0.100	0.100
0.100	0.100	0.100	0.700
0.100	0.100	0.700	0.100
0.100	0.100	0.700	0.100
0.100	0.700	0.100	0.100
0.100	0.100	0.700	0.100
