>TCTCGCGA	1-TCTCGCGA	10.948284	-298.896430	0	T:193.0(6.19%),B:252.6(0.55%),P:1e-129	Tpos:246.1,Tstd:124.3,Bpos:161.6,Bstd:110.1,StrandBias:0.1,Multiplicity:1.19
0.001	0.001	0.001	0.997
0.112	0.886	0.001	0.001
0.001	0.001	0.001	0.997
0.001	0.997	0.001	0.001
0.001	0.001	0.997	0.001
0.001	0.997	0.001	0.001
0.001	0.001	0.997	0.001
0.997	0.001	0.001	0.001
>CCATTGTT	2-CCATTGTT	6.772621	-215.718008	0	T:811.0(26.00%),B:5640.0(12.37%),P:1e-93	Tpos:223.3,Tstd:167.5,Bpos:184.0,Bstd:116.3,StrandBias:-0.1,Multiplicity:1.33
0.001	0.933	0.034	0.032
0.001	0.766	0.002	0.231
0.688	0.026	0.004	0.282
0.001	0.001	0.012	0.986
0.001	0.001	0.001	0.997
0.001	0.001	0.997	0.001
0.001	0.001	0.001	0.997
0.155	0.092	0.062	0.691
>GGGGGGGG	3-GGGGGGGG	8.451226	-112.527414	0	T:561.0(17.99%),B:4287.4(9.41%),P:1e-48	Tpos:200.8,Tstd:177.1,Bpos:176.2,Bstd:121.1,StrandBias:-0.3,Multiplicity:1.15
0.037	0.001	0.893	0.069
0.001	0.001	0.894	0.104
0.001	0.001	0.997	0.001
0.001	0.001	0.997	0.001
0.001	0.001	0.997	0.001
0.001	0.001	0.915	0.083
0.001	0.001	0.954	0.044
0.045	0.001	0.889	0.065
>CCTTTGTC	4-CCTTTGTC	8.589108	-110.338685	0	T:496.0(15.90%),B:3622.9(7.95%),P:1e-47	Tpos:225.3,Tstd:209.5,Bpos:181.9,Bstd:114.8,StrandBias:-0.1,Multiplicity:1.15
0.001	0.739	0.011	0.249
0.182	0.519	0.052	0.247
0.001	0.001	0.012	0.986
0.001	0.001	0.001	0.997
0.001	0.001	0.001	0.997
0.001	0.001	0.962	0.036
0.025	0.001	0.001	0.973
0.001	0.765	0.233	0.001
>CATTATTC	5-CATTATTC	8.236954	-71.320533	0	T:89.0(2.85%),B:277.6(0.61%),P:1e-30	Tpos:200.7,Tstd:208.7,Bpos:177.0,Bstd:115.5,StrandBias:-0.3,Multiplicity:1.00
0.100	0.700	0.100	0.100
0.700	0.100	0.100	0.100
0.100	0.100	0.100	0.700
0.100	0.100	0.100	0.700
0.700	0.100	0.100	0.100
0.100	0.100	0.100	0.700
0.100	0.100	0.100	0.700
0.100	0.700	0.100	0.100
>CCTATTCA	6-CCTATTCA	8.236954	-65.762072	0	T:87.0(2.79%),B:287.1(0.63%),P:1e-28	Tpos:256.4,Tstd:286.0,Bpos:182.7,Bstd:112.2,StrandBias:0.1,Multiplicity:1.02
0.100	0.700	0.100	0.100
0.100	0.700	0.100	0.100
0.100	0.100	0.100	0.700
0.700	0.100	0.100	0.100
0.100	0.100	0.100	0.700
0.100	0.100	0.100	0.700
0.100	0.700	0.100	0.100
0.700	0.100	0.100	0.100
>CATTACAA	7-CATTACAA	8.236954	-50.411703	0	T:81.0(2.60%),B:319.5(0.70%),P:1e-21	Tpos:217.4,Tstd:163.1,Bpos:195.6,Bstd:113.1,StrandBias:0.3,Multiplicity:1.00
0.100	0.700	0.100	0.100
0.700	0.100	0.100	0.100
0.100	0.100	0.100	0.700
0.100	0.100	0.100	0.700
0.700	0.100	0.100	0.100
0.100	0.700	0.100	0.100
0.700	0.100	0.100	0.100
0.700	0.100	0.100	0.100
>GCTCCGCC	8-GCTCCGCC	5.413866	-48.964022	0	T:1042.0(33.41%),B:11711.6(25.69%),P:1e-21	Tpos:212.3,Tstd:177.8,Bpos:170.9,Bstd:116.2,StrandBias:-0.1,Multiplicity:2.03
0.260	0.001	0.656	0.083
0.001	0.727	0.001	0.271
0.234	0.065	0.001	0.700
0.241	0.757	0.001	0.001
0.001	0.997	0.001	0.001
0.001	0.001	0.997	0.001
0.001	0.997	0.001	0.001
0.001	0.997	0.001	0.001
>TAATTAGC	9-TAATTAGC	7.181151	-48.855507	0	T:285.0(9.14%),B:2275.4(4.99%),P:1e-21	Tpos:272.2,Tstd:450.8,Bpos:179.9,Bstd:121.1,StrandBias:-0.0,Multiplicity:1.14
0.001	0.067	0.050	0.882
0.918	0.079	0.002	0.001
0.967	0.013	0.001	0.019
0.001	0.014	0.001	0.984
0.017	0.001	0.001	0.981
0.895	0.001	0.032	0.072
0.001	0.053	0.888	0.058
0.123	0.589	0.153	0.135
>SGGAATTC	10-SGGAATTC	6.906386	-47.763746	0	T:446.0(14.30%),B:4133.7(9.07%),P:1e-20	Tpos:219.8,Tstd:176.2,Bpos:184.7,Bstd:120.4,StrandBias:-0.1,Multiplicity:1.23
0.181	0.315	0.336	0.168
0.322	0.025	0.502	0.151
0.101	0.114	0.784	0.001
0.744	0.087	0.100	0.069
0.652	0.001	0.044	0.303
0.001	0.022	0.001	0.976
0.001	0.028	0.094	0.877
0.026	0.931	0.042	0.001
>CATTCWTA	11-CATTCWTA	8.224091	-46.950736	0	T:300.0(9.62%),B:2472.3(5.42%),P:1e-20	Tpos:201.5,Tstd:165.7,Bpos:183.1,Bstd:110.8,StrandBias:0.2,Multiplicity:1.17
0.001	0.997	0.001	0.001
0.997	0.001	0.001	0.001
0.179	0.249	0.001	0.571
0.001	0.001	0.001	0.997
0.001	0.997	0.001	0.001
0.511	0.001	0.001	0.487
0.001	0.063	0.198	0.738
0.997	0.001	0.001	0.001
>RGCGAATC	12-RGCGAATC	5.430086	-45.442241	0	T:534.0(17.12%),B:5253.5(11.53%),P:1e-19	Tpos:222.2,Tstd:236.1,Bpos:178.3,Bstd:115.4,StrandBias:0.1,Multiplicity:1.19
0.285	0.188	0.387	0.140
0.005	0.086	0.901	0.008
0.195	0.612	0.025	0.168
0.015	0.197	0.596	0.192
0.826	0.048	0.054	0.072
0.613	0.091	0.025	0.271
0.148	0.081	0.053	0.718
0.178	0.502	0.155	0.165
>KATAGTTA	13-KATAGTTA	8.472941	-42.740386	0	T:104.0(3.33%),B:551.1(1.21%),P:1e-18	Tpos:234.5,Tstd:506.2,Bpos:186.7,Bstd:117.6,StrandBias:-0.1,Multiplicity:1.02
0.001	0.001	0.543	0.455
0.997	0.001	0.001	0.001
0.001	0.090	0.092	0.817
0.767	0.142	0.090	0.001
0.001	0.350	0.648	0.001
0.142	0.001	0.092	0.765
0.001	0.001	0.192	0.806
0.997	0.001	0.001	0.001
>CTAAGCTT	14-CTAAGCTT	8.236954	-42.315833	0	T:79.0(2.53%),B:351.6(0.77%),P:1e-18	Tpos:204.4,Tstd:138.4,Bpos:190.7,Bstd:114.8,StrandBias:-0.4,Multiplicity:1.01
0.100	0.700	0.100	0.100
0.100	0.100	0.100	0.700
0.700	0.100	0.100	0.100
0.700	0.100	0.100	0.100
0.100	0.100	0.700	0.100
0.100	0.700	0.100	0.100
0.100	0.100	0.100	0.700
0.100	0.100	0.100	0.700
>GCATATTA	15-GCATATTA	8.236954	-42.260588	0	T:54.0(1.73%),B:175.8(0.39%),P:1e-18	Tpos:206.6,Tstd:141.1,Bpos:187.0,Bstd:124.8,StrandBias:0.1,Multiplicity:1.00
0.100	0.100	0.700	0.100
0.100	0.700	0.100	0.100
0.700	0.100	0.100	0.100
0.100	0.100	0.100	0.700
0.700	0.100	0.100	0.100
0.100	0.100	0.100	0.700
0.100	0.100	0.100	0.700
0.700	0.100	0.100	0.100
>AAAGCCCG	16-AAAGCCCG	5.811885	-41.857541	0	T:977.0(31.32%),B:11099.2(24.35%),P:1e-18	Tpos:208.9,Tstd:164.8,Bpos:184.2,Bstd:117.5,StrandBias:-0.0,Multiplicity:1.21
0.849	0.001	0.051	0.099
0.905	0.001	0.086	0.008
0.811	0.001	0.073	0.115
0.109	0.142	0.697	0.052
0.120	0.769	0.097	0.014
0.184	0.554	0.109	0.153
0.097	0.728	0.144	0.031
0.038	0.162	0.686	0.114
>ACATTACT	17-ACATTACT	7.723607	-41.105958	0	T:194.0(6.22%),B:1429.7(3.14%),P:1e-17	Tpos:241.3,Tstd:355.6,Bpos:180.3,Bstd:115.5,StrandBias:0.0,Multiplicity:1.28
0.616	0.001	0.380	0.003
0.001	0.956	0.042	0.001
0.841	0.003	0.155	0.001
0.338	0.001	0.003	0.658
0.222	0.001	0.001	0.776
0.611	0.178	0.120	0.091
0.001	0.775	0.138	0.086
0.009	0.001	0.001	0.989
>CCCCCCTA	18-CCCCCCTA	8.236954	-39.209061	0	T:66.0(2.12%),B:272.9(0.60%),P:1e-17	Tpos:280.6,Tstd:447.7,Bpos:181.8,Bstd:120.6,StrandBias:0.2,Multiplicity:1.02
0.100	0.700	0.100	0.100
0.100	0.700	0.100	0.100
0.100	0.700	0.100	0.100
0.100	0.700	0.100	0.100
0.100	0.700	0.100	0.100
0.100	0.700	0.100	0.100
0.100	0.100	0.100	0.700
0.700	0.100	0.100	0.100
>GCTACATT	19-GCTACATT	10.673312	-35.017009	0	T:67.0(2.15%),B:305.7(0.67%),P:1e-15	Tpos:216.3,Tstd:158.1,Bpos:185.3,Bstd:113.8,StrandBias:0.0,Multiplicity:1.02
0.001	0.001	0.997	0.001
0.001	0.997	0.001	0.001
0.001	0.001	0.001	0.997
0.997	0.001	0.001	0.001
0.325	0.673	0.001	0.001
0.997	0.001	0.001	0.001
0.001	0.001	0.001	0.997
0.001	0.001	0.001	0.997
>CTACTAAT	20-CTACTAAT	8.236954	-33.525024	0	T:46.0(1.47%),B:161.3(0.35%),P:1e-14	Tpos:216.5,Tstd:218.2,Bpos:184.9,Bstd:114.7,StrandBias:0.3,Multiplicity:1.00
0.100	0.700	0.100	0.100
0.100	0.100	0.100	0.700
0.700	0.100	0.100	0.100
0.100	0.700	0.100	0.100
0.100	0.100	0.100	0.700
0.700	0.100	0.100	0.100
0.700	0.100	0.100	0.100
0.100	0.100	0.100	0.700
>GGAATCCC	21-GGAATCCC	10.539679	-32.161507	0	T:100.0(3.21%),B:612.4(1.34%),P:1e-13	Tpos:201.5,Tstd:148.8,Bpos:181.1,Bstd:115.2,StrandBias:0.4,Multiplicity:1.01
0.001	0.001	0.997	0.001
0.001	0.001	0.997	0.001
0.997	0.001	0.001	0.001
0.754	0.001	0.001	0.244
0.001	0.001	0.001	0.997
0.075	0.923	0.001	0.001
0.001	0.841	0.001	0.157
0.001	0.997	0.001	0.001
>AACCCCCT	22-AACCCCCT	8.236954	-26.077680	0	T:89.0(2.85%),B:574.6(1.26%),P:1e-11	Tpos:205.1,Tstd:161.1,Bpos:182.1,Bstd:118.2,StrandBias:-0.5,Multiplicity:1.02
0.700	0.100	0.100	0.100
0.700	0.100	0.100	0.100
0.100	0.700	0.100	0.100
0.100	0.700	0.100	0.100
0.100	0.700	0.100	0.100
0.100	0.700	0.100	0.100
0.100	0.700	0.100	0.100
0.100	0.100	0.100	0.700
>AAGAATTT	23-AAGAATTT	9.612606	-24.774291	0	T:156.0(5.00%),B:1285.5(2.82%),P:1e-10	Tpos:206.7,Tstd:197.6,Bpos:184.9,Bstd:121.4,StrandBias:-0.1,Multiplicity:1.17
0.997	0.001	0.001	0.001
0.997	0.001	0.001	0.001
0.001	0.001	0.997	0.001
0.765	0.001	0.233	0.001
0.997	0.001	0.001	0.001
0.001	0.001	0.001	0.997
0.001	0.001	0.001	0.997
0.001	0.001	0.001	0.997
>TGGCADAC	24-TGGCADAC	6.745913	-21.083273	0	T:392.0(12.57%),B:4221.6(9.26%),P:1e-9	Tpos:242.1,Tstd:384.1,Bpos:184.6,Bstd:108.1,StrandBias:0.0,Multiplicity:1.18
0.001	0.001	0.001	0.997
0.082	0.089	0.828	0.001
0.127	0.353	0.517	0.003
0.089	0.779	0.001	0.131
0.768	0.054	0.177	0.001
0.355	0.001	0.292	0.352
0.901	0.097	0.001	0.001
0.001	0.945	0.001	0.053
>ACACACAC	25-ACACACAC	8.236954	-2.255589	0	T:208.0(6.67%),B:2786.8(6.11%),P:1e0	Tpos:190.1,Tstd:136.8,Bpos:184.6,Bstd:95.4,StrandBias:-0.2,Multiplicity:1.17
0.700	0.100	0.100	0.100
0.100	0.700	0.100	0.100
0.700	0.100	0.100	0.100
0.100	0.700	0.100	0.100
0.700	0.100	0.100	0.100
0.100	0.700	0.100	0.100
0.700	0.100	0.100	0.100
0.100	0.700	0.100	0.100
