>AGTACTAC	1-AGTACTAC	9.457217	-99.482254	0	T:106.0(12.25%),B:1077.5(2.28%),P:1e-43	Tpos:197.4,Tstd:116.3,Bpos:200.5,Bstd:143.3,StrandBias:0.1,Multiplicity:1.04
0.997	0.001	0.001	0.001
0.001	0.001	0.997	0.001
0.001	0.001	0.001	0.997
0.997	0.001	0.001	0.001
0.001	0.710	0.288	0.001
0.001	0.001	0.001	0.997
0.785	0.213	0.001	0.001
0.001	0.877	0.001	0.121
>GCAATTCG	2-GCAATTCG	4.408302	-91.498619	0	T:166.0(19.19%),B:2806.2(5.95%),P:1e-39	Tpos:208.1,Tstd:131.5,Bpos:206.2,Bstd:155.4,StrandBias:-0.4,Multiplicity:1.13
0.001	0.001	0.997	0.001
0.001	0.997	0.001	0.001
0.997	0.001	0.001	0.001
0.997	0.001	0.001	0.001
0.001	0.001	0.001	0.997
0.022	0.036	0.001	0.941
0.001	0.997	0.001	0.001
0.001	0.058	0.940	0.001
>GGTGGAAT	3-GGTGGAAT	8.269356	-87.712803	0	T:220.0(25.43%),B:4701.4(9.96%),P:1e-38	Tpos:230.7,Tstd:315.2,Bpos:203.7,Bstd:151.4,StrandBias:0.2,Multiplicity:1.12
0.001	0.001	0.997	0.001
0.001	0.001	0.898	0.100
0.001	0.001	0.001	0.997
0.001	0.020	0.978	0.001
0.092	0.001	0.783	0.124
0.997	0.001	0.001	0.001
0.787	0.211	0.001	0.001
0.001	0.001	0.001	0.997
>TGAATTTC	4-TGAATTTC	7.013922	-87.520748	0	T:479.0(55.38%),B:15943.0(33.78%),P:1e-38	Tpos:215.0,Tstd:161.8,Bpos:201.2,Bstd:141.3,StrandBias:-0.4,Multiplicity:1.56
0.001	0.001	0.161	0.837
0.001	0.001	0.949	0.049
0.793	0.103	0.103	0.001
0.870	0.001	0.049	0.080
0.098	0.001	0.098	0.803
0.001	0.001	0.001	0.997
0.001	0.029	0.001	0.969
0.001	0.773	0.144	0.082
>MGAATGGA	5-MGAATGGA	6.132103	-80.045072	0	T:472.0(54.57%),B:16021.9(33.94%),P:1e-34	Tpos:223.5,Tstd:317.6,Bpos:198.3,Bstd:142.7,StrandBias:0.2,Multiplicity:1.67
0.436	0.457	0.010	0.097
0.173	0.186	0.585	0.056
0.811	0.038	0.054	0.097
0.857	0.024	0.022	0.097
0.065	0.001	0.001	0.933
0.016	0.053	0.760	0.171
0.092	0.043	0.860	0.005
0.737	0.142	0.059	0.062
>TGGATACA	6-TGGATACA	7.119808	-79.193635	0	T:304.0(35.14%),B:8298.9(17.58%),P:1e-34	Tpos:195.7,Tstd:127.7,Bpos:198.8,Bstd:141.8,StrandBias:0.1,Multiplicity:1.26
0.001	0.001	0.001	0.997
0.001	0.001	0.997	0.001
0.001	0.001	0.997	0.001
0.861	0.137	0.001	0.001
0.139	0.021	0.001	0.839
0.997	0.001	0.001	0.001
0.001	0.838	0.160	0.001
0.997	0.001	0.001	0.001
>GAGGGGCA	7-GAGGGGCA	8.736278	-72.846061	0	T:107.0(12.37%),B:1498.9(3.18%),P:1e-31	Tpos:215.2,Tstd:454.6,Bpos:200.7,Bstd:133.0,StrandBias:-0.8,Multiplicity:1.01
0.001	0.001	0.997	0.001
0.997	0.001	0.001	0.001
0.001	0.001	0.997	0.001
0.001	0.001	0.997	0.001
0.001	0.001	0.901	0.097
0.001	0.001	0.997	0.001
0.001	0.997	0.001	0.001
0.997	0.001	0.001	0.001
>TGCKTTGA	8-TGCKTTGA	7.211864	-71.612986	0	T:350.0(40.46%),B:10675.1(22.62%),P:1e-31	Tpos:211.0,Tstd:246.1,Bpos:200.5,Bstd:141.6,StrandBias:-0.2,Multiplicity:1.24
0.001	0.001	0.018	0.980
0.075	0.108	0.525	0.292
0.001	0.717	0.104	0.178
0.070	0.001	0.429	0.500
0.005	0.003	0.108	0.884
0.005	0.001	0.253	0.741
0.006	0.013	0.719	0.262
0.959	0.001	0.032	0.008
>CCTTTTGT	9-CCTTTTGT	6.888758	-68.227548	0	T:203.0(23.47%),B:4743.1(10.05%),P:1e-29	Tpos:196.9,Tstd:206.3,Bpos:203.1,Bstd:146.2,StrandBias:-0.2,Multiplicity:1.09
0.001	0.997	0.001	0.001
0.001	0.997	0.001	0.001
0.206	0.001	0.001	0.792
0.001	0.001	0.001	0.997
0.001	0.001	0.001	0.997
0.001	0.074	0.001	0.924
0.001	0.001	0.997	0.001
0.001	0.001	0.001	0.997
>GTGGAACA	10-GTGGAACA	7.300547	-67.155269	0	T:274.0(31.68%),B:7595.5(16.09%),P:1e-29	Tpos:222.8,Tstd:231.6,Bpos:197.3,Bstd:139.8,StrandBias:0.1,Multiplicity:1.40
0.001	0.001	0.936	0.062
0.163	0.001	0.001	0.835
0.001	0.006	0.906	0.087
0.001	0.001	0.997	0.001
0.695	0.001	0.001	0.303
0.822	0.001	0.121	0.056
0.074	0.825	0.028	0.073
0.997	0.001	0.001	0.001
>CTGGATAT	11-CTGGATAT	7.995564	-66.018972	0	T:225.0(26.01%),B:5666.4(12.00%),P:1e-28	Tpos:222.3,Tstd:293.2,Bpos:200.0,Bstd:138.1,StrandBias:0.0,Multiplicity:1.32
0.001	0.919	0.079	0.001
0.001	0.001	0.001	0.997
0.001	0.001	0.997	0.001
0.001	0.001	0.997	0.001
0.662	0.259	0.078	0.001
0.119	0.001	0.001	0.879
0.997	0.001	0.001	0.001
0.001	0.001	0.001	0.997
>TTTTCACC	12-TTTTCACC	8.342192	-64.922299	0	T:257.0(29.71%),B:6995.9(14.82%),P:1e-28	Tpos:226.9,Tstd:333.9,Bpos:199.5,Bstd:136.5,StrandBias:-0.2,Multiplicity:1.11
0.001	0.054	0.018	0.927
0.001	0.001	0.001	0.997
0.001	0.407	0.001	0.591
0.037	0.001	0.071	0.891
0.001	0.997	0.001	0.001
0.585	0.371	0.043	0.001
0.001	0.591	0.407	0.001
0.010	0.805	0.184	0.001
>CATTGTGT	13-CATTGTGT	9.333540	-64.883354	0	T:175.0(20.23%),B:3843.4(8.14%),P:1e-28	Tpos:210.9,Tstd:141.9,Bpos:198.4,Bstd:138.1,StrandBias:-0.5,Multiplicity:1.09
0.001	0.801	0.001	0.197
0.986	0.001	0.012	0.001
0.001	0.001	0.001	0.997
0.001	0.001	0.001	0.997
0.001	0.096	0.902	0.001
0.001	0.001	0.001	0.997
0.001	0.001	0.997	0.001
0.001	0.001	0.001	0.997
>ACCAGTTG	14-ACCAGTTG	7.961047	-63.598984	0	T:121.0(13.99%),B:2092.6(4.43%),P:1e-27	Tpos:228.1,Tstd:393.1,Bpos:195.3,Bstd:157.8,StrandBias:0.1,Multiplicity:1.12
0.997	0.001	0.001	0.001
0.001	0.997	0.001	0.001
0.001	0.997	0.001	0.001
0.931	0.001	0.067	0.001
0.090	0.001	0.908	0.001
0.001	0.001	0.001	0.997
0.268	0.001	0.001	0.730
0.001	0.001	0.997	0.001
>TTTAGCTC	15-TTTAGCTC	9.398244	-56.790564	0	T:128.0(14.80%),B:2491.4(5.28%),P:1e-24	Tpos:203.7,Tstd:133.8,Bpos:203.0,Bstd:143.3,StrandBias:-0.1,Multiplicity:1.09
0.001	0.001	0.001	0.997
0.001	0.138	0.001	0.860
0.001	0.001	0.001	0.997
0.997	0.001	0.001	0.001
0.001	0.001	0.997	0.001
0.001	0.780	0.218	0.001
0.001	0.001	0.001	0.997
0.001	0.997	0.001	0.001
>GAAADTGG	16-GAAADTGG	7.735500	-55.439196	0	T:291.0(33.64%),B:8929.9(18.92%),P:1e-24	Tpos:199.1,Tstd:131.9,Bpos:204.7,Bstd:145.7,StrandBias:-0.0,Multiplicity:1.18
0.326	0.081	0.592	0.001
0.878	0.001	0.057	0.064
0.997	0.001	0.001	0.001
0.887	0.007	0.001	0.105
0.367	0.087	0.262	0.284
0.001	0.007	0.016	0.976
0.206	0.058	0.505	0.231
0.001	0.001	0.918	0.080
>CAATGGAC	17-CAATGGAC	5.871499	-53.592358	0	T:104.0(12.02%),B:1819.3(3.85%),P:1e-23	Tpos:204.5,Tstd:118.6,Bpos:198.3,Bstd:143.3,StrandBias:0.1,Multiplicity:1.08
0.001	0.997	0.001	0.001
0.990	0.001	0.008	0.001
0.997	0.001	0.001	0.001
0.001	0.001	0.001	0.997
0.001	0.001	0.997	0.001
0.001	0.001	0.997	0.001
0.689	0.309	0.001	0.001
0.001	0.997	0.001	0.001
>GACACTAC	18-GACACTAC	5.226928	-53.191422	0	T:248.0(28.67%),B:7194.8(15.24%),P:1e-23	Tpos:198.1,Tstd:118.5,Bpos:199.9,Bstd:135.5,StrandBias:-0.1,Multiplicity:1.31
0.001	0.001	0.997	0.001
0.641	0.001	0.357	0.001
0.012	0.614	0.373	0.001
0.997	0.001	0.001	0.001
0.001	0.997	0.001	0.001
0.001	0.001	0.001	0.997
0.997	0.001	0.001	0.001
0.375	0.609	0.001	0.015
>GCAGCCTT	19-GCAGCCTT	8.236954	-47.663929	0	T:83.0(9.60%),B:1336.6(2.83%),P:1e-20	Tpos:190.6,Tstd:115.7,Bpos:199.3,Bstd:141.4,StrandBias:0.0,Multiplicity:1.00
0.100	0.100	0.700	0.100
0.100	0.700	0.100	0.100
0.700	0.100	0.100	0.100
0.100	0.100	0.700	0.100
0.100	0.700	0.100	0.100
0.100	0.700	0.100	0.100
0.100	0.100	0.100	0.700
0.100	0.100	0.100	0.700
>ATCATCCG	20-ATCATCCG	8.862589	-47.103503	0	T:132.0(15.26%),B:2932.1(6.21%),P:1e-20	Tpos:255.6,Tstd:414.8,Bpos:201.2,Bstd:141.9,StrandBias:0.5,Multiplicity:1.20
0.997	0.001	0.001	0.001
0.001	0.001	0.007	0.991
0.001	0.984	0.001	0.014
0.709	0.258	0.001	0.032
0.001	0.001	0.001	0.997
0.001	0.997	0.001	0.001
0.251	0.685	0.001	0.063
0.068	0.027	0.631	0.274
>GACGTGGA	21-GACGTGGA	8.554193	-42.938384	0	T:138.0(15.95%),B:3302.2(7.00%),P:1e-18	Tpos:268.6,Tstd:452.5,Bpos:203.7,Bstd:143.6,StrandBias:0.7,Multiplicity:1.31
0.021	0.047	0.931	0.001
0.932	0.001	0.026	0.041
0.144	0.522	0.130	0.204
0.001	0.331	0.667	0.001
0.001	0.001	0.010	0.988
0.001	0.014	0.984	0.001
0.002	0.009	0.988	0.001
0.989	0.001	0.009	0.001
>GTGAGGTA	22-GTGAGGTA	5.781978	-41.589868	0	T:125.0(14.45%),B:2882.7(6.11%),P:1e-18	Tpos:233.1,Tstd:342.1,Bpos:200.2,Bstd:133.3,StrandBias:0.3,Multiplicity:1.07
0.001	0.001	0.997	0.001
0.001	0.001	0.001	0.997
0.001	0.280	0.718	0.001
0.997	0.001	0.001	0.001
0.018	0.268	0.713	0.001
0.001	0.001	0.997	0.001
0.001	0.001	0.001	0.997
0.997	0.001	0.001	0.001
>GTACAAGG	23-GTACAAGG	5.397715	-41.442100	0	T:92.0(10.64%),B:1765.9(3.74%),P:1e-17	Tpos:202.8,Tstd:151.2,Bpos:202.3,Bstd:157.5,StrandBias:0.2,Multiplicity:1.38
0.001	0.001	0.997	0.001
0.001	0.001	0.001	0.997
0.997	0.001	0.001	0.001
0.001	0.997	0.001	0.001
0.997	0.001	0.001	0.001
0.997	0.001	0.001	0.001
0.001	0.044	0.954	0.001
0.001	0.078	0.920	0.001
>AATAGCTG	24-AATAGCTG	10.940352	-38.379993	0	T:74.0(8.55%),B:1288.4(2.73%),P:1e-16	Tpos:216.2,Tstd:216.8,Bpos:198.3,Bstd:139.3,StrandBias:-0.5,Multiplicity:1.06
0.879	0.001	0.001	0.119
0.997	0.001	0.001	0.001
0.001	0.001	0.001	0.997
0.997	0.001	0.001	0.001
0.001	0.001	0.997	0.001
0.001	0.997	0.001	0.001
0.001	0.001	0.001	0.997
0.001	0.001	0.997	0.001
>AAGTTTGG	25-AAGTTTGG	8.688872	-36.929987	0	T:145.0(16.76%),B:3823.4(8.10%),P:1e-16	Tpos:241.5,Tstd:287.2,Bpos:199.4,Bstd:140.0,StrandBias:-0.2,Multiplicity:1.16
0.997	0.001	0.001	0.001
0.959	0.039	0.001	0.001
0.001	0.237	0.761	0.001
0.001	0.001	0.001	0.997
0.001	0.001	0.126	0.872
0.001	0.001	0.001	0.997
0.001	0.001	0.997	0.001
0.001	0.001	0.997	0.001
