>TGACCTTG	1-TGACCTTG	8.957358	-461.225138	0	T:2712.0(10.73%),B:1445.9(5.80%),P:1e-200	Tpos:541.0,Tstd:508.8,Bpos:335.8,Bstd:200.8,StrandBias:-0.1,Multiplicity:1.13
0.001	0.001	0.001	0.997
0.121	0.001	0.877	0.001
0.997	0.001	0.001	0.001
0.001	0.997	0.001	0.001
0.001	0.997	0.001	0.001
0.001	0.001	0.001	0.997
0.001	0.001	0.001	0.997
0.001	0.001	0.997	0.001
>AACAAAGG	2-AACAAAGG	5.914005	-374.949729	0	T:7153.0(28.31%),B:5252.4(21.06%),P:1e-162	Tpos:549.2,Tstd:518.9,Bpos:340.8,Bstd:204.3,StrandBias:-0.0,Multiplicity:1.34
0.821	0.001	0.177	0.001
0.997	0.001	0.001	0.001
0.001	0.997	0.001	0.001
0.997	0.001	0.001	0.001
0.997	0.001	0.001	0.001
0.907	0.001	0.001	0.091
0.356	0.001	0.642	0.001
0.001	0.001	0.997	0.001
>CCCCACCC	3-CCCCACCC	9.078631	-322.847160	0	T:8040.0(31.82%),B:6176.0(24.77%),P:1e-140	Tpos:532.8,Tstd:513.4,Bpos:331.6,Bstd:201.8,StrandBias:-0.0,Multiplicity:1.62
0.001	0.997	0.001	0.001
0.001	0.770	0.001	0.228
0.187	0.811	0.001	0.001
0.001	0.997	0.001	0.001
0.997	0.001	0.001	0.001
0.001	0.997	0.001	0.001
0.001	0.997	0.001	0.001
0.001	0.943	0.001	0.055
>TAATTAGC	4-TAATTAGC	6.542192	-305.302765	0	T:4067.0(16.10%),B:2737.2(10.98%),P:1e-132	Tpos:559.8,Tstd:530.4,Bpos:330.9,Bstd:209.5,StrandBias:0.0,Multiplicity:1.23
0.147	0.106	0.075	0.672
0.747	0.130	0.034	0.089
0.829	0.068	0.021	0.082
0.076	0.035	0.018	0.871
0.061	0.044	0.057	0.838
0.651	0.092	0.068	0.189
0.197	0.134	0.623	0.046
0.040	0.770	0.143	0.047
>CGCDAATG	5-CGCDAATG	6.838499	-250.548838	0	T:3888.0(15.39%),B:2695.1(10.81%),P:1e-108	Tpos:550.9,Tstd:539.6,Bpos:332.7,Bstd:208.5,StrandBias:-0.0,Multiplicity:1.14
0.001	0.587	0.001	0.411
0.001	0.001	0.982	0.016
0.001	0.631	0.169	0.199
0.272	0.001	0.385	0.342
0.997	0.001	0.001	0.001
0.997	0.001	0.001	0.001
0.001	0.201	0.001	0.797
0.196	0.227	0.576	0.001
>AATTTGCA	6-AATTTGCA	6.906614	-249.405417	0	T:4527.0(17.92%),B:3242.1(13.00%),P:1e-108	Tpos:546.3,Tstd:518.3,Bpos:332.2,Bstd:210.0,StrandBias:0.0,Multiplicity:1.16
0.682	0.074	0.183	0.061
0.660	0.108	0.089	0.143
0.118	0.049	0.031	0.802
0.059	0.080	0.031	0.830
0.158	0.071	0.055	0.716
0.197	0.046	0.751	0.006
0.110	0.860	0.015	0.015
0.701	0.110	0.087	0.102
>TGGGGGAG	7-TGGGGGAG	8.236954	-205.851618	0	T:2797.0(11.07%),B:1875.8(7.52%),P:1e-89	Tpos:531.4,Tstd:520.1,Bpos:337.8,Bstd:199.9,StrandBias:0.1,Multiplicity:1.10
0.100	0.100	0.100	0.700
0.100	0.100	0.700	0.100
0.100	0.100	0.700	0.100
0.100	0.100	0.700	0.100
0.100	0.100	0.700	0.100
0.100	0.100	0.700	0.100
0.700	0.100	0.100	0.100
0.100	0.100	0.700	0.100
>GTTAATCG	8-GTTAATCG	5.495392	-190.493374	0	T:5088.0(20.14%),B:3882.7(15.57%),P:1e-82	Tpos:557.4,Tstd:534.2,Bpos:335.6,Bstd:212.1,StrandBias:-0.0,Multiplicity:1.23
0.061	0.130	0.707	0.102
0.058	0.100	0.076	0.766
0.122	0.084	0.067	0.727
0.893	0.026	0.037	0.044
0.764	0.039	0.128	0.069
0.042	0.099	0.072	0.787
0.064	0.677	0.120	0.139
0.112	0.050	0.683	0.155
>CGCTTTGA	9-CGCTTTGA	6.055474	-190.263566	0	T:8168.0(32.33%),B:6692.4(26.84%),P:1e-82	Tpos:533.2,Tstd:518.7,Bpos:330.3,Bstd:209.2,StrandBias:0.0,Multiplicity:1.36
0.069	0.671	0.187	0.073
0.027	0.162	0.639	0.172
0.053	0.764	0.113	0.070
0.055	0.112	0.052	0.781
0.018	0.022	0.047	0.913
0.066	0.009	0.047	0.878
0.091	0.146	0.637	0.126
0.718	0.073	0.028	0.181
>GCACTTAT	10-GCACTTAT	8.236954	-182.456669	0	T:561.0(2.22%),B:222.9(0.89%),P:1e-79	Tpos:479.6,Tstd:469.0,Bpos:344.8,Bstd:208.3,StrandBias:0.1,Multiplicity:1.01
0.100	0.100	0.700	0.100
0.100	0.700	0.100	0.100
0.700	0.100	0.100	0.100
0.100	0.700	0.100	0.100
0.100	0.100	0.100	0.700
0.100	0.100	0.100	0.700
0.700	0.100	0.100	0.100
0.100	0.100	0.100	0.700
>CTGAATRR	11-CTGAATRR	7.298494	-156.743170	0	T:740.0(2.93%),B:358.7(1.44%),P:1e-68	Tpos:509.8,Tstd:451.0,Bpos:323.7,Bstd:207.4,StrandBias:0.0,Multiplicity:1.02
0.121	0.586	0.052	0.241
0.001	0.269	0.014	0.716
0.031	0.001	0.623	0.345
0.847	0.001	0.070	0.082
0.813	0.029	0.157	0.001
0.328	0.044	0.001	0.627
0.407	0.156	0.301	0.136
0.476	0.001	0.491	0.032
>TRAAAGGC	12-TRAAAGGC	8.442284	-153.292826	0	T:3924.0(15.53%),B:2959.6(11.87%),P:1e-66	Tpos:549.8,Tstd:534.5,Bpos:330.2,Bstd:203.5,StrandBias:0.1,Multiplicity:1.13
0.001	0.001	0.001	0.997
0.484	0.001	0.514	0.001
0.997	0.001	0.001	0.001
0.887	0.111	0.001	0.001
0.874	0.124	0.001	0.001
0.001	0.053	0.945	0.001
0.013	0.001	0.985	0.001
0.001	0.515	0.292	0.192
>GAATGTTA	13-GAATGTTA	9.616888	-151.577756	0	T:1217.0(4.82%),B:709.3(2.84%),P:1e-65	Tpos:519.8,Tstd:522.5,Bpos:344.6,Bstd:200.7,StrandBias:0.1,Multiplicity:1.10
0.001	0.001	0.997	0.001
0.997	0.001	0.001	0.001
0.997	0.001	0.001	0.001
0.001	0.001	0.001	0.997
0.001	0.001	0.997	0.001
0.001	0.001	0.001	0.997
0.234	0.001	0.001	0.764
0.997	0.001	0.001	0.001
>TTKKAATG	14-TTKKAATG	8.290690	-146.241429	0	T:3354.0(13.27%),B:2481.0(9.95%),P:1e-63	Tpos:549.9,Tstd:517.6,Bpos:333.7,Bstd:207.2,StrandBias:-0.0,Multiplicity:1.13
0.001	0.035	0.217	0.747
0.001	0.129	0.035	0.835
0.003	0.060	0.410	0.527
0.035	0.142	0.470	0.353
0.960	0.001	0.038	0.001
0.964	0.001	0.001	0.034
0.001	0.006	0.001	0.992
0.063	0.140	0.734	0.063
>ATTCAATC	15-ATTCAATC	9.439682	-130.927875	0	T:959.0(3.80%),B:543.1(2.18%),P:1e-56	Tpos:524.9,Tstd:489.3,Bpos:343.8,Bstd:203.9,StrandBias:0.1,Multiplicity:1.04
0.997	0.001	0.001	0.001
0.001	0.196	0.001	0.802
0.001	0.001	0.001	0.997
0.001	0.997	0.001	0.001
0.997	0.001	0.001	0.001
0.997	0.001	0.001	0.001
0.001	0.001	0.001	0.997
0.001	0.997	0.001	0.001
>ATAGCTAA	16-ATAGCTAA	8.236954	-128.961588	0	T:679.0(2.69%),B:343.9(1.38%),P:1e-56	Tpos:517.6,Tstd:466.7,Bpos:339.0,Bstd:213.4,StrandBias:-0.0,Multiplicity:1.03
0.700	0.100	0.100	0.100
0.100	0.100	0.100	0.700
0.700	0.100	0.100	0.100
0.100	0.100	0.700	0.100
0.100	0.700	0.100	0.100
0.100	0.100	0.100	0.700
0.700	0.100	0.100	0.100
0.700	0.100	0.100	0.100
>WGTTTACG	17-WGTTTACG	6.890427	-126.788032	0	T:1205.0(4.77%),B:736.3(2.95%),P:1e-55	Tpos:517.5,Tstd:510.9,Bpos:330.7,Bstd:210.3,StrandBias:0.2,Multiplicity:1.04
0.432	0.001	0.241	0.326
0.041	0.270	0.641	0.048
0.337	0.001	0.017	0.645
0.267	0.050	0.104	0.579
0.042	0.024	0.072	0.862
0.753	0.055	0.054	0.138
0.001	0.997	0.001	0.001
0.078	0.149	0.532	0.241
>CGGAATTC	18-CGGAATTC	6.551911	-126.765764	0	T:3558.0(14.08%),B:2714.2(10.88%),P:1e-55	Tpos:521.6,Tstd:506.2,Bpos:337.0,Bstd:208.9,StrandBias:-0.0,Multiplicity:1.16
0.127	0.624	0.120	0.129
0.046	0.088	0.697	0.169
0.053	0.092	0.820	0.035
0.788	0.070	0.095	0.047
0.851	0.038	0.045	0.066
0.125	0.022	0.026	0.827
0.067	0.054	0.139	0.740
0.099	0.651	0.115	0.135
>CAGCAGGT	19-CAGCAGGT	8.097745	-116.060163	0	T:4631.0(18.33%),B:3708.4(14.87%),P:1e-50	Tpos:511.9,Tstd:514.2,Bpos:339.3,Bstd:198.0,StrandBias:-0.0,Multiplicity:1.15
0.001	0.997	0.001	0.001
0.997	0.001	0.001	0.001
0.001	0.001	0.997	0.001
0.001	0.818	0.180	0.001
0.922	0.001	0.076	0.001
0.001	0.001	0.997	0.001
0.001	0.001	0.997	0.001
0.001	0.001	0.179	0.819
>AACGYCCT	20-AACGYCCT	8.249655	-115.526197	0	T:1709.0(6.76%),B:1160.9(4.66%),P:1e-50	Tpos:538.5,Tstd:562.6,Bpos:342.6,Bstd:209.4,StrandBias:-0.1,Multiplicity:1.06
0.943	0.014	0.001	0.042
0.997	0.001	0.001	0.001
0.001	0.947	0.001	0.051
0.001	0.055	0.649	0.295
0.046	0.389	0.078	0.487
0.040	0.788	0.071	0.101
0.001	0.875	0.037	0.087
0.001	0.001	0.336	0.662
>TTGGAACA	21-TTGGAACA	10.963962	-112.645279	0	T:938.0(3.71%),B:552.3(2.22%),P:1e-48	Tpos:508.9,Tstd:475.2,Bpos:350.4,Bstd:198.8,StrandBias:0.0,Multiplicity:1.04
0.001	0.001	0.001	0.997
0.001	0.098	0.001	0.900
0.001	0.001	0.997	0.001
0.001	0.001	0.997	0.001
0.997	0.001	0.001	0.001
0.997	0.001	0.001	0.001
0.001	0.997	0.001	0.001
0.997	0.001	0.001	0.001
>RCCGGWTT	22-RCCGGWTT	6.343232	-102.309436	0	T:6350.0(25.13%),B:5344.7(21.43%),P:1e-44	Tpos:522.2,Tstd:540.4,Bpos:334.6,Bstd:211.2,StrandBias:0.0,Multiplicity:1.22
0.357	0.099	0.452	0.092
0.001	0.997	0.001	0.001
0.307	0.591	0.042	0.060
0.001	0.241	0.757	0.001
0.001	0.001	0.949	0.049
0.381	0.080	0.118	0.421
0.001	0.001	0.001	0.997
0.084	0.001	0.001	0.914
>TTAVCGGA	23-TTAVCGGA	6.823380	-88.825463	0	T:3104.0(12.28%),B:2433.7(9.76%),P:1e-38	Tpos:508.1,Tstd:531.5,Bpos:332.5,Bstd:218.8,StrandBias:-0.1,Multiplicity:1.11
0.001	0.001	0.001	0.997
0.001	0.001	0.001	0.997
0.520	0.320	0.001	0.159
0.307	0.388	0.304	0.001
0.001	0.997	0.001	0.001
0.001	0.001	0.997	0.001
0.112	0.240	0.523	0.125
0.602	0.178	0.001	0.219
>TGGATCCA	24-TGGATCCA	8.236954	-87.680244	0	T:485.0(1.92%),B:250.4(1.00%),P:1e-38	Tpos:486.3,Tstd:468.1,Bpos:331.3,Bstd:179.3,StrandBias:0.0,Multiplicity:1.00
0.100	0.100	0.100	0.700
0.100	0.100	0.700	0.100
0.100	0.100	0.700	0.100
0.700	0.100	0.100	0.100
0.100	0.100	0.100	0.700
0.100	0.700	0.100	0.100
0.100	0.700	0.100	0.100
0.700	0.100	0.100	0.100
>TTTTAAGC	25-TTTTAAGC	6.580898	-81.904374	0	T:5969.0(23.62%),B:5084.5(20.39%),P:1e-35	Tpos:559.2,Tstd:561.8,Bpos:336.9,Bstd:211.8,StrandBias:-0.0,Multiplicity:1.28
0.139	0.191	0.070	0.600
0.092	0.032	0.119	0.757
0.046	0.032	0.040	0.882
0.126	0.112	0.123	0.639
0.822	0.094	0.030	0.054
0.759	0.079	0.070	0.092
0.142	0.086	0.709	0.063
0.024	0.833	0.077	0.066
