>TGACCTTG	1-TGACCTTG	10.913977	-712.068286	0	T:4964.0(7.84%),B:2755.2(4.44%),P:1e-309	Tpos:662.1,Tstd:704.3,Bpos:357.0,Bstd:215.4,StrandBias:-0.0,Multiplicity:1.10
0.001	0.059	0.001	0.939
0.089	0.001	0.909	0.001
0.997	0.001	0.001	0.001
0.001	0.997	0.001	0.001
0.001	0.997	0.001	0.001
0.001	0.001	0.001	0.997
0.001	0.001	0.001	0.997
0.001	0.001	0.997	0.001
>GCTAATTA	2-GCTAATTA	7.429161	-352.687842	0	T:6573.0(10.38%),B:4636.0(7.47%),P:1e-153	Tpos:668.3,Tstd:719.6,Bpos:357.2,Bstd:220.8,StrandBias:0.0,Multiplicity:1.16
0.102	0.034	0.841	0.023
0.027	0.827	0.110	0.036
0.095	0.019	0.009	0.877
0.949	0.033	0.001	0.017
0.968	0.001	0.001	0.030
0.001	0.001	0.016	0.982
0.032	0.016	0.087	0.865
0.865	0.054	0.039	0.042
>GGGTGGGG	3-GGGTGGGG	9.361786	-345.659138	0	T:15220.0(24.03%),B:12279.7(19.79%),P:1e-150	Tpos:674.6,Tstd:723.7,Bpos:357.1,Bstd:214.1,StrandBias:0.0,Multiplicity:1.57
0.001	0.001	0.997	0.001
0.001	0.001	0.997	0.001
0.001	0.001	0.997	0.001
0.001	0.001	0.001	0.997
0.001	0.001	0.997	0.001
0.001	0.001	0.774	0.224
0.191	0.001	0.807	0.001
0.001	0.001	0.997	0.001
>ACAATRGC	4-ACAATRGC	8.138307	-329.029169	0	T:10237.0(16.16%),B:7862.5(12.67%),P:1e-142	Tpos:669.9,Tstd:729.7,Bpos:357.3,Bstd:222.3,StrandBias:0.0,Multiplicity:1.22
0.927	0.001	0.071	0.001
0.001	0.953	0.001	0.045
0.918	0.001	0.080	0.001
0.900	0.098	0.001	0.001
0.377	0.001	0.001	0.621
0.384	0.217	0.318	0.081
0.001	0.001	0.997	0.001
0.301	0.697	0.001	0.001
>WAATTCCG	5-WAATTCCG	5.632675	-287.807682	0	T:14143.0(22.33%),B:11516.1(18.56%),P:1e-124	Tpos:655.4,Tstd:768.1,Bpos:357.8,Bstd:230.9,StrandBias:-0.0,Multiplicity:1.30
0.284	0.207	0.140	0.369
0.744	0.133	0.069	0.054
0.589	0.001	0.007	0.403
0.280	0.105	0.001	0.614
0.057	0.348	0.071	0.524
0.057	0.831	0.075	0.037
0.001	0.730	0.268	0.001
0.001	0.001	0.997	0.001
>GCGKTTHW	6-GCGKTTHW	4.321952	-250.837633	0	T:8663.0(13.68%),B:6724.0(10.84%),P:1e-108	Tpos:641.1,Tstd:726.2,Bpos:356.8,Bstd:237.6,StrandBias:-0.0,Multiplicity:1.15
0.214	0.205	0.440	0.140
0.161	0.764	0.051	0.024
0.170	0.166	0.507	0.157
0.205	0.141	0.381	0.273
0.187	0.100	0.163	0.550
0.099	0.106	0.189	0.606
0.284	0.253	0.064	0.400
0.386	0.176	0.153	0.285
>AGGAATGT	7-AGGAATGT	8.935815	-195.038375	0	T:6714.0(10.60%),B:5192.0(8.37%),P:1e-84	Tpos:647.0,Tstd:706.5,Bpos:361.4,Bstd:214.4,StrandBias:0.0,Multiplicity:1.12
0.814	0.001	0.001	0.184
0.107	0.001	0.891	0.001
0.001	0.001	0.997	0.001
0.997	0.001	0.001	0.001
0.997	0.001	0.001	0.001
0.001	0.001	0.001	0.997
0.001	0.001	0.997	0.001
0.001	0.280	0.001	0.718
>TTAADCCG	8-TTAADCCG	6.789352	-194.415102	0	T:9587.0(15.14%),B:7755.1(12.50%),P:1e-84	Tpos:651.5,Tstd:748.1,Bpos:359.4,Bstd:230.9,StrandBias:-0.0,Multiplicity:1.16
0.001	0.001	0.001	0.997
0.001	0.089	0.271	0.639
0.671	0.001	0.327	0.001
0.997	0.001	0.001	0.001
0.347	0.142	0.244	0.267
0.001	0.804	0.194	0.001
0.145	0.719	0.001	0.135
0.001	0.001	0.997	0.001
>CCTTTGAA	9-CCTTTGAA	7.899006	-161.559521	0	T:9866.0(15.58%),B:8149.3(13.13%),P:1e-70	Tpos:672.1,Tstd:774.4,Bpos:361.6,Bstd:226.0,StrandBias:0.0,Multiplicity:1.18
0.069	0.797	0.088	0.046
0.083	0.828	0.016	0.073
0.001	0.001	0.001	0.997
0.001	0.001	0.001	0.997
0.001	0.007	0.035	0.957
0.047	0.070	0.721	0.162
0.936	0.042	0.021	0.001
0.879	0.001	0.001	0.119
>TAAAAGAG	10-TAAAAGAG	8.965588	-149.858520	0	T:7538.0(11.90%),B:6093.5(9.82%),P:1e-65	Tpos:664.0,Tstd:727.3,Bpos:364.8,Bstd:220.8,StrandBias:0.0,Multiplicity:1.14
0.001	0.001	0.001	0.997
0.532	0.122	0.345	0.001
0.997	0.001	0.001	0.001
0.997	0.001	0.001	0.001
0.997	0.001	0.001	0.001
0.001	0.001	0.997	0.001
0.997	0.001	0.001	0.001
0.001	0.001	0.997	0.001
>ATAGCTAA	11-ATAGCTAA	8.236954	-141.189292	0	T:1454.0(2.30%),B:895.8(1.44%),P:1e-61	Tpos:663.7,Tstd:762.1,Bpos:369.7,Bstd:214.2,StrandBias:0.0,Multiplicity:1.04
0.700	0.100	0.100	0.100
0.100	0.100	0.100	0.700
0.700	0.100	0.100	0.100
0.100	0.100	0.700	0.100
0.100	0.700	0.100	0.100
0.100	0.100	0.100	0.700
0.700	0.100	0.100	0.100
0.700	0.100	0.100	0.100
>CATTCGMA	12-CATTCGMA	6.907085	-129.903999	0	T:8383.0(13.24%),B:6946.6(11.20%),P:1e-56	Tpos:657.8,Tstd:713.6,Bpos:361.6,Bstd:216.6,StrandBias:-0.1,Multiplicity:1.16
0.052	0.707	0.008	0.233
0.464	0.015	0.259	0.262
0.139	0.023	0.034	0.804
0.070	0.039	0.017	0.874
0.065	0.649	0.046	0.240
0.254	0.111	0.586	0.049
0.480	0.518	0.001	0.001
0.908	0.001	0.014	0.077
>ACAAAGCG	13-ACAAAGCG	8.094730	-125.932347	0	T:9888.0(15.61%),B:8343.1(13.45%),P:1e-54	Tpos:650.7,Tstd:735.4,Bpos:360.4,Bstd:224.8,StrandBias:0.0,Multiplicity:1.18
0.869	0.001	0.129	0.001
0.001	0.884	0.068	0.047
0.982	0.001	0.001	0.016
0.984	0.001	0.014	0.001
0.969	0.001	0.021	0.009
0.029	0.001	0.949	0.021
0.051	0.809	0.139	0.001
0.132	0.205	0.610	0.053
>AATTCAGC	14-AATTCAGC	7.083753	-119.845460	0	T:7752.0(12.24%),B:6420.8(10.35%),P:1e-52	Tpos:648.1,Tstd:720.1,Bpos:355.9,Bstd:221.3,StrandBias:-0.0,Multiplicity:1.16
0.689	0.134	0.113	0.064
0.845	0.018	0.069	0.068
0.068	0.106	0.119	0.707
0.045	0.076	0.079	0.800
0.084	0.681	0.108	0.127
0.770	0.073	0.049	0.108
0.086	0.088	0.813	0.013
0.130	0.695	0.037	0.138
>AGGGCGTT	15-AGGGCGTT	5.451000	-119.787400	0	T:12004.0(18.95%),B:10335.5(16.66%),P:1e-52	Tpos:640.8,Tstd:721.5,Bpos:360.3,Bstd:224.2,StrandBias:-0.0,Multiplicity:1.20
0.657	0.134	0.102	0.107
0.137	0.147	0.644	0.072
0.164	0.161	0.551	0.124
0.142	0.146	0.590	0.122
0.212	0.500	0.158	0.130
0.092	0.067	0.733	0.108
0.093	0.152	0.108	0.647
0.123	0.090	0.109	0.678
>CATTCAGA	16-CATTCAGA	8.236954	-116.233207	0	T:2608.0(4.12%),B:1886.5(3.04%),P:1e-50	Tpos:628.0,Tstd:711.6,Bpos:353.2,Bstd:211.6,StrandBias:0.0,Multiplicity:1.06
0.100	0.700	0.100	0.100
0.700	0.100	0.100	0.100
0.100	0.100	0.100	0.700
0.100	0.100	0.100	0.700
0.100	0.700	0.100	0.100
0.700	0.100	0.100	0.100
0.100	0.100	0.700	0.100
0.700	0.100	0.100	0.100
>AATCACGC	17-AATCACGC	5.544401	-113.528494	0	T:12622.0(19.93%),B:10949.8(17.65%),P:1e-49	Tpos:637.8,Tstd:728.4,Bpos:358.9,Bstd:225.4,StrandBias:0.0,Multiplicity:1.19
0.843	0.047	0.041	0.069
0.730	0.078	0.116	0.076
0.154	0.113	0.093	0.640
0.065	0.792	0.054	0.089
0.749	0.068	0.071	0.112
0.111	0.784	0.070	0.035
0.022	0.034	0.810	0.134
0.081	0.653	0.117	0.149
>AGCGAWST	18-AGCGAWST	5.855518	-105.966367	0	T:13236.0(20.90%),B:11572.7(18.65%),P:1e-46	Tpos:634.9,Tstd:741.9,Bpos:362.3,Bstd:229.9,StrandBias:-0.0,Multiplicity:1.25
0.743	0.001	0.001	0.255
0.133	0.048	0.800	0.019
0.001	0.997	0.001	0.001
0.001	0.001	0.856	0.142
0.500	0.329	0.170	0.001
0.461	0.163	0.056	0.321
0.131	0.423	0.332	0.114
0.261	0.139	0.026	0.574
>CGCTTTGA	19-CGCTTTGA	5.423033	-105.799245	0	T:2315.0(3.66%),B:1668.0(2.69%),P:1e-45	Tpos:662.8,Tstd:751.5,Bpos:352.7,Bstd:239.4,StrandBias:0.0,Multiplicity:1.05
0.001	0.997	0.001	0.001
0.001	0.001	0.997	0.001
0.001	0.997	0.001	0.001
0.005	0.003	0.003	0.989
0.001	0.001	0.001	0.997
0.001	0.001	0.001	0.997
0.013	0.279	0.704	0.004
0.997	0.001	0.001	0.001
>HTCAAGGC	20-HTCAAGGC	9.107621	-105.277779	0	T:4064.0(6.42%),B:3177.4(5.12%),P:1e-45	Tpos:635.6,Tstd:699.7,Bpos:359.7,Bstd:211.8,StrandBias:0.1,Multiplicity:1.08
0.299	0.412	0.001	0.288
0.001	0.001	0.001	0.997
0.001	0.997	0.001	0.001
0.580	0.418	0.001	0.001
0.997	0.001	0.001	0.001
0.001	0.001	0.997	0.001
0.001	0.001	0.997	0.001
0.192	0.806	0.001	0.001
>TAGTTAAC	21-TAGTTAAC	7.042489	-98.544505	0	T:4765.0(7.52%),B:3824.5(6.16%),P:1e-42	Tpos:666.0,Tstd:757.0,Bpos:360.7,Bstd:228.8,StrandBias:0.0,Multiplicity:1.09
0.154	0.211	0.076	0.559
0.723	0.092	0.085	0.100
0.120	0.171	0.629	0.080
0.032	0.089	0.017	0.862
0.084	0.016	0.037	0.863
0.793	0.081	0.012	0.114
0.882	0.061	0.048	0.009
0.132	0.690	0.092	0.086
>GTTTCCGA	22-GTTTCCGA	6.594010	-88.849403	0	T:8565.0(13.52%),B:7330.3(11.81%),P:1e-38	Tpos:654.5,Tstd:749.0,Bpos:356.1,Bstd:232.0,StrandBias:-0.0,Multiplicity:1.15
0.042	0.145	0.696	0.117
0.109	0.111	0.061	0.719
0.055	0.048	0.024	0.873
0.136	0.089	0.032	0.743
0.117	0.778	0.052	0.053
0.048	0.801	0.061	0.090
0.080	0.064	0.700	0.156
0.689	0.082	0.121	0.108
>CTMCACCG	23-CTMCACCG	7.191214	-74.874183	0	T:5350.0(8.45%),B:4460.4(7.19%),P:1e-32	Tpos:604.2,Tstd:682.5,Bpos:365.4,Bstd:233.8,StrandBias:0.0,Multiplicity:1.11
0.163	0.589	0.043	0.205
0.001	0.001	0.004	0.994
0.445	0.391	0.163	0.001
0.001	0.698	0.189	0.112
0.953	0.001	0.001	0.045
0.069	0.929	0.001	0.001
0.001	0.996	0.002	0.001
0.001	0.007	0.991	0.001
>TAAAAGCB	24-TAAAAGCB	6.463377	-72.668139	0	T:12560.0(19.83%),B:11175.5(18.01%),P:1e-31	Tpos:660.0,Tstd:730.2,Bpos:356.8,Bstd:230.0,StrandBias:0.0,Multiplicity:1.22
0.193	0.091	0.054	0.662
0.669	0.200	0.059	0.072
0.997	0.001	0.001	0.001
0.773	0.117	0.048	0.062
0.427	0.171	0.273	0.129
0.047	0.012	0.832	0.109
0.001	0.870	0.128	0.001
0.015	0.307	0.395	0.283
>GCAGATTT	25-GCAGATTT	7.023327	-66.989920	0	T:7560.0(11.94%),B:6536.4(10.53%),P:1e-29	Tpos:652.1,Tstd:726.4,Bpos:357.5,Bstd:223.7,StrandBias:-0.0,Multiplicity:1.13
0.120	0.029	0.709	0.142
0.043	0.688	0.261	0.008
0.524	0.182	0.152	0.142
0.109	0.001	0.889	0.001
0.641	0.057	0.193	0.109
0.016	0.104	0.146	0.734
0.001	0.137	0.001	0.861
0.169	0.189	0.024	0.618
