>CCTBAGGC	1-CCTBAGGC	7.113287	-1069.717645	0	T:12947.0(28.56%),B:8769.6(19.53%),P:1e-464	Tpos:412.9,Tstd:307.4,Bpos:295.3,Bstd:179.3,StrandBias:0.0,Multiplicity:1.28
0.001	0.997	0.001	0.001
0.001	0.982	0.001	0.016
0.001	0.058	0.006	0.935
0.047	0.362	0.362	0.229
0.972	0.001	0.026	0.001
0.001	0.001	0.997	0.001
0.001	0.016	0.982	0.001
0.001	0.958	0.040	0.001
>AGGYGTGK	2-AGGYGTGK	3.762506	-947.610640	0	T:15818.0(34.89%),B:11529.1(25.68%),P:1e-411	Tpos:393.0,Tstd:309.9,Bpos:287.1,Bstd:174.0,StrandBias:0.0,Multiplicity:1.45
0.995	0.001	0.003	0.001
0.001	0.001	0.997	0.001
0.001	0.001	0.997	0.001
0.001	0.470	0.001	0.528
0.001	0.001	0.997	0.001
0.001	0.001	0.001	0.997
0.001	0.001	0.997	0.001
0.001	0.001	0.473	0.525
>CCTTGAAC	3-CCTTGAAC	10.961737	-545.754810	0	T:3752.0(8.28%),B:2099.0(4.67%),P:1e-237	Tpos:375.9,Tstd:299.9,Bpos:289.2,Bstd:179.6,StrandBias:-0.1,Multiplicity:1.09
0.001	0.997	0.001	0.001
0.001	0.997	0.001	0.001
0.001	0.001	0.001	0.997
0.001	0.001	0.001	0.997
0.001	0.001	0.997	0.001
0.997	0.001	0.001	0.001
0.997	0.001	0.001	0.001
0.001	0.898	0.001	0.100
>GCATTCCG	4-GCATTCCG	7.001213	-527.717880	0	T:6231.0(13.74%),B:4077.3(9.08%),P:1e-229	Tpos:385.4,Tstd:313.4,Bpos:296.2,Bstd:174.0,StrandBias:0.0,Multiplicity:1.12
0.322	0.050	0.571	0.057
0.201	0.738	0.031	0.030
0.781	0.123	0.043	0.053
0.049	0.070	0.043	0.838
0.031	0.065	0.037	0.867
0.026	0.920	0.030	0.024
0.134	0.730	0.083	0.053
0.185	0.029	0.557	0.229
>RCCCCGCC	5-RCCCCGCC	7.122833	-365.637211	0	T:13409.0(29.57%),B:10798.8(24.05%),P:1e-158	Tpos:437.6,Tstd:314.7,Bpos:280.7,Bstd:168.2,StrandBias:-0.0,Multiplicity:1.90
0.507	0.001	0.490	0.002
0.178	0.544	0.092	0.186
0.129	0.543	0.027	0.301
0.102	0.798	0.099	0.001
0.191	0.807	0.001	0.001
0.269	0.001	0.729	0.001
0.001	0.922	0.001	0.076
0.038	0.892	0.001	0.069
>ACAAACAA	6-ACAAACAA	10.250325	-347.665246	0	T:4598.0(10.14%),B:3066.9(6.83%),P:1e-150	Tpos:353.7,Tstd:319.9,Bpos:292.3,Bstd:192.3,StrandBias:0.1,Multiplicity:2.20
0.828	0.170	0.001	0.001
0.377	0.621	0.001	0.001
0.903	0.095	0.001	0.001
0.997	0.001	0.001	0.001
0.997	0.001	0.001	0.001
0.057	0.941	0.001	0.001
0.997	0.001	0.001	0.001
0.997	0.001	0.001	0.001
>TCGAGGCA	7-TCGAGGCA	9.097818	-297.521972	0	T:4800.0(10.59%),B:3335.1(7.43%),P:1e-129	Tpos:368.2,Tstd:306.2,Bpos:291.5,Bstd:178.8,StrandBias:-0.1,Multiplicity:1.10
0.009	0.001	0.013	0.977
0.041	0.891	0.032	0.036
0.061	0.320	0.576	0.043
0.963	0.014	0.001	0.022
0.001	0.009	0.989	0.001
0.294	0.009	0.676	0.021
0.001	0.993	0.001	0.005
0.978	0.001	0.006	0.015
>TWAATCCG	8-TWAATCCG	5.431054	-279.564928	0	T:13339.0(29.42%),B:11035.9(24.58%),P:1e-121	Tpos:383.6,Tstd:331.6,Bpos:291.7,Bstd:181.7,StrandBias:0.0,Multiplicity:1.34
0.022	0.035	0.198	0.745
0.298	0.164	0.164	0.374
0.859	0.001	0.048	0.092
0.646	0.133	0.117	0.104
0.268	0.095	0.021	0.616
0.001	0.611	0.025	0.363
0.001	0.777	0.179	0.043
0.024	0.270	0.680	0.026
>CCCCAGGG	9-CCCCAGGG	8.871097	-257.365275	0	T:5923.0(13.06%),B:4391.2(9.78%),P:1e-111	Tpos:416.2,Tstd:323.3,Bpos:292.1,Bstd:175.7,StrandBias:-0.0,Multiplicity:1.13
0.001	0.997	0.001	0.001
0.001	0.997	0.001	0.001
0.001	0.997	0.001	0.001
0.001	0.768	0.120	0.111
0.997	0.001	0.001	0.001
0.001	0.001	0.997	0.001
0.001	0.001	0.997	0.001
0.001	0.001	0.997	0.001
>TCACGCCT	10-TCACGCCT	7.736753	-219.900454	0	T:8077.0(17.81%),B:6416.2(14.29%),P:1e-95	Tpos:387.9,Tstd:320.7,Bpos:290.3,Bstd:176.9,StrandBias:0.1,Multiplicity:1.15
0.001	0.001	0.242	0.756
0.001	0.997	0.001	0.001
0.997	0.001	0.001	0.001
0.001	0.997	0.001	0.001
0.352	0.001	0.646	0.001
0.001	0.997	0.001	0.001
0.001	0.997	0.001	0.001
0.001	0.227	0.001	0.771
>AGGRAGTT	11-AGGRAGTT	7.348067	-199.342787	0	T:13280.0(29.29%),B:11311.8(25.19%),P:1e-86	Tpos:375.7,Tstd:318.9,Bpos:290.4,Bstd:179.6,StrandBias:0.0,Multiplicity:1.24
0.997	0.001	0.001	0.001
0.001	0.001	0.997	0.001
0.001	0.130	0.668	0.201
0.544	0.001	0.454	0.001
0.676	0.322	0.001	0.001
0.001	0.001	0.997	0.001
0.001	0.001	0.001	0.997
0.001	0.001	0.117	0.881
>GGTTTSTC	12-GGTTTSTC	7.428935	-181.696970	0	T:7007.0(15.45%),B:5584.2(12.44%),P:1e-78	Tpos:369.2,Tstd:326.7,Bpos:293.4,Bstd:183.0,StrandBias:-0.0,Multiplicity:1.10
0.001	0.074	0.893	0.032
0.170	0.001	0.699	0.130
0.066	0.067	0.001	0.866
0.212	0.056	0.001	0.731
0.054	0.001	0.001	0.944
0.176	0.341	0.482	0.001
0.001	0.001	0.290	0.708
0.168	0.830	0.001	0.001
>AAAACAAC	13-AAAACAAC	9.664969	-166.142888	0	T:8578.0(18.92%),B:7075.0(15.76%),P:1e-72	Tpos:360.6,Tstd:327.1,Bpos:297.7,Bstd:195.6,StrandBias:0.1,Multiplicity:1.84
0.997	0.001	0.001	0.001
0.595	0.403	0.001	0.001
0.997	0.001	0.001	0.001
0.986	0.012	0.001	0.001
0.001	0.997	0.001	0.001
0.997	0.001	0.001	0.001
0.997	0.001	0.001	0.001
0.416	0.582	0.001	0.001
>KAGATAAS	14-KAGATAAS	4.962079	-165.197289	0	T:4759.0(10.50%),B:3636.1(8.10%),P:1e-71	Tpos:395.1,Tstd:312.5,Bpos:290.3,Bstd:169.5,StrandBias:-0.0,Multiplicity:1.13
0.012	0.004	0.464	0.520
0.997	0.001	0.001	0.001
0.001	0.001	0.997	0.001
0.997	0.001	0.001	0.001
0.001	0.001	0.001	0.997
0.997	0.001	0.001	0.001
0.997	0.001	0.001	0.001
0.001	0.443	0.555	0.001
>GAAATCTS	15-GAAATCTS	5.668235	-148.247885	0	T:8664.0(19.11%),B:7231.9(16.11%),P:1e-64	Tpos:375.4,Tstd:319.4,Bpos:294.1,Bstd:173.8,StrandBias:0.0,Multiplicity:1.16
0.001	0.001	0.672	0.326
0.997	0.001	0.001	0.001
0.841	0.001	0.157	0.001
0.982	0.016	0.001	0.001
0.001	0.001	0.014	0.984
0.001	0.997	0.001	0.001
0.001	0.001	0.001	0.997
0.001	0.501	0.497	0.001
>CTGGBCTA	16-CTGGBCTA	6.834608	-143.522628	0	T:12363.0(27.27%),B:10717.9(23.87%),P:1e-62	Tpos:377.1,Tstd:322.3,Bpos:290.6,Bstd:181.2,StrandBias:-0.0,Multiplicity:1.40
0.018	0.887	0.015	0.080
0.220	0.101	0.082	0.597
0.159	0.013	0.731	0.097
0.134	0.066	0.799	0.001
0.091	0.253	0.311	0.346
0.029	0.788	0.017	0.166
0.017	0.001	0.057	0.925
0.930	0.018	0.037	0.015
>GGAATTTG	17-GGAATTTG	6.677628	-133.769524	0	T:3595.0(7.93%),B:2713.6(6.04%),P:1e-58	Tpos:385.9,Tstd:319.8,Bpos:290.5,Bstd:173.8,StrandBias:0.1,Multiplicity:1.07
0.001	0.026	0.972	0.001
0.001	0.001	0.743	0.255
0.997	0.001	0.001	0.001
0.997	0.001	0.001	0.001
0.001	0.001	0.001	0.997
0.001	0.361	0.001	0.637
0.001	0.001	0.001	0.997
0.001	0.001	0.997	0.001
>CCAAGGCA	18-CCAAGGCA	7.483853	-124.618287	0	T:6677.0(14.73%),B:5507.6(12.27%),P:1e-54	Tpos:378.3,Tstd:317.7,Bpos:290.1,Bstd:176.3,StrandBias:0.0,Multiplicity:1.12
0.001	0.847	0.001	0.151
0.001	0.925	0.073	0.001
0.997	0.001	0.001	0.001
0.997	0.001	0.001	0.001
0.001	0.044	0.954	0.001
0.001	0.001	0.997	0.001
0.001	0.997	0.001	0.001
0.797	0.001	0.001	0.201
>ACWCCAMC	19-ACWCCAMC	6.972284	-123.647067	0	T:10217.0(22.53%),B:8798.8(19.60%),P:1e-53	Tpos:380.6,Tstd:321.4,Bpos:294.8,Bstd:178.1,StrandBias:-0.0,Multiplicity:1.17
0.681	0.030	0.288	0.001
0.001	0.977	0.021	0.001
0.415	0.001	0.052	0.532
0.335	0.663	0.001	0.001
0.057	0.673	0.184	0.086
0.662	0.001	0.316	0.021
0.504	0.455	0.001	0.040
0.001	0.809	0.023	0.167
>TTGAGACA	20-TTGAGACA	9.124412	-113.308346	0	T:5141.0(11.34%),B:4157.2(9.26%),P:1e-49	Tpos:368.3,Tstd:322.3,Bpos:291.0,Bstd:180.1,StrandBias:-0.0,Multiplicity:1.08
0.001	0.001	0.001	0.997
0.001	0.001	0.001	0.997
0.001	0.001	0.997	0.001
0.997	0.001	0.001	0.001
0.001	0.001	0.997	0.001
0.710	0.146	0.143	0.001
0.001	0.997	0.001	0.001
0.997	0.001	0.001	0.001
>GATAATGG	21-GATAATGG	8.236954	-108.905896	0	T:991.0(2.19%),B:598.9(1.33%),P:1e-47	Tpos:362.9,Tstd:302.7,Bpos:306.1,Bstd:166.4,StrandBias:-0.0,Multiplicity:1.01
0.100	0.100	0.700	0.100
0.700	0.100	0.100	0.100
0.100	0.100	0.100	0.700
0.700	0.100	0.100	0.100
0.700	0.100	0.100	0.100
0.100	0.100	0.100	0.700
0.100	0.100	0.700	0.100
0.100	0.100	0.700	0.100
>CTKAACCT	22-CTKAACCT	7.735320	-108.604569	0	T:5130.0(11.31%),B:4166.7(9.28%),P:1e-47	Tpos:379.3,Tstd:323.3,Bpos:291.0,Bstd:174.2,StrandBias:0.0,Multiplicity:1.14
0.001	0.997	0.001	0.001
0.001	0.086	0.365	0.548
0.001	0.001	0.435	0.563
0.632	0.001	0.366	0.001
0.997	0.001	0.001	0.001
0.061	0.521	0.301	0.117
0.001	0.859	0.139	0.001
0.001	0.001	0.216	0.782
>AMGAMTGC	23-AMGAMTGC	5.965128	-106.509410	0	T:3890.0(8.58%),B:3061.3(6.82%),P:1e-46	Tpos:384.2,Tstd:321.8,Bpos:290.6,Bstd:176.5,StrandBias:-0.0,Multiplicity:1.09
0.997	0.001	0.001	0.001
0.485	0.513	0.001	0.001
0.001	0.001	0.997	0.001
0.997	0.001	0.001	0.001
0.541	0.457	0.001	0.001
0.001	0.001	0.001	0.997
0.001	0.001	0.997	0.001
0.001	0.975	0.001	0.023
>GCACTATT	24-GCACTATT	8.627809	-95.394942	0	T:1514.0(3.34%),B:1042.0(2.32%),P:1e-41	Tpos:354.2,Tstd:311.1,Bpos:288.8,Bstd:174.2,StrandBias:0.2,Multiplicity:1.02
0.001	0.001	0.997	0.001
0.001	0.997	0.001	0.001
0.997	0.001	0.001	0.001
0.250	0.748	0.001	0.001
0.116	0.001	0.001	0.882
0.997	0.001	0.001	0.001
0.001	0.001	0.001	0.997
0.001	0.001	0.001	0.997
>CTGGCTTA	25-CTGGCTTA	8.236954	-89.489512	0	T:1666.0(3.67%),B:1181.3(2.63%),P:1e-38	Tpos:360.4,Tstd:308.3,Bpos:296.1,Bstd:172.3,StrandBias:0.0,Multiplicity:1.02
0.100	0.700	0.100	0.100
0.100	0.100	0.100	0.700
0.100	0.100	0.700	0.100
0.100	0.100	0.700	0.100
0.100	0.700	0.100	0.100
0.100	0.100	0.100	0.700
0.100	0.100	0.100	0.700
0.700	0.100	0.100	0.100
