>TATGGCGA	1-TATGGCGA	11.048099	-34.975316	0	T:13.0(6.84%),B:103.0(0.22%),P:1e-15	Tpos:387.1,Tstd:443.0,Bpos:233.6,Bstd:157.7,StrandBias:0.6,Multiplicity:2.92
0.001	0.001	0.001	0.997
0.997	0.001	0.001	0.001
0.001	0.001	0.001	0.997
0.001	0.001	0.997	0.001
0.001	0.001	0.979	0.019
0.001	0.997	0.001	0.001
0.001	0.001	0.997	0.001
0.997	0.001	0.001	0.001
>AATCGGTC	2-AATCGGTC	7.444184	-21.477022	0	T:27.0(14.21%),B:1619.9(3.41%),P:1e-9	Tpos:520.0,Tstd:921.3,Bpos:224.9,Bstd:151.9,StrandBias:0.2,Multiplicity:1.11
0.880	0.001	0.001	0.118
0.997	0.001	0.001	0.001
0.057	0.140	0.037	0.766
0.036	0.837	0.126	0.001
0.001	0.001	0.854	0.144
0.001	0.051	0.947	0.001
0.067	0.001	0.001	0.931
0.001	0.856	0.065	0.078
>AACGTGAA	3-AACGTGAA	7.770616	-20.162642	0	T:19.0(10.00%),B:838.4(1.77%),P:1e-8	Tpos:377.5,Tstd:406.0,Bpos:222.2,Bstd:157.7,StrandBias:0.5,Multiplicity:1.61
0.599	0.012	0.359	0.030
0.802	0.110	0.001	0.087
0.001	0.976	0.001	0.022
0.020	0.046	0.893	0.041
0.056	0.001	0.001	0.942
0.001	0.034	0.964	0.001
0.920	0.001	0.078	0.001
0.953	0.027	0.019	0.001
>TGTAGGAC	4-TGTAGGAC	8.236954	-19.671496	0	T:13.0(6.84%),B:354.4(0.75%),P:1e-8	Tpos:275.1,Tstd:201.0,Bpos:226.7,Bstd:135.8,StrandBias:0.4,Multiplicity:2.85
0.100	0.100	0.100	0.700
0.100	0.100	0.700	0.100
0.100	0.100	0.100	0.700
0.700	0.100	0.100	0.100
0.100	0.100	0.700	0.100
0.100	0.100	0.700	0.100
0.700	0.100	0.100	0.100
0.100	0.700	0.100	0.100
>AAATGGCG	5-AAATGGCG	8.282788	-13.532051	0	T:17.0(8.95%),B:1045.6(2.20%),P:1e-5	Tpos:212.5,Tstd:145.7,Bpos:223.9,Bstd:155.5,StrandBias:0.6,Multiplicity:1.44
0.911	0.001	0.001	0.087
0.805	0.193	0.001	0.001
0.981	0.017	0.001	0.001
0.001	0.001	0.339	0.659
0.075	0.251	0.673	0.001
0.193	0.001	0.788	0.018
0.001	0.983	0.015	0.001
0.001	0.001	0.997	0.001
>GGAATATG	6-GGAATATG	8.236954	-11.086401	0	T:10.0(5.26%),B:446.7(0.94%),P:1e-4	Tpos:296.1,Tstd:203.0,Bpos:234.9,Bstd:134.8,StrandBias:0.3,Multiplicity:2.90
0.100	0.100	0.700	0.100
0.100	0.100	0.700	0.100
0.700	0.100	0.100	0.100
0.700	0.100	0.100	0.100
0.100	0.100	0.100	0.700
0.700	0.100	0.100	0.100
0.100	0.100	0.100	0.700
0.100	0.100	0.700	0.100
>GCAAGAAA	7-GCAAGAAA	8.564515	-11.044221	0	T:18.0(9.47%),B:1400.7(2.95%),P:1e-4	Tpos:313.8,Tstd:208.6,Bpos:229.9,Bstd:145.1,StrandBias:-0.4,Multiplicity:1.28
0.001	0.001	0.997	0.001
0.001	0.997	0.001	0.001
0.997	0.001	0.001	0.001
0.904	0.094	0.001	0.001
0.001	0.001	0.997	0.001
0.886	0.001	0.001	0.112
0.997	0.001	0.001	0.001
0.975	0.001	0.001	0.023
>AATTATTA	8-AATTATTA	8.958550	-9.808439	0	T:17.0(8.95%),B:1398.0(2.94%),P:1e-4	Tpos:854.4,Tstd:1091.6,Bpos:226.9,Bstd:141.4,StrandBias:0.6,Multiplicity:1.47
0.792	0.001	0.001	0.206
0.822	0.132	0.045	0.001
0.050	0.001	0.001	0.948
0.252	0.001	0.001	0.746
0.997	0.001	0.001	0.001
0.001	0.001	0.038	0.960
0.001	0.001	0.001	0.997
0.728	0.001	0.270	0.001
>AAATGAGA	9-AAATGAGA	8.236954	-8.267510	0	T:14.0(7.37%),B:1153.9(2.43%),P:1e-3	Tpos:294.1,Tstd:212.1,Bpos:229.9,Bstd:142.2,StrandBias:0.7,Multiplicity:5.07
0.700	0.100	0.100	0.100
0.700	0.100	0.100	0.100
0.700	0.100	0.100	0.100
0.100	0.100	0.100	0.700
0.100	0.100	0.700	0.100
0.700	0.100	0.100	0.100
0.100	0.100	0.700	0.100
0.700	0.100	0.100	0.100
>ACAACAAC	10-ACAACAAC	7.521515	-8.170054	0	T:26.0(13.68%),B:3091.1(6.51%),P:1e-3	Tpos:373.2,Tstd:544.3,Bpos:234.2,Bstd:146.1,StrandBias:0.7,Multiplicity:1.23
0.997	0.001	0.001	0.001
0.001	0.997	0.001	0.001
0.997	0.001	0.001	0.001
0.846	0.038	0.115	0.001
0.001	0.997	0.001	0.001
0.952	0.001	0.046	0.001
0.997	0.001	0.001	0.001
0.001	0.791	0.207	0.001
>AAYGCACA	11-AAYGCACA	8.514046	-7.389622	0	T:12.0(6.32%),B:973.7(2.05%),P:1e-3	Tpos:264.3,Tstd:172.9,Bpos:233.1,Bstd:143.3,StrandBias:0.0,Multiplicity:1.83
0.969	0.001	0.001	0.029
0.801	0.073	0.012	0.114
0.033	0.426	0.001	0.540
0.330	0.001	0.668	0.001
0.001	0.819	0.001	0.179
0.751	0.247	0.001	0.001
0.145	0.728	0.001	0.126
0.769	0.090	0.140	0.001
>GGGGCGTR	12-GGGGCGTR	7.968195	-7.259626	0	T:19.0(10.00%),B:2068.3(4.36%),P:1e-3	Tpos:413.5,Tstd:764.2,Bpos:208.4,Bstd:149.7,StrandBias:-1.3,Multiplicity:1.47
0.284	0.125	0.590	0.001
0.082	0.107	0.810	0.001
0.001	0.001	0.997	0.001
0.001	0.001	0.892	0.106
0.097	0.767	0.125	0.011
0.102	0.146	0.655	0.097
0.001	0.001	0.001	0.997
0.430	0.001	0.384	0.184
>TTGTTRGT	13-TTGTTRGT	9.106284	-6.816136	0	T:14.0(7.37%),B:1339.1(2.82%),P:1e-2	Tpos:1001.9,Tstd:1331.8,Bpos:229.8,Bstd:140.6,StrandBias:0.2,Multiplicity:1.36
0.099	0.001	0.083	0.817
0.001	0.083	0.215	0.701
0.001	0.001	0.997	0.001
0.001	0.255	0.001	0.743
0.001	0.001	0.001	0.997
0.468	0.001	0.530	0.001
0.001	0.001	0.711	0.287
0.021	0.001	0.001	0.977
>ACTGAAAA	14-ACTGAAAA	8.236954	-6.795157	0	T:14.0(7.37%),B:1342.4(2.83%),P:1e-2	Tpos:295.2,Tstd:223.3,Bpos:231.3,Bstd:147.7,StrandBias:0.2,Multiplicity:4.86
0.700	0.100	0.100	0.100
0.100	0.700	0.100	0.100
0.100	0.100	0.100	0.700
0.100	0.100	0.700	0.100
0.700	0.100	0.100	0.100
0.700	0.100	0.100	0.100
0.700	0.100	0.100	0.100
0.700	0.100	0.100	0.100
>TCTTTCTT	15-TCTTTCTT	6.069660	-3.729067	0	T:32.0(16.84%),B:5592.8(11.78%),P:1e-1	Tpos:383.5,Tstd:513.2,Bpos:231.4,Bstd:156.1,StrandBias:1.0,Multiplicity:3.06
0.001	0.001	0.120	0.878
0.001	0.997	0.001	0.001
0.001	0.001	0.001	0.997
0.001	0.001	0.001	0.997
0.056	0.001	0.001	0.942
0.001	0.997	0.001	0.001
0.001	0.001	0.001	0.997
0.001	0.001	0.001	0.997
>CCCCCCCC	16-CCCCCCCC	10.675867	-1.904979	0	T:14.0(7.37%),B:2563.1(5.40%),P:1e0	Tpos:539.6,Tstd:958.1,Bpos:216.3,Bstd:148.2,StrandBias:0.3,Multiplicity:1.07
0.111	0.887	0.001	0.001
0.068	0.930	0.001	0.001
0.001	0.997	0.001	0.001
0.001	0.997	0.001	0.001
0.001	0.997	0.001	0.001
0.001	0.997	0.001	0.001
0.080	0.918	0.001	0.001
0.115	0.883	0.001	0.001
