>ACAATAGA	1-ACAATAGA	7.934178	-107.860720	0	T:662.0(17.79%),B:4518.6(10.00%),P:1e-46	Tpos:429.8,Tstd:332.4,Bpos:310.6,Bstd:192.2,StrandBias:0.0,Multiplicity:1.14
0.997	0.001	0.001	0.001
0.001	0.997	0.001	0.001
0.997	0.001	0.001	0.001
0.997	0.001	0.001	0.001
0.231	0.001	0.001	0.767
0.980	0.018	0.001	0.001
0.001	0.102	0.896	0.001
0.804	0.131	0.064	0.001
>GGGGGGGG	2-GGGGGGGG	8.025389	-102.000941	0	T:1506.0(40.46%),B:13399.5(29.64%),P:1e-44	Tpos:421.9,Tstd:381.3,Bpos:306.2,Bstd:203.8,StrandBias:0.0,Multiplicity:1.75
0.023	0.001	0.975	0.001
0.001	0.001	0.929	0.069
0.001	0.001	0.829	0.169
0.001	0.001	0.922	0.076
0.006	0.007	0.743	0.244
0.113	0.001	0.654	0.232
0.061	0.031	0.864	0.044
0.069	0.001	0.929	0.001
>TAATTAGC	3-TAATTAGC	6.473265	-89.589727	0	T:1194.0(32.08%),B:10254.5(22.68%),P:1e-38	Tpos:431.6,Tstd:351.6,Bpos:311.9,Bstd:200.7,StrandBias:-0.0,Multiplicity:1.38
0.084	0.212	0.002	0.702
0.823	0.175	0.001	0.001
0.969	0.029	0.001	0.001
0.088	0.018	0.030	0.864
0.001	0.001	0.001	0.997
0.590	0.028	0.125	0.257
0.321	0.115	0.563	0.001
0.001	0.666	0.238	0.095
>CAAGGTCA	4-CAAGGTCA	10.689030	-86.731571	0	T:333.0(8.95%),B:1859.8(4.11%),P:1e-37	Tpos:468.6,Tstd:445.6,Bpos:316.7,Bstd:189.4,StrandBias:0.1,Multiplicity:1.09
0.001	0.854	0.144	0.001
0.997	0.001	0.001	0.001
0.997	0.001	0.001	0.001
0.001	0.001	0.997	0.001
0.001	0.001	0.997	0.001
0.001	0.001	0.001	0.997
0.001	0.921	0.001	0.077
0.864	0.001	0.025	0.110
>AACAATGS	5-AACAATGS	7.168236	-73.741449	0	T:1040.0(27.94%),B:8965.9(19.83%),P:1e-32	Tpos:432.8,Tstd:348.9,Bpos:310.2,Bstd:196.7,StrandBias:-0.1,Multiplicity:1.25
0.670	0.001	0.328	0.001
0.997	0.001	0.001	0.001
0.001	0.848	0.001	0.150
0.974	0.001	0.024	0.001
0.908	0.090	0.001	0.001
0.159	0.077	0.089	0.675
0.001	0.029	0.878	0.092
0.233	0.388	0.377	0.001
>YATTCAAA	6-YATTCAAA	7.387842	-70.173129	0	T:810.0(21.76%),B:6627.6(14.66%),P:1e-30	Tpos:441.3,Tstd:365.9,Bpos:309.3,Bstd:192.7,StrandBias:0.1,Multiplicity:1.21
0.001	0.417	0.041	0.541
0.862	0.001	0.013	0.124
0.001	0.001	0.089	0.909
0.001	0.001	0.319	0.679
0.040	0.844	0.001	0.115
0.750	0.043	0.027	0.180
0.988	0.001	0.006	0.005
0.861	0.001	0.137	0.001
>GGGTGGAG	7-GGGTGGAG	9.550639	-57.979425	0	T:438.0(11.77%),B:3161.0(6.99%),P:1e-25	Tpos:456.5,Tstd:382.9,Bpos:305.1,Bstd:190.5,StrandBias:-0.1,Multiplicity:1.12
0.001	0.001	0.997	0.001
0.001	0.001	0.997	0.001
0.001	0.001	0.997	0.001
0.001	0.001	0.001	0.997
0.001	0.001	0.997	0.001
0.001	0.001	0.779	0.219
0.997	0.001	0.001	0.001
0.001	0.001	0.997	0.001
>TAAATCGC	8-TAAATCGC	5.581698	-57.626414	0	T:895.0(24.05%),B:7811.8(17.28%),P:1e-25	Tpos:405.7,Tstd:348.8,Bpos:309.8,Bstd:201.3,StrandBias:-0.1,Multiplicity:1.19
0.102	0.127	0.093	0.678
0.767	0.056	0.081	0.096
0.876	0.036	0.066	0.022
0.730	0.149	0.063	0.058
0.117	0.127	0.053	0.703
0.084	0.666	0.166	0.084
0.046	0.068	0.820	0.066
0.067	0.765	0.119	0.049
>GCGTTDAT	9-GCGTTDAT	5.644638	-52.647390	0	T:1351.0(36.30%),B:12993.2(28.74%),P:1e-22	Tpos:409.2,Tstd:337.7,Bpos:310.2,Bstd:196.2,StrandBias:0.0,Multiplicity:1.32
0.058	0.027	0.914	0.001
0.001	0.856	0.001	0.142
0.157	0.153	0.593	0.097
0.099	0.095	0.001	0.805
0.001	0.001	0.027	0.971
0.324	0.001	0.286	0.390
0.739	0.028	0.065	0.168
0.029	0.116	0.160	0.695
>GTTTACGA	10-GTTTACGA	6.271985	-51.698718	0	T:616.0(16.55%),B:5038.3(11.14%),P:1e-22	Tpos:414.3,Tstd:363.2,Bpos:308.4,Bstd:203.8,StrandBias:-0.1,Multiplicity:1.12
0.180	0.049	0.628	0.143
0.077	0.001	0.164	0.758
0.035	0.089	0.005	0.871
0.079	0.022	0.027	0.872
0.639	0.217	0.069	0.075
0.032	0.866	0.072	0.030
0.201	0.034	0.674	0.091
0.701	0.126	0.105	0.068
>TTCAAAGG	11-TTCAAAGG	7.104528	-46.386123	0	T:837.0(22.49%),B:7491.0(16.57%),P:1e-20	Tpos:445.1,Tstd:366.2,Bpos:310.9,Bstd:200.8,StrandBias:0.0,Multiplicity:1.26
0.173	0.055	0.080	0.692
0.142	0.037	0.102	0.719
0.081	0.630	0.134	0.155
0.831	0.109	0.014	0.046
0.928	0.046	0.024	0.002
0.811	0.028	0.075	0.086
0.074	0.088	0.758	0.080
0.108	0.161	0.633	0.098
>CCTTTCAG	12-CCTTTCAG	6.139001	-44.922201	0	T:1569.0(42.15%),B:15778.4(34.90%),P:1e-19	Tpos:403.0,Tstd:351.2,Bpos:313.9,Bstd:193.5,StrandBias:-0.1,Multiplicity:1.36
0.149	0.654	0.053	0.144
0.112	0.623	0.113	0.152
0.248	0.042	0.085	0.625
0.025	0.033	0.018	0.924
0.030	0.064	0.063	0.843
0.139	0.724	0.033	0.104
0.843	0.081	0.049	0.027
0.126	0.065	0.767	0.042
>CGGTTTWD	13-CGGTTTWD	5.089954	-44.432657	0	T:1162.0(31.22%),B:11129.1(24.62%),P:1e-19	Tpos:415.3,Tstd:353.1,Bpos:311.2,Bstd:206.8,StrandBias:-0.1,Multiplicity:1.31
0.070	0.928	0.001	0.001
0.001	0.301	0.697	0.001
0.001	0.113	0.875	0.011
0.168	0.139	0.210	0.483
0.042	0.099	0.001	0.858
0.132	0.130	0.074	0.664
0.458	0.082	0.058	0.402
0.244	0.039	0.343	0.374
>TGAATTGG	14-TGAATTGG	7.315795	-36.875155	0	T:452.0(12.14%),B:3705.7(8.20%),P:1e-16	Tpos:412.1,Tstd:336.4,Bpos:314.7,Bstd:196.0,StrandBias:-0.1,Multiplicity:1.11
0.001	0.001	0.001	0.997
0.194	0.001	0.804	0.001
0.997	0.001	0.001	0.001
0.997	0.001	0.001	0.001
0.001	0.182	0.001	0.816
0.001	0.001	0.001	0.997
0.001	0.040	0.958	0.001
0.001	0.113	0.885	0.001
>TGWCTTKG	15-TGWCTTKG	7.508059	-36.830332	0	T:963.0(25.87%),B:9166.1(20.28%),P:1e-15	Tpos:426.6,Tstd:354.6,Bpos:313.7,Bstd:192.6,StrandBias:-0.0,Multiplicity:1.26
0.174	0.087	0.001	0.738
0.001	0.001	0.825	0.173
0.437	0.001	0.186	0.376
0.204	0.794	0.001	0.001
0.001	0.001	0.001	0.997
0.001	0.001	0.101	0.897
0.111	0.124	0.411	0.354
0.021	0.001	0.977	0.001
>CGGAATTC	16-CGGAATTC	5.840395	-36.697122	0	T:957.0(25.71%),B:9104.2(20.14%),P:1e-15	Tpos:404.2,Tstd:376.8,Bpos:306.2,Bstd:197.8,StrandBias:0.0,Multiplicity:1.22
0.107	0.644	0.085	0.164
0.099	0.053	0.746	0.102
0.046	0.132	0.754	0.068
0.813	0.067	0.080	0.040
0.846	0.041	0.055	0.058
0.146	0.042	0.038	0.774
0.056	0.060	0.093	0.791
0.143	0.634	0.136	0.087
>GAACCTTG	17-GAACCTTG	7.977533	-36.369486	0	T:383.0(10.29%),B:3025.0(6.69%),P:1e-15	Tpos:383.6,Tstd:337.0,Bpos:312.7,Bstd:191.2,StrandBias:0.1,Multiplicity:1.07
0.001	0.001	0.742	0.256
0.997	0.001	0.001	0.001
0.857	0.001	0.141	0.001
0.001	0.997	0.001	0.001
0.001	0.997	0.001	0.001
0.001	0.001	0.001	0.997
0.001	0.071	0.001	0.927
0.001	0.001	0.997	0.001
>CAAGMGTT	18-CAAGMGTT	7.896501	-36.070225	0	T:386.0(10.37%),B:3061.1(6.77%),P:1e-15	Tpos:386.4,Tstd:323.7,Bpos:312.0,Bstd:197.9,StrandBias:-0.2,Multiplicity:1.08
0.152	0.846	0.001	0.001
0.637	0.001	0.361	0.001
0.997	0.001	0.001	0.001
0.001	0.001	0.997	0.001
0.568	0.430	0.001	0.001
0.001	0.001	0.997	0.001
0.001	0.001	0.001	0.997
0.001	0.001	0.001	0.997
>CAGCAGGT	19-CAGCAGGT	8.017669	-34.430226	0	T:701.0(18.83%),B:6378.4(14.11%),P:1e-14	Tpos:412.2,Tstd:350.0,Bpos:318.7,Bstd:188.1,StrandBias:0.0,Multiplicity:1.19
0.001	0.997	0.001	0.001
0.861	0.069	0.069	0.001
0.001	0.001	0.997	0.001
0.001	0.871	0.127	0.001
0.997	0.001	0.001	0.001
0.001	0.001	0.997	0.001
0.001	0.001	0.997	0.001
0.216	0.001	0.001	0.782
>CACACCCT	20-CACACCCT	10.036805	-32.078496	0	T:463.0(12.44%),B:3933.1(8.70%),P:1e-13	Tpos:424.8,Tstd:347.6,Bpos:307.6,Bstd:185.6,StrandBias:0.1,Multiplicity:1.16
0.001	0.997	0.001	0.001
0.997	0.001	0.001	0.001
0.001	0.997	0.001	0.001
0.927	0.001	0.071	0.001
0.001	0.997	0.001	0.001
0.001	0.997	0.001	0.001
0.001	0.997	0.001	0.001
0.383	0.001	0.001	0.615
>CAGTCAAT	21-CAGTCAAT	9.158779	-31.603593	0	T:289.0(7.76%),B:2200.2(4.87%),P:1e-13	Tpos:357.9,Tstd:309.1,Bpos:314.7,Bstd:196.1,StrandBias:-0.2,Multiplicity:1.05
0.001	0.997	0.001	0.001
0.997	0.001	0.001	0.001
0.001	0.001	0.997	0.001
0.001	0.001	0.001	0.997
0.001	0.997	0.001	0.001
0.997	0.001	0.001	0.001
0.997	0.001	0.001	0.001
0.249	0.148	0.001	0.602
>ATACACCA	22-ATACACCA	7.653047	-30.675777	0	T:218.0(5.86%),B:1543.5(3.41%),P:1e-13	Tpos:381.2,Tstd:311.7,Bpos:307.6,Bstd:185.4,StrandBias:-0.2,Multiplicity:1.06
0.997	0.001	0.001	0.001
0.001	0.001	0.001	0.997
0.744	0.001	0.001	0.254
0.001	0.997	0.001	0.001
0.997	0.001	0.001	0.001
0.001	0.997	0.001	0.001
0.001	0.997	0.001	0.001
0.954	0.001	0.044	0.001
>TTTATGCC	23-TTTATGCC	10.691084	-23.042423	0	T:101.0(2.71%),B:606.4(1.34%),P:1e-10	Tpos:402.5,Tstd:350.8,Bpos:304.3,Bstd:198.1,StrandBias:-0.5,Multiplicity:1.05
0.001	0.001	0.001	0.997
0.001	0.001	0.001	0.997
0.001	0.001	0.001	0.997
0.997	0.001	0.001	0.001
0.001	0.052	0.001	0.946
0.001	0.001	0.997	0.001
0.001	0.997	0.001	0.001
0.001	0.722	0.001	0.276
>TTGGAACA	24-TTGGAACA	8.236954	-22.534512	0	T:152.0(4.08%),B:1064.8(2.36%),P:1e-9	Tpos:357.2,Tstd:293.8,Bpos:311.2,Bstd:194.0,StrandBias:0.0,Multiplicity:1.04
0.100	0.100	0.100	0.700
0.100	0.100	0.100	0.700
0.100	0.100	0.700	0.100
0.100	0.100	0.700	0.100
0.700	0.100	0.100	0.100
0.700	0.100	0.100	0.100
0.100	0.700	0.100	0.100
0.700	0.100	0.100	0.100
>TAAGACAG	25-TAAGACAG	8.505887	-19.690645	0	T:490.0(13.16%),B:4590.8(10.15%),P:1e-8	Tpos:405.7,Tstd:359.3,Bpos:308.6,Bstd:189.9,StrandBias:-0.2,Multiplicity:1.16
0.001	0.001	0.001	0.997
0.997	0.001	0.001	0.001
0.997	0.001	0.001	0.001
0.157	0.001	0.841	0.001
0.813	0.001	0.001	0.185
0.001	0.997	0.001	0.001
0.997	0.001	0.001	0.001
0.001	0.112	0.886	0.001
