>ACAAAGGV	1-ACAAAGGV	6.846572	-623.180994	0	T:4008.0(43.13%),B:10424.9(26.22%),P:1e-270	Tpos:634.6,Tstd:2586.5,Bpos:292.7,Bstd:189.2,StrandBias:0.0,Multiplicity:1.57
0.847	0.026	0.016	0.111
0.071	0.857	0.042	0.030
0.950	0.019	0.006	0.025
0.997	0.001	0.001	0.001
0.692	0.023	0.010	0.275
0.322	0.057	0.602	0.019
0.140	0.151	0.708	0.001
0.272	0.345	0.333	0.050
>YBCTTTGT	2-YBCTTTGT	6.968316	-290.405885	0	T:3465.0(37.29%),B:10324.2(25.97%),P:1e-126	Tpos:929.4,Tstd:3900.9,Bpos:296.7,Bstd:186.6,StrandBias:0.1,Multiplicity:1.31
0.196	0.448	0.055	0.300
0.001	0.291	0.361	0.347
0.130	0.799	0.001	0.070
0.260	0.001	0.025	0.714
0.001	0.001	0.001	0.997
0.069	0.025	0.001	0.905
0.001	0.030	0.968	0.001
0.001	0.062	0.112	0.825
>TCTATTGT	3-TCTATTGT	8.236954	-210.773920	0	T:400.0(4.30%),B:511.5(1.29%),P:1e-91	Tpos:785.9,Tstd:3896.0,Bpos:306.4,Bstd:176.8,StrandBias:-0.3,Multiplicity:1.07
0.100	0.100	0.100	0.700
0.100	0.700	0.100	0.100
0.100	0.100	0.100	0.700
0.700	0.100	0.100	0.100
0.100	0.100	0.100	0.700
0.100	0.100	0.100	0.700
0.100	0.100	0.700	0.100
0.100	0.100	0.100	0.700
>TCGCGAGA	4-TCGCGAGA	9.021379	-209.771301	0	T:315.0(3.39%),B:333.1(0.84%),P:1e-91	Tpos:411.9,Tstd:239.4,Bpos:259.5,Bstd:172.4,StrandBias:-0.0,Multiplicity:1.17
0.001	0.001	0.001	0.997
0.001	0.997	0.001	0.001
0.001	0.001	0.997	0.001
0.001	0.997	0.001	0.001
0.001	0.001	0.997	0.001
0.997	0.001	0.001	0.001
0.001	0.001	0.869	0.129
0.997	0.001	0.001	0.001
>ATTTGCAT	5-ATTTGCAT	7.712382	-202.623171	0	T:1617.0(17.40%),B:4186.7(10.53%),P:1e-87	Tpos:663.4,Tstd:2220.7,Bpos:292.5,Bstd:193.9,StrandBias:-0.0,Multiplicity:1.21
0.918	0.080	0.001	0.001
0.001	0.001	0.001	0.997
0.001	0.001	0.001	0.997
0.092	0.001	0.001	0.906
0.001	0.001	0.997	0.001
0.155	0.843	0.001	0.001
0.982	0.001	0.016	0.001
0.109	0.050	0.001	0.840
>GCGGGATT	6-GCGGGATT	6.046589	-180.248076	0	T:2092.0(22.51%),B:6011.2(15.12%),P:1e-78	Tpos:511.6,Tstd:1610.3,Bpos:294.4,Bstd:192.8,StrandBias:-0.0,Multiplicity:1.17
0.113	0.063	0.823	0.001
0.040	0.819	0.001	0.140
0.001	0.185	0.759	0.055
0.164	0.037	0.562	0.237
0.075	0.077	0.666	0.182
0.678	0.065	0.084	0.173
0.161	0.039	0.001	0.799
0.095	0.046	0.001	0.858
>GCTAATYA	7-GCTAATYA	6.888925	-175.959392	0	T:1980.0(21.31%),B:5637.9(14.18%),P:1e-76	Tpos:592.3,Tstd:1889.1,Bpos:284.9,Bstd:187.6,StrandBias:-0.1,Multiplicity:1.23
0.001	0.236	0.762	0.001
0.001	0.904	0.001	0.094
0.002	0.249	0.001	0.748
0.997	0.001	0.001	0.001
0.913	0.001	0.001	0.085
0.001	0.001	0.001	0.997
0.001	0.565	0.001	0.433
0.673	0.183	0.104	0.040
>CCTGCTGA	8-CCTGCTGA	8.093963	-167.020160	0	T:1369.0(14.73%),B:3553.0(8.94%),P:1e-72	Tpos:616.8,Tstd:2432.0,Bpos:295.3,Bstd:177.2,StrandBias:0.0,Multiplicity:1.12
0.001	0.997	0.001	0.001
0.001	0.997	0.001	0.001
0.001	0.079	0.001	0.919
0.001	0.001	0.997	0.001
0.001	0.997	0.001	0.001
0.001	0.001	0.001	0.997
0.001	0.001	0.997	0.001
0.644	0.001	0.001	0.354
>SGCTTTBA	9-SGCTTTBA	6.469854	-150.470962	0	T:3661.0(39.40%),B:12323.7(31.00%),P:1e-65	Tpos:759.8,Tstd:2970.3,Bpos:293.9,Bstd:189.9,StrandBias:-0.0,Multiplicity:1.38
0.135	0.506	0.358	0.001
0.001	0.107	0.775	0.117
0.060	0.880	0.059	0.001
0.014	0.031	0.001	0.954
0.053	0.001	0.001	0.945
0.034	0.029	0.001	0.936
0.001	0.339	0.360	0.300
0.784	0.074	0.001	0.141
>KKCATTGT	10-KKCATTGT	3.425020	-148.079274	0	T:2735.0(29.43%),B:8696.8(21.88%),P:1e-64	Tpos:886.9,Tstd:3095.5,Bpos:297.4,Bstd:185.2,StrandBias:-0.2,Multiplicity:1.23
0.001	0.001	0.561	0.437
0.001	0.001	0.502	0.496
0.001	0.997	0.001	0.001
0.948	0.001	0.001	0.050
0.001	0.001	0.001	0.997
0.001	0.001	0.001	0.997
0.001	0.001	0.997	0.001
0.001	0.001	0.001	0.997
>GGGTGGGG	11-GGGTGGGG	7.861146	-119.420125	0	T:3982.0(42.85%),B:13994.1(35.20%),P:1e-51	Tpos:480.9,Tstd:1343.2,Bpos:279.8,Bstd:181.2,StrandBias:-0.0,Multiplicity:2.20
0.069	0.001	0.929	0.001
0.001	0.001	0.965	0.033
0.001	0.001	0.997	0.001
0.001	0.382	0.001	0.616
0.001	0.001	0.997	0.001
0.001	0.001	0.997	0.001
0.117	0.001	0.881	0.001
0.001	0.001	0.997	0.001
>MYTATTCA	12-MYTATTCA	8.442475	-103.050193	0	T:615.0(6.62%),B:1425.5(3.59%),P:1e-44	Tpos:682.1,Tstd:2700.1,Bpos:292.2,Bstd:189.7,StrandBias:0.1,Multiplicity:1.18
0.460	0.432	0.108	0.001
0.001	0.528	0.011	0.460
0.001	0.256	0.001	0.742
0.742	0.001	0.001	0.256
0.001	0.001	0.001	0.997
0.001	0.020	0.001	0.978
0.001	0.840	0.021	0.138
0.742	0.246	0.011	0.001
>WSCGRTTT	13-WSCGRTTT	5.276588	-102.130965	0	T:2803.0(30.17%),B:9456.4(23.79%),P:1e-44	Tpos:613.8,Tstd:2441.6,Bpos:291.5,Bstd:195.2,StrandBias:-0.0,Multiplicity:1.34
0.322	0.049	0.161	0.469
0.132	0.469	0.346	0.054
0.082	0.775	0.142	0.001
0.001	0.044	0.954	0.001
0.384	0.198	0.347	0.072
0.177	0.187	0.082	0.554
0.001	0.162	0.001	0.836
0.175	0.001	0.186	0.638
>CCCGCCTA	14-CCCGCCTA	6.642102	-101.862001	0	T:1203.0(12.95%),B:3415.4(8.59%),P:1e-44	Tpos:582.9,Tstd:2572.7,Bpos:287.6,Bstd:190.1,StrandBias:0.1,Multiplicity:1.15
0.133	0.553	0.117	0.197
0.090	0.737	0.107	0.066
0.061	0.782	0.135	0.022
0.034	0.150	0.770	0.046
0.114	0.776	0.062	0.048
0.044	0.790	0.093	0.073
0.097	0.090	0.011	0.802
0.794	0.082	0.001	0.123
>GTAAATAC	15-GTAAATAC	6.481338	-101.119866	0	T:703.0(7.57%),B:1716.8(4.32%),P:1e-43	Tpos:679.2,Tstd:2488.3,Bpos:297.1,Bstd:195.0,StrandBias:-0.1,Multiplicity:1.14
0.001	0.001	0.997	0.001
0.001	0.001	0.001	0.997
0.997	0.001	0.001	0.001
0.997	0.001	0.001	0.001
0.636	0.001	0.001	0.362
0.001	0.362	0.001	0.636
0.973	0.001	0.001	0.025
0.001	0.997	0.001	0.001
>CATTCAGA	16-CATTCAGA	8.093393	-99.076702	0	T:450.0(4.84%),B:938.2(2.36%),P:1e-43	Tpos:571.2,Tstd:1578.0,Bpos:293.4,Bstd:180.7,StrandBias:0.1,Multiplicity:1.05
0.001	0.997	0.001	0.001
0.997	0.001	0.001	0.001
0.001	0.001	0.001	0.997
0.001	0.001	0.001	0.997
0.001	0.997	0.001	0.001
0.947	0.001	0.051	0.001
0.001	0.001	0.997	0.001
0.997	0.001	0.001	0.001
>GKAATGYA	17-GKAATGYA	7.692173	-87.466068	0	T:1066.0(11.47%),B:3042.5(7.65%),P:1e-37	Tpos:753.3,Tstd:3180.4,Bpos:297.9,Bstd:181.3,StrandBias:0.2,Multiplicity:1.24
0.001	0.001	0.997	0.001
0.001	0.134	0.370	0.496
0.769	0.001	0.001	0.229
0.738	0.001	0.001	0.260
0.001	0.123	0.001	0.875
0.001	0.001	0.997	0.001
0.001	0.491	0.001	0.507
0.997	0.001	0.001	0.001
>AGGCTTAA	18-AGGCTTAA	6.622482	-86.861509	0	T:1967.0(21.17%),B:6382.5(16.06%),P:1e-37	Tpos:1005.3,Tstd:4017.2,Bpos:294.2,Bstd:189.0,StrandBias:0.1,Multiplicity:1.24
0.685	0.200	0.079	0.036
0.087	0.063	0.728	0.122
0.056	0.118	0.785	0.041
0.089	0.753	0.046	0.112
0.064	0.058	0.128	0.750
0.121	0.034	0.078	0.767
0.726	0.110	0.065	0.099
0.808	0.040	0.117	0.035
>TGGSGGRA	19-TGGSGGRA	6.345788	-85.958192	0	T:2701.0(29.07%),B:9256.3(23.28%),P:1e-37	Tpos:636.7,Tstd:2359.0,Bpos:292.2,Bstd:187.6,StrandBias:0.0,Multiplicity:1.31
0.001	0.001	0.001	0.997
0.001	0.001	0.997	0.001
0.001	0.001	0.997	0.001
0.001	0.425	0.573	0.001
0.001	0.001	0.997	0.001
0.001	0.001	0.997	0.001
0.467	0.001	0.531	0.001
0.965	0.001	0.033	0.001
>CGGAATTC	20-CGGAATTC	6.312368	-83.113791	0	T:1517.0(16.33%),B:4722.0(11.88%),P:1e-36	Tpos:862.3,Tstd:3682.3,Bpos:293.5,Bstd:191.0,StrandBias:-0.0,Multiplicity:1.23
0.128	0.576	0.106	0.190
0.060	0.026	0.736	0.178
0.015	0.011	0.973	0.001
0.930	0.030	0.039	0.001
0.962	0.021	0.016	0.001
0.012	0.001	0.001	0.986
0.001	0.013	0.037	0.949
0.020	0.906	0.010	0.064
>CCCCTGGT	21-CCCCTGGT	8.236954	-81.046695	0	T:418.0(4.50%),B:917.6(2.31%),P:1e-35	Tpos:480.1,Tstd:2363.9,Bpos:299.1,Bstd:185.9,StrandBias:-0.1,Multiplicity:1.03
0.100	0.700	0.100	0.100
0.100	0.700	0.100	0.100
0.100	0.700	0.100	0.100
0.100	0.700	0.100	0.100
0.100	0.100	0.100	0.700
0.100	0.100	0.700	0.100
0.100	0.100	0.700	0.100
0.100	0.100	0.100	0.700
>GAGTGTAA	22-GAGTGTAA	8.236954	-78.904805	0	T:218.0(2.35%),B:357.7(0.90%),P:1e-34	Tpos:423.3,Tstd:833.1,Bpos:291.8,Bstd:177.7,StrandBias:-0.2,Multiplicity:1.01
0.100	0.100	0.700	0.100
0.700	0.100	0.100	0.100
0.100	0.100	0.700	0.100
0.100	0.100	0.100	0.700
0.100	0.100	0.700	0.100
0.100	0.100	0.100	0.700
0.700	0.100	0.100	0.100
0.700	0.100	0.100	0.100
>RCGSKAAA	23-RCGSKAAA	5.932042	-78.746888	0	T:2267.0(24.40%),B:7640.3(19.22%),P:1e-34	Tpos:679.3,Tstd:2431.7,Bpos:294.9,Bstd:195.6,StrandBias:-0.0,Multiplicity:1.32
0.354	0.200	0.445	0.001
0.001	0.955	0.043	0.001
0.001	0.001	0.804	0.194
0.001	0.330	0.410	0.259
0.183	0.154	0.329	0.334
0.969	0.001	0.001	0.029
0.761	0.001	0.237	0.001
0.665	0.004	0.001	0.330
>GCTTCTAA	24-GCTTCTAA	8.834396	-67.195103	0	T:342.0(3.68%),B:747.5(1.88%),P:1e-29	Tpos:993.8,Tstd:4828.4,Bpos:290.0,Bstd:188.3,StrandBias:0.1,Multiplicity:1.04
0.001	0.001	0.997	0.001
0.001	0.997	0.001	0.001
0.001	0.001	0.107	0.891
0.001	0.001	0.001	0.997
0.001	0.997	0.001	0.001
0.001	0.001	0.001	0.997
0.997	0.001	0.001	0.001
0.997	0.001	0.001	0.001
>GGGGCGTG	25-GGGGCGTG	8.328986	-44.838813	0	T:1361.0(14.65%),B:4575.2(11.51%),P:1e-19	Tpos:575.5,Tstd:2456.8,Bpos:280.5,Bstd:179.9,StrandBias:-0.1,Multiplicity:1.31
0.116	0.001	0.798	0.085
0.121	0.001	0.877	0.001
0.001	0.001	0.997	0.001
0.001	0.001	0.997	0.001
0.001	0.897	0.001	0.101
0.001	0.001	0.997	0.001
0.001	0.001	0.001	0.997
0.034	0.001	0.905	0.060
