>GATTAAAG	1-GATTAAAG	8.236954	-1254.162099	0	T:13118.0(14.50%),B:8399.9(9.32%),P:1e-544	Tpos:831.1,Tstd:1105.4,Bpos:391.5,Bstd:250.4,StrandBias:0.0,Multiplicity:1.23
0.100	0.100	0.700	0.100
0.700	0.100	0.100	0.100
0.100	0.100	0.100	0.700
0.100	0.100	0.100	0.700
0.700	0.100	0.100	0.100
0.700	0.100	0.100	0.100
0.700	0.100	0.100	0.100
0.100	0.100	0.700	0.100
>GCCACGCC	2-GCCACGCC	4.845646	-1214.375760	0	T:15207.0(16.81%),B:10192.7(11.31%),P:1e-527	Tpos:804.5,Tstd:1045.5,Bpos:388.9,Bstd:233.8,StrandBias:-0.0,Multiplicity:1.26
0.010	0.001	0.988	0.001
0.001	0.997	0.001	0.001
0.001	0.997	0.001	0.001
0.997	0.001	0.001	0.001
0.001	0.997	0.001	0.001
0.002	0.001	0.996	0.001
0.001	0.997	0.001	0.001
0.001	0.997	0.001	0.001
>TKGAACTC	3-TKGAACTC	10.092879	-1040.678447	0	T:12782.0(14.13%),B:8488.1(9.42%),P:1e-451	Tpos:835.0,Tstd:1142.2,Bpos:389.5,Bstd:244.3,StrandBias:-0.0,Multiplicity:1.23
0.001	0.004	0.001	0.994
0.060	0.228	0.308	0.404
0.061	0.001	0.937	0.001
0.997	0.001	0.001	0.001
0.997	0.001	0.001	0.001
0.001	0.994	0.001	0.004
0.001	0.001	0.001	0.997
0.001	0.995	0.003	0.001
>GSKMTAYA	4-GSKMTAYA	8.391555	-912.980333	0	T:12552.0(13.88%),B:8535.7(9.47%),P:1e-396	Tpos:857.3,Tstd:1147.3,Bpos:390.4,Bstd:252.6,StrandBias:0.0,Multiplicity:1.21
0.001	0.001	0.997	0.001
0.001	0.460	0.520	0.019
0.001	0.001	0.466	0.532
0.459	0.539	0.001	0.001
0.001	0.001	0.014	0.984
0.961	0.037	0.001	0.001
0.001	0.496	0.037	0.466
0.965	0.015	0.019	0.001
>GGCGCACG	5-GGCGCACG	8.118622	-892.276182	0	T:11895.0(13.15%),B:8026.2(8.91%),P:1e-387	Tpos:846.1,Tstd:1132.7,Bpos:390.9,Bstd:249.0,StrandBias:-0.0,Multiplicity:1.15
0.001	0.001	0.997	0.001
0.021	0.001	0.977	0.001
0.001	0.876	0.001	0.122
0.244	0.001	0.754	0.001
0.001	0.988	0.001	0.010
0.997	0.001	0.001	0.001
0.001	0.909	0.001	0.089
0.090	0.001	0.908	0.001
>GGTTTCTC	6-GGTTTCTC	10.917336	-836.412161	0	T:12906.0(14.27%),B:8987.7(9.97%),P:1e-363	Tpos:840.3,Tstd:1153.7,Bpos:396.8,Bstd:249.6,StrandBias:0.0,Multiplicity:1.19
0.001	0.001	0.997	0.001
0.001	0.001	0.997	0.001
0.001	0.001	0.001	0.997
0.001	0.001	0.001	0.997
0.001	0.001	0.001	0.997
0.001	0.859	0.001	0.139
0.001	0.001	0.001	0.997
0.001	0.997	0.001	0.001
>GGCTGGCC	7-GGCTGGCC	10.504317	-823.885212	0	T:18005.0(19.91%),B:13438.5(14.91%),P:1e-357	Tpos:852.4,Tstd:1155.4,Bpos:392.6,Bstd:248.0,StrandBias:0.0,Multiplicity:1.27
0.001	0.001	0.997	0.001
0.001	0.001	0.997	0.001
0.001	0.971	0.001	0.027
0.001	0.001	0.001	0.997
0.073	0.001	0.925	0.001
0.001	0.001	0.629	0.369
0.001	0.997	0.001	0.001
0.001	0.997	0.001	0.001
>TGGAACTC	8-TGGAACTC	9.698656	-801.622378	0	T:15852.0(17.53%),B:11601.2(12.87%),P:1e-348	Tpos:842.4,Tstd:1147.1,Bpos:392.7,Bstd:251.9,StrandBias:-0.0,Multiplicity:1.53
0.001	0.001	0.001	0.997
0.108	0.274	0.617	0.001
0.001	0.001	0.997	0.001
0.997	0.001	0.001	0.001
0.997	0.001	0.001	0.001
0.001	0.924	0.001	0.074
0.001	0.001	0.001	0.997
0.001	0.997	0.001	0.001
>CGGATTTC	9-CGGATTTC	7.930412	-674.275179	0	T:6038.0(6.68%),B:3658.3(4.06%),P:1e-292	Tpos:852.1,Tstd:1143.5,Bpos:392.1,Bstd:248.5,StrandBias:0.0,Multiplicity:1.07
0.001	0.997	0.001	0.001
0.001	0.001	0.997	0.001
0.048	0.001	0.950	0.001
0.997	0.001	0.001	0.001
0.001	0.001	0.001	0.997
0.001	0.098	0.001	0.900
0.001	0.001	0.001	0.997
0.001	0.997	0.001	0.001
>CGAGACAG	10-CGAGACAG	10.662247	-643.151325	0	T:5678.0(6.28%),B:3424.8(3.80%),P:1e-279	Tpos:836.7,Tstd:1113.9,Bpos:390.6,Bstd:252.2,StrandBias:-0.0,Multiplicity:1.07
0.001	0.691	0.001	0.307
0.001	0.001	0.997	0.001
0.978	0.020	0.001	0.001
0.001	0.001	0.997	0.001
0.997	0.001	0.001	0.001
0.001	0.979	0.001	0.019
0.997	0.001	0.001	0.001
0.001	0.001	0.997	0.001
>GCCACACC	11-GCCACACC	8.194564	-590.456189	0	T:17132.0(18.94%),B:13300.3(14.76%),P:1e-256	Tpos:821.7,Tstd:1140.1,Bpos:388.1,Bstd:235.4,StrandBias:0.0,Multiplicity:1.17
0.364	0.001	0.588	0.047
0.238	0.674	0.058	0.030
0.001	0.904	0.088	0.007
0.732	0.231	0.036	0.001
0.035	0.896	0.011	0.058
0.734	0.001	0.029	0.236
0.001	0.997	0.001	0.001
0.058	0.910	0.031	0.001
>TKGAAYTC	12-TKGAAYTC	8.392370	-584.858518	0	T:27632.0(30.55%),B:22992.8(25.52%),P:1e-253	Tpos:804.7,Tstd:1170.3,Bpos:397.8,Bstd:238.1,StrandBias:-0.0,Multiplicity:1.16
0.001	0.130	0.001	0.868
0.093	0.085	0.390	0.432
0.001	0.001	0.997	0.001
0.997	0.001	0.001	0.001
0.966	0.001	0.001	0.032
0.001	0.524	0.001	0.474
0.001	0.001	0.001	0.997
0.001	0.640	0.001	0.358
>TAGCCCTG	13-TAGCCCTG	10.912510	-582.789530	0	T:12055.0(13.33%),B:8833.5(9.80%),P:1e-253	Tpos:852.0,Tstd:1180.6,Bpos:393.6,Bstd:249.9,StrandBias:0.0,Multiplicity:1.17
0.001	0.001	0.001	0.997
0.997	0.001	0.001	0.001
0.001	0.001	0.997	0.001
0.001	0.997	0.001	0.001
0.001	0.997	0.001	0.001
0.001	0.900	0.001	0.098
0.001	0.051	0.001	0.947
0.001	0.001	0.997	0.001
>AAACAAAC	14-AAACAAAC	10.560162	-542.170965	0	T:13452.0(14.87%),B:10162.8(11.28%),P:1e-235	Tpos:750.8,Tstd:1094.1,Bpos:396.9,Bstd:254.6,StrandBias:0.0,Multiplicity:2.33
0.997	0.001	0.001	0.001
0.997	0.001	0.001	0.001
0.997	0.001	0.001	0.001
0.001	0.997	0.001	0.001
0.997	0.001	0.001	0.001
0.997	0.001	0.001	0.001
0.997	0.001	0.001	0.001
0.397	0.601	0.001	0.001
>CCTNAGGC	15-CCTNAGGC	8.207051	-480.513534	0	T:10977.0(12.14%),B:8159.1(9.05%),P:1e-208	Tpos:820.1,Tstd:1067.2,Bpos:393.7,Bstd:236.4,StrandBias:0.0,Multiplicity:1.14
0.001	0.997	0.001	0.001
0.001	0.898	0.001	0.100
0.001	0.214	0.167	0.618
0.254	0.243	0.305	0.198
0.605	0.162	0.232	0.001
0.001	0.001	0.997	0.001
0.001	0.001	0.997	0.001
0.001	0.662	0.336	0.001
>GAGGCAGG	16-GAGGCAGG	10.939334	-462.486576	0	T:22147.0(24.49%),B:18329.9(20.34%),P:1e-200	Tpos:830.9,Tstd:1151.6,Bpos:394.4,Bstd:242.6,StrandBias:-0.0,Multiplicity:1.32
0.001	0.001	0.997	0.001
0.961	0.037	0.001	0.001
0.001	0.001	0.997	0.001
0.001	0.001	0.997	0.001
0.001	0.997	0.001	0.001
0.911	0.001	0.087	0.001
0.001	0.001	0.997	0.001
0.001	0.001	0.997	0.001
>GGGAGGCA	17-GGGAGGCA	8.236954	-400.346700	0	T:14712.0(16.27%),B:11727.9(13.01%),P:1e-173	Tpos:839.1,Tstd:1160.4,Bpos:389.9,Bstd:247.1,StrandBias:-0.0,Multiplicity:1.18
0.100	0.100	0.700	0.100
0.100	0.100	0.700	0.100
0.100	0.100	0.700	0.100
0.700	0.100	0.100	0.100
0.100	0.100	0.700	0.100
0.100	0.100	0.700	0.100
0.100	0.700	0.100	0.100
0.700	0.100	0.100	0.100
>AAACAAAA	18-AAACAAAA	10.533388	-384.364809	0	T:18994.0(21.00%),B:15711.4(17.44%),P:1e-166	Tpos:810.2,Tstd:1149.7,Bpos:395.8,Bstd:260.0,StrandBias:0.0,Multiplicity:2.07
0.940	0.058	0.001	0.001
0.997	0.001	0.001	0.001
0.862	0.136	0.001	0.001
0.001	0.997	0.001	0.001
0.772	0.226	0.001	0.001
0.997	0.001	0.001	0.001
0.927	0.071	0.001	0.001
0.997	0.001	0.001	0.001
>GBCMCGCC	19-GBCMCGCC	8.138785	-359.338579	0	T:7623.0(8.43%),B:5572.5(6.18%),P:1e-156	Tpos:906.2,Tstd:1006.5,Bpos:375.5,Bstd:212.0,StrandBias:0.0,Multiplicity:1.60
0.364	0.001	0.634	0.001
0.038	0.395	0.256	0.311
0.001	0.637	0.035	0.327
0.455	0.474	0.070	0.001
0.001	0.997	0.001	0.001
0.279	0.001	0.719	0.001
0.031	0.967	0.001	0.001
0.001	0.997	0.001	0.001
>AGTSCTGG	20-AGTSCTGG	9.624807	-316.581161	0	T:21152.0(23.39%),B:18019.5(20.00%),P:1e-137	Tpos:819.7,Tstd:1153.2,Bpos:394.0,Bstd:244.1,StrandBias:-0.0,Multiplicity:1.32
0.712	0.001	0.001	0.286
0.001	0.001	0.997	0.001
0.001	0.263	0.001	0.735
0.001	0.550	0.448	0.001
0.001	0.997	0.001	0.001
0.001	0.001	0.001	0.997
0.001	0.001	0.997	0.001
0.001	0.001	0.997	0.001
>TGKCTCAM	21-TGKCTCAM	8.381567	-284.898310	0	T:12182.0(13.47%),B:9851.5(10.93%),P:1e-123	Tpos:827.4,Tstd:1216.9,Bpos:394.2,Bstd:241.6,StrandBias:0.0,Multiplicity:1.18
0.001	0.058	0.001	0.940
0.043	0.001	0.955	0.001
0.040	0.076	0.504	0.380
0.001	0.893	0.105	0.001
0.001	0.001	0.076	0.922
0.015	0.747	0.076	0.162
0.720	0.001	0.249	0.030
0.441	0.293	0.265	0.001
>GCCTCCGG	22-GCCTCCGG	5.013657	-233.102437	0	T:20361.0(22.51%),B:17694.9(19.64%),P:1e-101	Tpos:905.6,Tstd:1142.6,Bpos:400.3,Bstd:240.3,StrandBias:-0.0,Multiplicity:1.48
0.001	0.284	0.714	0.001
0.001	0.997	0.001	0.001
0.001	0.997	0.001	0.001
0.001	0.001	0.001	0.997
0.071	0.514	0.272	0.143
0.001	0.986	0.012	0.001
0.001	0.001	0.997	0.001
0.001	0.001	0.997	0.001
>AAGCGCGC	23-AAGCGCGC	5.015509	-194.142463	0	T:9774.0(10.81%),B:8023.9(8.90%),P:1e-84	Tpos:859.4,Tstd:1210.9,Bpos:394.6,Bstd:238.1,StrandBias:-0.0,Multiplicity:1.14
0.997	0.001	0.001	0.001
0.997	0.001	0.001	0.001
0.001	0.001	0.997	0.001
0.067	0.931	0.001	0.001
0.001	0.001	0.997	0.001
0.001	0.962	0.036	0.001
0.030	0.001	0.968	0.001
0.001	0.997	0.001	0.001
>AGATCTCT	24-AGATCTCT	9.350245	-192.859669	0	T:10662.0(11.79%),B:8841.4(9.81%),P:1e-83	Tpos:800.9,Tstd:1115.1,Bpos:392.3,Bstd:239.2,StrandBias:-0.0,Multiplicity:1.15
0.896	0.001	0.102	0.001
0.001	0.001	0.997	0.001
0.997	0.001	0.001	0.001
0.147	0.001	0.001	0.851
0.001	0.737	0.001	0.261
0.001	0.001	0.036	0.962
0.001	0.925	0.073	0.001
0.001	0.001	0.001	0.997
>CAACAACA	25-CAACAACA	10.881787	-100.419418	0	T:5843.0(6.46%),B:4852.4(5.38%),P:1e-43	Tpos:757.2,Tstd:1090.0,Bpos:391.8,Bstd:254.7,StrandBias:0.0,Multiplicity:1.10
0.001	0.997	0.001	0.001
0.997	0.001	0.001	0.001
0.997	0.001	0.001	0.001
0.001	0.997	0.001	0.001
0.829	0.169	0.001	0.001
0.997	0.001	0.001	0.001
0.001	0.997	0.001	0.001
0.997	0.001	0.001	0.001
