>GATTAAAG	1-GATTAAAG	8.236954	-1488.019100	0	T:14877.0(15.09%),B:9435.9(9.60%),P:1e-646	Tpos:908.8,Tstd:1220.6,Bpos:412.6,Bstd:262.8,StrandBias:-0.0,Multiplicity:1.25
0.100	0.100	0.700	0.100
0.700	0.100	0.100	0.100
0.100	0.100	0.100	0.700
0.100	0.100	0.100	0.700
0.700	0.100	0.100	0.100
0.700	0.100	0.100	0.100
0.700	0.100	0.100	0.100
0.100	0.100	0.700	0.100
>GGCGTGGT	2-GGCGTGGT	10.746358	-1461.901074	0	T:6637.0(6.73%),B:3199.4(3.25%),P:1e-634	Tpos:899.2,Tstd:1156.7,Bpos:399.6,Bstd:258.6,StrandBias:0.0,Multiplicity:1.08
0.001	0.001	0.997	0.001
0.001	0.001	0.997	0.001
0.001	0.724	0.001	0.274
0.001	0.001	0.997	0.001
0.001	0.001	0.001	0.997
0.001	0.001	0.997	0.001
0.001	0.001	0.997	0.001
0.001	0.001	0.001	0.997
>TKGAACTC	3-TKGAACTC	10.132831	-1105.539190	0	T:14395.0(14.60%),B:9693.5(9.86%),P:1e-480	Tpos:906.6,Tstd:1231.7,Bpos:413.7,Bstd:257.7,StrandBias:-0.0,Multiplicity:1.26
0.001	0.001	0.001	0.997
0.051	0.221	0.306	0.421
0.065	0.001	0.933	0.001
0.997	0.001	0.001	0.001
0.997	0.001	0.001	0.001
0.001	0.993	0.001	0.005
0.001	0.001	0.001	0.997
0.002	0.996	0.001	0.001
>TGGTCTAC	4-TGGTCTAC	8.236954	-977.226491	0	T:13988.0(14.18%),B:9599.5(9.77%),P:1e-424	Tpos:931.8,Tstd:1242.1,Bpos:408.4,Bstd:265.8,StrandBias:0.0,Multiplicity:1.23
0.100	0.100	0.100	0.700
0.100	0.100	0.700	0.100
0.100	0.100	0.700	0.100
0.100	0.100	0.100	0.700
0.100	0.700	0.100	0.100
0.100	0.100	0.100	0.700
0.700	0.100	0.100	0.100
0.100	0.700	0.100	0.100
>ACAGGGTT	5-ACAGGGTT	8.236954	-894.464380	0	T:14001.0(14.20%),B:9779.3(9.95%),P:1e-388	Tpos:916.9,Tstd:1255.3,Bpos:409.7,Bstd:265.7,StrandBias:-0.0,Multiplicity:1.21
0.700	0.100	0.100	0.100
0.100	0.700	0.100	0.100
0.700	0.100	0.100	0.100
0.100	0.100	0.700	0.100
0.100	0.100	0.700	0.100
0.100	0.100	0.700	0.100
0.100	0.100	0.100	0.700
0.100	0.100	0.100	0.700
>GGCGCACG	6-GGCGCACG	7.802168	-886.914597	0	T:13231.0(13.42%),B:9143.5(9.30%),P:1e-385	Tpos:925.5,Tstd:1225.5,Bpos:411.9,Bstd:261.5,StrandBias:0.0,Multiplicity:1.17
0.024	0.001	0.974	0.001
0.010	0.008	0.978	0.004
0.001	0.908	0.001	0.090
0.284	0.001	0.697	0.018
0.006	0.988	0.001	0.005
0.986	0.001	0.001	0.012
0.001	0.921	0.001	0.077
0.069	0.001	0.915	0.015
>AGGCGGAT	7-AGGCGGAT	10.481144	-877.300985	0	T:5283.0(5.36%),B:2825.2(2.87%),P:1e-381	Tpos:927.8,Tstd:1234.0,Bpos:408.6,Bstd:264.8,StrandBias:-0.0,Multiplicity:1.06
0.973	0.008	0.012	0.007
0.005	0.001	0.993	0.001
0.001	0.020	0.974	0.005
0.058	0.850	0.001	0.091
0.253	0.001	0.745	0.001
0.012	0.001	0.986	0.001
0.962	0.022	0.001	0.015
0.001	0.001	0.036	0.962
>GAGTTCCA	8-GAGTTCCA	9.674939	-822.934948	0	T:17743.0(17.99%),B:13182.5(13.41%),P:1e-357	Tpos:927.1,Tstd:1273.0,Bpos:409.5,Bstd:265.1,StrandBias:0.0,Multiplicity:1.55
0.001	0.001	0.997	0.001
0.997	0.001	0.001	0.001
0.072	0.001	0.926	0.001
0.001	0.001	0.001	0.997
0.001	0.001	0.001	0.997
0.001	0.997	0.001	0.001
0.001	0.638	0.267	0.094
0.997	0.001	0.001	0.001
>GGCCAGCC	9-GGCCAGCC	10.517386	-803.052253	0	T:20249.0(20.53%),B:15458.7(15.73%),P:1e-348	Tpos:925.7,Tstd:1258.4,Bpos:411.9,Bstd:259.7,StrandBias:0.0,Multiplicity:1.30
0.001	0.001	0.997	0.001
0.001	0.001	0.997	0.001
0.326	0.622	0.001	0.051
0.001	0.923	0.001	0.075
0.997	0.001	0.001	0.001
0.001	0.001	0.997	0.001
0.001	0.997	0.001	0.001
0.001	0.997	0.001	0.001
>CAAGGTCA	10-CAAGGTCA	10.728022	-694.051611	0	T:8745.0(8.87%),B:5788.5(5.89%),P:1e-301	Tpos:888.1,Tstd:1248.4,Bpos:408.8,Bstd:248.4,StrandBias:0.1,Multiplicity:1.10
0.001	0.997	0.001	0.001
0.997	0.001	0.001	0.001
0.997	0.001	0.001	0.001
0.001	0.001	0.997	0.001
0.001	0.001	0.997	0.001
0.001	0.001	0.001	0.997
0.001	0.887	0.001	0.111
0.799	0.001	0.039	0.161
>GARTTCSA	11-GARTTCSA	7.854434	-630.105207	0	T:18756.0(19.02%),B:14617.7(14.87%),P:1e-273	Tpos:877.0,Tstd:1234.5,Bpos:401.5,Bstd:244.1,StrandBias:-0.0,Multiplicity:1.06
0.346	0.001	0.652	0.001
0.712	0.286	0.001	0.001
0.501	0.001	0.497	0.001
0.001	0.001	0.030	0.968
0.001	0.001	0.001	0.997
0.001	0.678	0.001	0.320
0.001	0.447	0.340	0.211
0.760	0.001	0.238	0.001
>AGTGCTCG	12-AGTGCTCG	7.464479	-603.142471	0	T:20577.0(20.87%),B:16351.9(16.63%),P:1e-261	Tpos:893.9,Tstd:1222.1,Bpos:414.5,Bstd:259.0,StrandBias:-0.0,Multiplicity:1.28
0.825	0.018	0.147	0.010
0.064	0.100	0.808	0.028
0.051	0.332	0.033	0.584
0.271	0.050	0.598	0.081
0.026	0.885	0.061	0.028
0.108	0.077	0.095	0.720
0.101	0.691	0.201	0.007
0.034	0.012	0.893	0.061
>AAACAAAC	13-AAACAAAC	10.521141	-595.252098	0	T:15178.0(15.39%),B:11524.6(11.72%),P:1e-258	Tpos:832.9,Tstd:1183.5,Bpos:410.7,Bstd:266.6,StrandBias:0.0,Multiplicity:2.35
0.997	0.001	0.001	0.001
0.997	0.001	0.001	0.001
0.997	0.001	0.001	0.001
0.001	0.997	0.001	0.001
0.997	0.001	0.001	0.001
0.997	0.001	0.001	0.001
0.997	0.001	0.001	0.001
0.420	0.578	0.001	0.001
>GGGTGTGG	14-GGGTGTGG	10.615192	-556.119623	0	T:11874.0(12.04%),B:8733.7(8.88%),P:1e-241	Tpos:873.4,Tstd:1169.1,Bpos:409.4,Bstd:247.1,StrandBias:-0.0,Multiplicity:1.17
0.363	0.001	0.635	0.001
0.001	0.001	0.997	0.001
0.001	0.001	0.997	0.001
0.001	0.001	0.001	0.997
0.001	0.001	0.997	0.001
0.001	0.001	0.001	0.997
0.001	0.001	0.997	0.001
0.001	0.001	0.997	0.001
>CCTNAGGC	15-CCTNAGGC	8.496776	-482.172941	0	T:9388.0(9.52%),B:6775.7(6.89%),P:1e-209	Tpos:904.2,Tstd:1184.0,Bpos:414.4,Bstd:246.1,StrandBias:-0.0,Multiplicity:1.13
0.042	0.911	0.037	0.010
0.001	0.881	0.024	0.094
0.006	0.294	0.053	0.647
0.198	0.307	0.264	0.231
0.723	0.052	0.224	0.001
0.053	0.024	0.922	0.001
0.012	0.015	0.928	0.045
0.001	0.758	0.217	0.024
>AGCCCTGG	16-AGCCCTGG	9.459032	-471.032951	0	T:18977.0(19.24%),B:15343.5(15.61%),P:1e-204	Tpos:921.5,Tstd:1294.9,Bpos:411.9,Bstd:256.2,StrandBias:0.0,Multiplicity:1.24
0.997	0.001	0.001	0.001
0.001	0.001	0.986	0.012
0.001	0.607	0.093	0.299
0.013	0.606	0.267	0.114
0.001	0.997	0.001	0.001
0.001	0.070	0.108	0.821
0.068	0.144	0.787	0.001
0.015	0.001	0.840	0.144
>TTTTGTTT	17-TTTTGTTT	10.553415	-461.122773	0	T:21400.0(21.70%),B:17610.7(17.92%),P:1e-200	Tpos:862.8,Tstd:1184.9,Bpos:414.1,Bstd:270.7,StrandBias:-0.0,Multiplicity:2.09
0.001	0.001	0.001	0.997
0.001	0.001	0.058	0.940
0.001	0.001	0.001	0.997
0.001	0.001	0.214	0.784
0.001	0.001	0.997	0.001
0.001	0.001	0.144	0.854
0.001	0.001	0.001	0.997
0.001	0.001	0.058	0.940
>GGAGGCAG	18-GGAGGCAG	10.994599	-402.218016	0	T:23076.0(23.40%),B:19410.9(19.75%),P:1e-174	Tpos:915.9,Tstd:1263.1,Bpos:416.2,Bstd:255.5,StrandBias:-0.0,Multiplicity:1.31
0.001	0.070	0.928	0.001
0.001	0.001	0.997	0.001
0.997	0.001	0.001	0.001
0.001	0.001	0.997	0.001
0.001	0.001	0.997	0.001
0.001	0.997	0.001	0.001
0.997	0.001	0.001	0.001
0.001	0.001	0.997	0.001
>GCCTGGGG	19-GCCTGGGG	9.264445	-394.377796	0	T:13598.0(13.79%),B:10730.5(10.92%),P:1e-171	Tpos:950.7,Tstd:1282.9,Bpos:415.8,Bstd:246.5,StrandBias:-0.0,Multiplicity:1.20
0.001	0.001	0.997	0.001
0.001	0.997	0.001	0.001
0.001	0.997	0.001	0.001
0.001	0.001	0.001	0.997
0.189	0.105	0.568	0.138
0.001	0.041	0.957	0.001
0.094	0.001	0.904	0.001
0.001	0.001	0.997	0.001
>ATCTGCCT	20-ATCTGCCT	10.248308	-322.244521	0	T:9550.0(9.68%),B:7355.0(7.48%),P:1e-139	Tpos:904.7,Tstd:1211.6,Bpos:411.8,Bstd:252.4,StrandBias:-0.0,Multiplicity:1.12
0.997	0.001	0.001	0.001
0.001	0.195	0.001	0.803
0.001	0.997	0.001	0.001
0.001	0.260	0.001	0.738
0.260	0.001	0.738	0.001
0.001	0.997	0.001	0.001
0.001	0.997	0.001	0.001
0.001	0.001	0.001	0.997
>CCACACCT	21-CCACACCT	8.236954	-261.187576	0	T:8967.0(9.09%),B:7037.8(7.16%),P:1e-113	Tpos:836.2,Tstd:1196.6,Bpos:411.7,Bstd:246.6,StrandBias:-0.0,Multiplicity:1.15
0.100	0.700	0.100	0.100
0.100	0.700	0.100	0.100
0.700	0.100	0.100	0.100
0.100	0.700	0.100	0.100
0.700	0.100	0.100	0.100
0.100	0.700	0.100	0.100
0.100	0.700	0.100	0.100
0.100	0.100	0.100	0.700
>GGTTVAGA	22-GGTTVAGA	8.525576	-252.680073	0	T:5454.0(5.53%),B:3986.9(4.06%),P:1e-109	Tpos:885.6,Tstd:1219.5,Bpos:418.4,Bstd:252.4,StrandBias:0.0,Multiplicity:1.08
0.228	0.016	0.755	0.001
0.124	0.001	0.874	0.001
0.243	0.001	0.001	0.755
0.001	0.001	0.001	0.997
0.371	0.241	0.289	0.099
0.688	0.001	0.023	0.288
0.124	0.099	0.776	0.001
0.782	0.001	0.001	0.216
>GACACACC	23-GACACACC	8.236954	-241.416275	0	T:6293.0(6.38%),B:4742.8(4.82%),P:1e-104	Tpos:873.0,Tstd:1234.3,Bpos:419.5,Bstd:246.5,StrandBias:-0.1,Multiplicity:1.08
0.100	0.100	0.700	0.100
0.700	0.100	0.100	0.100
0.100	0.700	0.100	0.100
0.700	0.100	0.100	0.100
0.100	0.700	0.100	0.100
0.700	0.100	0.100	0.100
0.100	0.700	0.100	0.100
0.100	0.700	0.100	0.100
>AAGAGGGC	24-AAGAGGGC	8.236954	-227.490646	0	T:7543.0(7.65%),B:5885.3(5.99%),P:1e-98	Tpos:919.3,Tstd:1311.1,Bpos:414.8,Bstd:248.7,StrandBias:-0.0,Multiplicity:1.10
0.700	0.100	0.100	0.100
0.700	0.100	0.100	0.100
0.100	0.100	0.700	0.100
0.700	0.100	0.100	0.100
0.100	0.100	0.700	0.100
0.100	0.100	0.700	0.100
0.100	0.100	0.700	0.100
0.100	0.700	0.100	0.100
>CCCGCCYS	25-CCCGCCYS	8.192159	-186.999441	0	T:13354.0(13.54%),B:11351.4(11.55%),P:1e-81	Tpos:996.7,Tstd:1159.8,Bpos:401.1,Bstd:231.4,StrandBias:0.0,Multiplicity:1.75
0.044	0.743	0.001	0.212
0.256	0.742	0.001	0.001
0.001	0.604	0.138	0.257
0.001	0.110	0.888	0.001
0.001	0.997	0.001	0.001
0.001	0.972	0.026	0.001
0.001	0.487	0.001	0.511
0.184	0.395	0.257	0.165
