>GCYAATYR	1-GCYAATYR	5.932889	-208.952202	0	T:1915.0(27.18%),B:7338.8(17.45%),P:1e-90	Tpos:250.5,Tstd:267.5,Bpos:171.1,Bstd:119.0,StrandBias:0.0,Multiplicity:1.41
0.138	0.047	0.728	0.087
0.034	0.877	0.088	0.001
0.084	0.403	0.061	0.452
0.935	0.001	0.063	0.001
0.997	0.001	0.001	0.001
0.001	0.001	0.001	0.997
0.170	0.354	0.091	0.385
0.569	0.001	0.429	0.001
>YTCCGCCY	2-YTCCGCCY	7.528027	-141.915226	0	T:3314.0(47.03%),B:15694.8(37.32%),P:1e-61	Tpos:233.3,Tstd:182.1,Bpos:172.6,Bstd:117.7,StrandBias:-0.0,Multiplicity:2.12
0.007	0.513	0.001	0.479
0.001	0.167	0.001	0.831
0.206	0.792	0.001	0.001
0.001	0.997	0.001	0.001
0.007	0.001	0.991	0.001
0.001	0.997	0.001	0.001
0.001	0.997	0.001	0.001
0.001	0.542	0.001	0.456
>VCTAATCG	3-VCTAATCG	5.485883	-132.409461	0	T:2364.0(33.55%),B:10512.1(24.99%),P:1e-57	Tpos:248.4,Tstd:310.7,Bpos:189.3,Bstd:124.4,StrandBias:-0.0,Multiplicity:1.23
0.297	0.386	0.267	0.049
0.126	0.554	0.006	0.314
0.289	0.220	0.001	0.490
0.928	0.001	0.070	0.001
0.845	0.001	0.135	0.019
0.015	0.001	0.001	0.983
0.001	0.770	0.001	0.228
0.001	0.237	0.598	0.164
>TGCGAATT	4-TGCGAATT	5.676490	-112.216525	0	T:1269.0(18.01%),B:5024.5(11.95%),P:1e-48	Tpos:228.0,Tstd:214.4,Bpos:186.5,Bstd:124.6,StrandBias:-0.1,Multiplicity:1.15
0.084	0.064	0.078	0.774
0.049	0.042	0.857	0.052
0.067	0.787	0.036	0.110
0.212	0.001	0.714	0.073
0.624	0.186	0.076	0.114
0.814	0.058	0.057	0.071
0.136	0.077	0.078	0.709
0.051	0.052	0.173	0.724
>HDWTTCCG	5-HDWTTCCG	4.559955	-89.459831	0	T:3452.0(48.99%),B:17345.8(41.24%),P:1e-38	Tpos:233.0,Tstd:225.5,Bpos:189.0,Bstd:126.9,StrandBias:0.0,Multiplicity:1.60
0.217	0.258	0.181	0.344
0.351	0.127	0.265	0.257
0.319	0.155	0.085	0.442
0.089	0.143	0.017	0.751
0.001	0.143	0.105	0.751
0.098	0.556	0.059	0.287
0.010	0.750	0.239	0.001
0.001	0.034	0.920	0.045
>TTAACRCC	6-TTAACRCC	4.686219	-83.258286	0	T:2088.0(29.63%),B:9714.1(23.10%),P:1e-36	Tpos:235.6,Tstd:244.2,Bpos:191.3,Bstd:126.2,StrandBias:0.0,Multiplicity:1.24
0.115	0.135	0.117	0.633
0.091	0.115	0.083	0.711
0.624	0.154	0.078	0.144
0.610	0.064	0.228	0.098
0.130	0.765	0.071	0.034
0.442	0.037	0.411	0.110
0.118	0.516	0.282	0.084
0.168	0.510	0.191	0.131
>GCGGTTTA	7-GCGGTTTA	4.237374	-81.239330	0	T:3132.0(44.45%),B:15638.1(37.18%),P:1e-35	Tpos:236.3,Tstd:249.2,Bpos:190.9,Bstd:127.3,StrandBias:0.0,Multiplicity:1.42
0.131	0.132	0.621	0.116
0.123	0.694	0.154	0.029
0.136	0.082	0.681	0.101
0.185	0.159	0.522	0.134
0.132	0.120	0.123	0.625
0.111	0.073	0.134	0.682
0.217	0.106	0.093	0.584
0.591	0.126	0.152	0.131
>CMCCCCCC	8-CMCCCCCC	6.773997	-71.297546	0	T:2192.0(31.11%),B:10492.7(24.95%),P:1e-30	Tpos:237.4,Tstd:229.2,Bpos:182.3,Bstd:118.8,StrandBias:0.1,Multiplicity:1.40
0.122	0.787	0.038	0.053
0.439	0.386	0.009	0.166
0.119	0.800	0.001	0.080
0.112	0.728	0.116	0.044
0.131	0.749	0.069	0.051
0.057	0.899	0.031	0.013
0.054	0.860	0.007	0.079
0.142	0.739	0.033	0.086
>TTCAAACG	9-TTCAAACG	6.235496	-65.074497	0	T:956.0(13.57%),B:3980.8(9.46%),P:1e-28	Tpos:230.2,Tstd:201.6,Bpos:191.5,Bstd:128.6,StrandBias:0.0,Multiplicity:1.09
0.050	0.001	0.031	0.918
0.032	0.039	0.026	0.903
0.001	0.962	0.001	0.036
0.869	0.030	0.079	0.022
0.927	0.032	0.040	0.001
0.974	0.001	0.001	0.024
0.196	0.528	0.241	0.035
0.041	0.001	0.957	0.001
>ATTATTCA	10-ATTATTCA	9.332051	-64.303826	0	T:163.0(2.31%),B:356.5(0.85%),P:1e-27	Tpos:250.2,Tstd:303.8,Bpos:186.4,Bstd:125.5,StrandBias:-0.3,Multiplicity:1.05
0.997	0.001	0.001	0.001
0.001	0.001	0.001	0.997
0.001	0.001	0.001	0.997
0.997	0.001	0.001	0.001
0.001	0.001	0.001	0.997
0.001	0.001	0.176	0.822
0.001	0.997	0.001	0.001
0.997	0.001	0.001	0.001
>CGCATGCG	11-CGCATGCG	6.950068	-50.065232	0	T:1017.0(14.43%),B:4499.2(10.70%),P:1e-21	Tpos:228.6,Tstd:199.4,Bpos:175.5,Bstd:119.5,StrandBias:-0.1,Multiplicity:1.24
0.001	0.997	0.001	0.001
0.001	0.001	0.997	0.001
0.001	0.594	0.404	0.001
0.900	0.049	0.001	0.050
0.001	0.063	0.001	0.935
0.001	0.001	0.997	0.001
0.001	0.997	0.001	0.001
0.406	0.001	0.592	0.001
>TGTAGCGT	12-TGTAGCGT	6.634185	-47.614819	0	T:569.0(8.08%),B:2255.9(5.36%),P:1e-20	Tpos:230.7,Tstd:221.8,Bpos:192.1,Bstd:123.5,StrandBias:0.2,Multiplicity:1.04
0.001	0.001	0.001	0.997
0.001	0.236	0.654	0.109
0.001	0.001	0.001	0.997
0.878	0.120	0.001	0.001
0.001	0.001	0.914	0.084
0.001	0.997	0.001	0.001
0.001	0.065	0.933	0.001
0.203	0.175	0.001	0.621
>CTCCCCCA	13-CTCCCCCA	8.236954	-46.308495	0	T:590.0(8.37%),B:2373.7(5.64%),P:1e-20	Tpos:236.9,Tstd:175.9,Bpos:187.9,Bstd:115.8,StrandBias:0.1,Multiplicity:1.10
0.100	0.700	0.100	0.100
0.100	0.100	0.100	0.700
0.100	0.700	0.100	0.100
0.100	0.700	0.100	0.100
0.100	0.700	0.100	0.100
0.100	0.700	0.100	0.100
0.100	0.700	0.100	0.100
0.700	0.100	0.100	0.100
>CACGTGAC	14-CACGTGAC	6.227141	-45.590705	0	T:812.0(11.52%),B:3502.7(8.33%),P:1e-19	Tpos:227.1,Tstd:173.1,Bpos:177.8,Bstd:111.0,StrandBias:0.0,Multiplicity:1.14
0.001	0.803	0.195	0.001
0.997	0.001	0.001	0.001
0.001	0.997	0.001	0.001
0.001	0.001	0.997	0.001
0.001	0.001	0.001	0.997
0.001	0.241	0.757	0.001
0.940	0.001	0.058	0.001
0.177	0.507	0.001	0.315
>TCGCTAGG	15-TCGCTAGG	6.489665	-43.436188	0	T:966.0(13.71%),B:4335.4(10.31%),P:1e-18	Tpos:228.2,Tstd:173.6,Bpos:191.1,Bstd:123.3,StrandBias:-0.0,Multiplicity:1.08
0.051	0.027	0.026	0.896
0.014	0.944	0.041	0.001
0.091	0.001	0.854	0.054
0.012	0.854	0.111	0.023
0.001	0.001	0.060	0.938
0.919	0.001	0.056	0.024
0.032	0.001	0.855	0.112
0.115	0.015	0.846	0.024
>GTTACACT	16-GTTACACT	8.236954	-41.742694	0	T:84.0(1.19%),B:160.4(0.38%),P:1e-18	Tpos:214.3,Tstd:131.8,Bpos:183.2,Bstd:119.6,StrandBias:0.5,Multiplicity:1.00
0.100	0.100	0.700	0.100
0.100	0.100	0.100	0.700
0.100	0.100	0.100	0.700
0.700	0.100	0.100	0.100
0.100	0.700	0.100	0.100
0.700	0.100	0.100	0.100
0.100	0.700	0.100	0.100
0.100	0.100	0.100	0.700
>GATACTTA	17-GATACTTA	8.236954	-41.598348	0	T:72.0(1.02%),B:123.1(0.29%),P:1e-18	Tpos:212.3,Tstd:138.7,Bpos:196.4,Bstd:111.0,StrandBias:-0.0,Multiplicity:1.00
0.100	0.100	0.700	0.100
0.700	0.100	0.100	0.100
0.100	0.100	0.100	0.700
0.700	0.100	0.100	0.100
0.100	0.700	0.100	0.100
0.100	0.100	0.100	0.700
0.100	0.100	0.100	0.700
0.700	0.100	0.100	0.100
>TTCAGTAC	18-TTCAGTAC	6.348373	-40.725224	0	T:182.0(2.58%),B:531.5(1.26%),P:1e-17	Tpos:254.4,Tstd:344.1,Bpos:183.6,Bstd:124.0,StrandBias:-0.3,Multiplicity:1.00
0.001	0.001	0.001	0.997
0.001	0.001	0.001	0.997
0.001	0.997	0.001	0.001
0.950	0.001	0.048	0.001
0.001	0.185	0.813	0.001
0.001	0.001	0.001	0.997
0.997	0.001	0.001	0.001
0.001	0.997	0.001	0.001
>GTGGTATT	19-GTGGTATT	6.911842	-40.653350	0	T:235.0(3.34%),B:756.9(1.80%),P:1e-17	Tpos:217.6,Tstd:161.7,Bpos:195.6,Bstd:121.6,StrandBias:0.2,Multiplicity:1.09
0.001	0.001	0.997	0.001
0.001	0.001	0.001	0.997
0.001	0.060	0.938	0.001
0.001	0.001	0.997	0.001
0.001	0.001	0.260	0.738
0.997	0.001	0.001	0.001
0.001	0.001	0.001	0.997
0.001	0.001	0.001	0.997
>GTGCTAGC	20-GTGCTAGC	8.236954	-30.992740	0	T:111.0(1.58%),B:296.9(0.71%),P:1e-13	Tpos:220.6,Tstd:152.9,Bpos:196.2,Bstd:114.1,StrandBias:-0.5,Multiplicity:1.00
0.100	0.100	0.700	0.100
0.100	0.100	0.100	0.700
0.100	0.100	0.700	0.100
0.100	0.700	0.100	0.100
0.100	0.100	0.100	0.700
0.700	0.100	0.100	0.100
0.100	0.100	0.700	0.100
0.100	0.700	0.100	0.100
>AWGACAAA	21-AWGACAAA	6.960245	-30.457697	0	T:636.0(9.03%),B:2819.3(6.70%),P:1e-13	Tpos:240.7,Tstd:312.8,Bpos:189.8,Bstd:125.4,StrandBias:-0.1,Multiplicity:1.12
0.939	0.059	0.001	0.001
0.565	0.001	0.001	0.433
0.001	0.001	0.639	0.359
0.997	0.001	0.001	0.001
0.001	0.997	0.001	0.001
0.997	0.001	0.001	0.001
0.997	0.001	0.001	0.001
0.997	0.001	0.001	0.001
>TGGAGATT	22-TGGAGATT	10.656833	-27.195400	0	T:138.0(1.96%),B:427.7(1.02%),P:1e-11	Tpos:231.7,Tstd:226.6,Bpos:180.0,Bstd:116.0,StrandBias:0.0,Multiplicity:1.01
0.001	0.001	0.001	0.997
0.001	0.001	0.997	0.001
0.001	0.001	0.997	0.001
0.997	0.001	0.001	0.001
0.001	0.001	0.997	0.001
0.997	0.001	0.001	0.001
0.336	0.001	0.001	0.662
0.001	0.001	0.001	0.997
>AGAATTTA	23-AGAATTTA	10.593224	-26.870676	0	T:115.0(1.63%),B:333.2(0.79%),P:1e-11	Tpos:192.2,Tstd:144.9,Bpos:189.6,Bstd:135.5,StrandBias:-0.3,Multiplicity:1.11
0.997	0.001	0.001	0.001
0.001	0.001	0.997	0.001
0.859	0.001	0.139	0.001
0.997	0.001	0.001	0.001
0.001	0.001	0.001	0.997
0.001	0.001	0.001	0.997
0.001	0.277	0.001	0.721
0.997	0.001	0.001	0.001
>AACCCCCT	24-AACCCCCT	8.236954	-21.380670	0	T:168.0(2.38%),B:603.9(1.44%),P:1e-9	Tpos:207.1,Tstd:154.2,Bpos:194.6,Bstd:124.8,StrandBias:-0.1,Multiplicity:1.01
0.700	0.100	0.100	0.100
0.700	0.100	0.100	0.100
0.100	0.700	0.100	0.100
0.100	0.700	0.100	0.100
0.100	0.700	0.100	0.100
0.100	0.700	0.100	0.100
0.100	0.700	0.100	0.100
0.100	0.100	0.100	0.700
>RWGAATTC	25-RWGAATTC	8.468762	-16.138646	0	T:211.0(2.99%),B:863.2(2.05%),P:1e-7	Tpos:222.7,Tstd:216.3,Bpos:209.6,Bstd:126.8,StrandBias:0.1,Multiplicity:1.00
0.439	0.001	0.468	0.093
0.439	0.129	0.001	0.431
0.274	0.001	0.724	0.001
0.869	0.001	0.129	0.001
0.997	0.001	0.001	0.001
0.001	0.001	0.001	0.997
0.304	0.001	0.001	0.694
0.129	0.869	0.001	0.001
