>GCCACACC	1-GCCACACC	8.369533	-727.066750	0	T:8173.0(24.78%),B:5365.9(16.55%),P:1e-315	Tpos:423.5,Tstd:302.0,Bpos:279.0,Bstd:168.4,StrandBias:-0.0,Multiplicity:1.39
0.140	0.001	0.858	0.001
0.087	0.867	0.001	0.045
0.001	0.997	0.001	0.001
0.882	0.116	0.001	0.001
0.001	0.997	0.001	0.001
0.772	0.001	0.109	0.118
0.001	0.997	0.001	0.001
0.001	0.997	0.001	0.001
>HGGAATKC	2-HGGAATKC	7.502175	-500.894367	0	T:7949.0(24.10%),B:5588.2(17.24%),P:1e-217	Tpos:376.7,Tstd:316.8,Bpos:284.2,Bstd:171.3,StrandBias:0.0,Multiplicity:1.26
0.367	0.330	0.036	0.266
0.001	0.017	0.933	0.049
0.012	0.015	0.972	0.001
0.892	0.073	0.034	0.001
0.976	0.022	0.001	0.001
0.001	0.021	0.043	0.935
0.001	0.001	0.447	0.551
0.022	0.637	0.026	0.315
>TTTATRRC	3-TTTATRRC	7.171043	-326.489593	0	T:6024.0(18.26%),B:4308.6(13.29%),P:1e-141	Tpos:379.7,Tstd:323.6,Bpos:283.2,Bstd:173.8,StrandBias:0.0,Multiplicity:1.20
0.001	0.001	0.001	0.997
0.013	0.001	0.001	0.985
0.001	0.001	0.001	0.997
0.887	0.111	0.001	0.001
0.001	0.347	0.001	0.651
0.291	0.068	0.408	0.232
0.480	0.001	0.518	0.001
0.001	0.997	0.001	0.001
>RHYCCGCC	4-RHYCCGCC	5.678333	-247.685667	0	T:6279.0(19.04%),B:4726.4(14.58%),P:1e-107	Tpos:459.1,Tstd:297.6,Bpos:268.3,Bstd:165.9,StrandBias:0.0,Multiplicity:1.84
0.397	0.001	0.410	0.192
0.361	0.263	0.079	0.296
0.220	0.383	0.112	0.285
0.296	0.489	0.001	0.214
0.121	0.606	0.178	0.095
0.146	0.001	0.852	0.001
0.078	0.767	0.001	0.154
0.154	0.558	0.097	0.191
>GTCACGCC	5-GTCACGCC	7.377025	-247.340173	0	T:5035.0(15.26%),B:3645.9(11.25%),P:1e-107	Tpos:405.9,Tstd:304.2,Bpos:281.9,Bstd:170.3,StrandBias:0.0,Multiplicity:1.13
0.149	0.001	0.599	0.251
0.319	0.001	0.143	0.537
0.112	0.763	0.001	0.124
0.638	0.250	0.111	0.001
0.051	0.947	0.001	0.001
0.295	0.001	0.703	0.001
0.001	0.997	0.001	0.001
0.001	0.943	0.001	0.055
>CCTTAGGC	6-CCTTAGGC	7.051139	-240.738100	0	T:7113.0(21.57%),B:5485.7(16.92%),P:1e-104	Tpos:405.0,Tstd:326.3,Bpos:289.6,Bstd:170.2,StrandBias:-0.0,Multiplicity:1.21
0.001	0.981	0.001	0.017
0.001	0.929	0.014	0.056
0.001	0.065	0.001	0.933
0.100	0.227	0.232	0.441
0.944	0.001	0.054	0.001
0.001	0.006	0.992	0.001
0.022	0.024	0.953	0.001
0.001	0.920	0.078	0.001
>CGAGGTCD	7-CGAGGTCD	5.980244	-226.134591	0	T:4102.0(12.44%),B:2900.3(8.95%),P:1e-98	Tpos:402.5,Tstd:329.1,Bpos:285.0,Bstd:177.8,StrandBias:-0.0,Multiplicity:1.11
0.001	0.997	0.001	0.001
0.032	0.001	0.966	0.001
0.997	0.001	0.001	0.001
0.329	0.001	0.669	0.001
0.001	0.001	0.997	0.001
0.001	0.001	0.001	0.997
0.001	0.964	0.001	0.034
0.365	0.001	0.357	0.278
>TTCMGGCA	8-TTCMGGCA	3.497217	-206.748269	0	T:7207.0(21.85%),B:5675.7(17.51%),P:1e-89	Tpos:397.9,Tstd:307.9,Bpos:283.3,Bstd:172.0,StrandBias:-0.0,Multiplicity:1.24
0.001	0.001	0.001	0.997
0.001	0.073	0.001	0.925
0.001	0.997	0.001	0.001
0.445	0.553	0.001	0.001
0.001	0.001	0.997	0.001
0.001	0.001	0.997	0.001
0.001	0.997	0.001	0.001
0.622	0.001	0.376	0.001
>RTCACGCG	9-RTCACGCG	5.829407	-181.117375	0	T:5255.0(15.93%),B:4015.7(12.39%),P:1e-78	Tpos:426.2,Tstd:309.4,Bpos:283.9,Bstd:180.9,StrandBias:0.0,Multiplicity:1.37
0.451	0.001	0.411	0.137
0.185	0.005	0.003	0.807
0.148	0.654	0.124	0.074
0.750	0.106	0.001	0.143
0.001	0.997	0.001	0.001
0.001	0.001	0.997	0.001
0.001	0.918	0.001	0.080
0.068	0.004	0.927	0.001
>ACTTCCGS	10-ACTTCCGS	8.142755	-161.807139	0	T:1841.0(5.58%),B:1171.2(3.61%),P:1e-70	Tpos:424.8,Tstd:294.5,Bpos:274.9,Bstd:163.2,StrandBias:-0.0,Multiplicity:1.13
0.944	0.001	0.001	0.054
0.065	0.647	0.106	0.182
0.042	0.001	0.015	0.942
0.081	0.156	0.137	0.626
0.010	0.976	0.013	0.001
0.001	0.997	0.001	0.001
0.001	0.181	0.578	0.240
0.001	0.428	0.312	0.259
>YAGRGGGC	11-YAGRGGGC	9.440115	-154.511349	0	T:4534.0(13.75%),B:3461.1(10.68%),P:1e-67	Tpos:374.7,Tstd:308.0,Bpos:282.1,Bstd:166.3,StrandBias:0.0,Multiplicity:1.10
0.001	0.569	0.001	0.429
0.997	0.001	0.001	0.001
0.001	0.001	0.997	0.001
0.540	0.001	0.458	0.001
0.001	0.001	0.992	0.006
0.001	0.001	0.997	0.001
0.001	0.001	0.997	0.001
0.001	0.997	0.001	0.001
>VVAGATAA	12-VVAGATAA	6.529056	-146.259736	0	T:8161.0(24.74%),B:6769.1(20.88%),P:1e-63	Tpos:384.5,Tstd:333.8,Bpos:285.8,Bstd:170.6,StrandBias:0.0,Multiplicity:1.31
0.349	0.225	0.305	0.121
0.430	0.281	0.287	0.001
0.542	0.332	0.001	0.125
0.045	0.084	0.870	0.001
0.891	0.080	0.001	0.028
0.038	0.001	0.001	0.960
0.935	0.026	0.001	0.038
0.916	0.013	0.041	0.030
>GVAATCGG	13-GVAATCGG	5.882467	-143.575457	0	T:7392.0(22.41%),B:6072.0(18.73%),P:1e-62	Tpos:406.4,Tstd:333.1,Bpos:291.0,Bstd:180.9,StrandBias:0.0,Multiplicity:1.26
0.235	0.135	0.455	0.175
0.278	0.239	0.382	0.102
0.983	0.001	0.015	0.001
0.611	0.024	0.045	0.320
0.001	0.364	0.105	0.530
0.001	0.983	0.001	0.015
0.001	0.351	0.514	0.134
0.012	0.098	0.751	0.139
>BCTTATCA	14-BCTTATCA	8.354705	-140.438956	0	T:2123.0(6.44%),B:1439.7(4.44%),P:1e-60	Tpos:370.0,Tstd:307.9,Bpos:281.3,Bstd:165.5,StrandBias:-0.1,Multiplicity:1.05
0.001	0.267	0.329	0.403
0.085	0.771	0.143	0.001
0.001	0.001	0.163	0.835
0.032	0.025	0.157	0.786
0.959	0.001	0.001	0.039
0.001	0.032	0.001	0.966
0.376	0.590	0.033	0.001
0.913	0.001	0.085	0.001
>CTGAACCT	15-CTGAACCT	8.236954	-117.404077	0	T:1442.0(4.37%),B:933.1(2.88%),P:1e-50	Tpos:349.3,Tstd:295.5,Bpos:283.2,Bstd:169.7,StrandBias:0.0,Multiplicity:1.22
0.100	0.700	0.100	0.100
0.100	0.100	0.100	0.700
0.100	0.100	0.700	0.100
0.700	0.100	0.100	0.100
0.700	0.100	0.100	0.100
0.100	0.700	0.100	0.100
0.100	0.700	0.100	0.100
0.100	0.100	0.100	0.700
>AGCGTTCT	16-AGCGTTCT	5.375295	-116.737112	0	T:11038.0(33.46%),B:9607.9(29.64%),P:1e-50	Tpos:390.2,Tstd:321.5,Bpos:285.9,Bstd:174.8,StrandBias:-0.0,Multiplicity:1.31
0.708	0.079	0.110	0.103
0.132	0.072	0.769	0.027
0.032	0.923	0.033	0.012
0.078	0.024	0.791	0.107
0.091	0.140	0.139	0.630
0.100	0.172	0.088	0.640
0.051	0.793	0.095	0.061
0.057	0.090	0.105	0.748
>CCGAGGCA	17-CCGAGGCA	4.586523	-114.766172	0	T:5910.0(17.92%),B:4835.2(14.92%),P:1e-49	Tpos:388.5,Tstd:322.2,Bpos:290.6,Bstd:171.2,StrandBias:-0.1,Multiplicity:1.14
0.001	0.997	0.001	0.001
0.001	0.807	0.191	0.001
0.021	0.182	0.796	0.001
0.997	0.001	0.001	0.001
0.001	0.001	0.997	0.001
0.001	0.001	0.988	0.010
0.001	0.997	0.001	0.001
0.997	0.001	0.001	0.001
>CCCAATTA	18-CCCAATTA	8.236954	-100.546859	0	T:696.0(2.11%),B:385.5(1.19%),P:1e-43	Tpos:338.1,Tstd:287.0,Bpos:305.2,Bstd:165.0,StrandBias:0.1,Multiplicity:1.01
0.100	0.700	0.100	0.100
0.100	0.700	0.100	0.100
0.100	0.700	0.100	0.100
0.700	0.100	0.100	0.100
0.700	0.100	0.100	0.100
0.100	0.100	0.100	0.700
0.100	0.100	0.100	0.700
0.700	0.100	0.100	0.100
>DAWHCGCC	19-DAWHCGCC	5.076284	-84.447710	0	T:10841.0(32.87%),B:9606.7(29.64%),P:1e-36	Tpos:421.0,Tstd:324.4,Bpos:281.4,Bstd:179.8,StrandBias:-0.0,Multiplicity:1.49
0.359	0.035	0.356	0.249
0.441	0.278	0.020	0.260
0.415	0.109	0.060	0.416
0.363	0.230	0.032	0.375
0.109	0.746	0.098	0.047
0.071	0.015	0.868	0.046
0.075	0.774	0.069	0.082
0.059	0.515	0.072	0.354
>TGGCTTAC	20-TGGCTTAC	10.933503	-83.065127	0	T:986.0(2.99%),B:633.0(1.95%),P:1e-36	Tpos:335.6,Tstd:296.8,Bpos:299.1,Bstd:163.5,StrandBias:-0.0,Multiplicity:1.02
0.001	0.001	0.001	0.997
0.001	0.001	0.997	0.001
0.125	0.001	0.873	0.001
0.001	0.997	0.001	0.001
0.001	0.001	0.001	0.997
0.001	0.001	0.001	0.997
0.997	0.001	0.001	0.001
0.001	0.997	0.001	0.001
>TTAGCTAG	21-TTAGCTAG	7.881310	-80.960452	0	T:1952.0(5.92%),B:1438.1(4.44%),P:1e-35	Tpos:366.8,Tstd:303.1,Bpos:280.5,Bstd:176.6,StrandBias:-0.0,Multiplicity:1.09
0.001	0.051	0.001	0.947
0.001	0.001	0.049	0.949
0.580	0.219	0.091	0.110
0.091	0.001	0.592	0.316
0.001	0.746	0.001	0.252
0.025	0.001	0.143	0.831
0.997	0.001	0.001	0.001
0.001	0.001	0.627	0.371
>AAGAATGT	22-AAGAATGT	9.529430	-77.552860	0	T:2056.0(6.23%),B:1537.6(4.74%),P:1e-33	Tpos:385.1,Tstd:313.3,Bpos:284.9,Bstd:175.6,StrandBias:0.1,Multiplicity:1.10
0.997	0.001	0.001	0.001
0.963	0.035	0.001	0.001
0.001	0.001	0.997	0.001
0.997	0.001	0.001	0.001
0.907	0.001	0.001	0.091
0.001	0.001	0.001	0.997
0.001	0.001	0.754	0.244
0.001	0.001	0.001	0.997
>GAACAGAC	23-GAACAGAC	8.236954	-58.436279	0	T:996.0(3.02%),B:691.3(2.13%),P:1e-25	Tpos:366.2,Tstd:315.8,Bpos:291.8,Bstd:167.2,StrandBias:-0.0,Multiplicity:1.02
0.100	0.100	0.700	0.100
0.700	0.100	0.100	0.100
0.700	0.100	0.100	0.100
0.100	0.700	0.100	0.100
0.700	0.100	0.100	0.100
0.100	0.100	0.700	0.100
0.700	0.100	0.100	0.100
0.100	0.700	0.100	0.100
>TGCTAGCA	24-TGCTAGCA	8.236954	-41.569334	0	T:371.0(1.12%),B:223.4(0.69%),P:1e-18	Tpos:350.0,Tstd:281.7,Bpos:293.8,Bstd:168.7,StrandBias:0.0,Multiplicity:1.01
0.100	0.100	0.100	0.700
0.100	0.100	0.700	0.100
0.100	0.700	0.100	0.100
0.100	0.100	0.100	0.700
0.700	0.100	0.100	0.100
0.100	0.100	0.700	0.100
0.100	0.700	0.100	0.100
0.700	0.100	0.100	0.100
>ACAAACAA	25-ACAAACAA	9.338245	-33.477518	0	T:3567.0(10.81%),B:3088.8(9.53%),P:1e-14	Tpos:370.6,Tstd:328.2,Bpos:284.2,Bstd:183.4,StrandBias:-0.1,Multiplicity:1.73
0.997	0.001	0.001	0.001
0.001	0.997	0.001	0.001
0.957	0.001	0.041	0.001
0.997	0.001	0.001	0.001
0.929	0.001	0.069	0.001
0.001	0.997	0.001	0.001
0.766	0.198	0.035	0.001
0.997	0.001	0.001	0.001
