>GGCGGATT	1-GGCGGATT	10.752485	-845.256106	0	T:4636.0(7.53%),B:2411.8(3.93%),P:1e-367	Tpos:2397.4,Tstd:3643.3,Bpos:699.6,Bstd:452.8,StrandBias:0.0,Multiplicity:1.16
0.001	0.001	0.997	0.001
0.001	0.001	0.997	0.001
0.001	0.997	0.001	0.001
0.212	0.001	0.786	0.001
0.001	0.001	0.997	0.001
0.997	0.001	0.001	0.001
0.001	0.001	0.001	0.997
0.001	0.074	0.001	0.924
>ATTAAAGG	2-ATTAAAGG	8.236954	-586.056761	0	T:13208.0(21.46%),B:9935.0(16.19%),P:1e-254	Tpos:2398.2,Tstd:3524.9,Bpos:689.3,Bstd:444.3,StrandBias:-0.0,Multiplicity:1.60
0.700	0.100	0.100	0.100
0.100	0.100	0.100	0.700
0.100	0.100	0.100	0.700
0.700	0.100	0.100	0.100
0.700	0.100	0.100	0.100
0.700	0.100	0.100	0.100
0.100	0.100	0.700	0.100
0.100	0.100	0.700	0.100
>GTTTTTCG	3-GTTTTTCG	8.236954	-556.787648	0	T:3478.0(5.65%),B:1886.0(3.07%),P:1e-241	Tpos:2504.1,Tstd:3642.9,Bpos:695.2,Bstd:449.4,StrandBias:-0.0,Multiplicity:1.13
0.100	0.100	0.700	0.100
0.100	0.100	0.100	0.700
0.100	0.100	0.100	0.700
0.100	0.100	0.100	0.700
0.100	0.100	0.100	0.700
0.100	0.100	0.100	0.700
0.100	0.700	0.100	0.100
0.100	0.100	0.700	0.100
>TGAGTTCG	4-TGAGTTCG	8.236954	-503.811329	0	T:6963.0(11.31%),B:4723.2(7.70%),P:1e-218	Tpos:2471.6,Tstd:3557.9,Bpos:701.6,Bstd:458.9,StrandBias:0.0,Multiplicity:1.28
0.100	0.100	0.100	0.700
0.100	0.100	0.700	0.100
0.700	0.100	0.100	0.100
0.100	0.100	0.700	0.100
0.100	0.100	0.100	0.700
0.100	0.100	0.100	0.700
0.100	0.700	0.100	0.100
0.100	0.100	0.700	0.100
>ACAGGGTT	5-ACAGGGTT	8.236954	-395.759576	0	T:12221.0(19.85%),B:9583.3(15.62%),P:1e-171	Tpos:2443.3,Tstd:3533.2,Bpos:692.2,Bstd:440.6,StrandBias:-0.0,Multiplicity:1.52
0.700	0.100	0.100	0.100
0.100	0.700	0.100	0.100
0.700	0.100	0.100	0.100
0.100	0.100	0.700	0.100
0.100	0.100	0.700	0.100
0.100	0.100	0.700	0.100
0.100	0.100	0.100	0.700
0.100	0.100	0.100	0.700
>CTGGTCTA	6-CTGGTCTA	11.013810	-384.310986	0	T:13013.0(21.14%),B:10338.8(16.85%),P:1e-166	Tpos:2475.3,Tstd:3487.2,Bpos:701.1,Bstd:444.6,StrandBias:0.0,Multiplicity:1.62
0.001	0.997	0.001	0.001
0.001	0.001	0.001	0.997
0.052	0.001	0.946	0.001
0.001	0.001	0.997	0.001
0.001	0.001	0.001	0.997
0.001	0.997	0.001	0.001
0.001	0.001	0.001	0.997
0.997	0.001	0.001	0.001
>GATCCGCC	7-GATCCGCC	7.143520	-380.065337	0	T:10006.0(16.26%),B:7644.3(12.46%),P:1e-165	Tpos:2183.3,Tstd:3249.2,Bpos:698.1,Bstd:417.0,StrandBias:-0.0,Multiplicity:1.18
0.305	0.068	0.567	0.060
0.678	0.127	0.050	0.145
0.069	0.132	0.109	0.690
0.052	0.865	0.021	0.062
0.046	0.747	0.053	0.154
0.119	0.013	0.850	0.018
0.049	0.811	0.100	0.040
0.059	0.793	0.058	0.090
>GAGTTCMA	8-GAGTTCMA	10.109364	-355.307018	0	T:12547.0(20.38%),B:10009.1(16.31%),P:1e-154	Tpos:2449.1,Tstd:3518.8,Bpos:694.4,Bstd:430.8,StrandBias:0.0,Multiplicity:1.61
0.001	0.001	0.997	0.001
0.997	0.001	0.001	0.001
0.005	0.001	0.993	0.001
0.001	0.001	0.001	0.997
0.001	0.005	0.001	0.993
0.001	0.997	0.001	0.001
0.386	0.361	0.198	0.056
0.997	0.001	0.001	0.001
>TAGCCCTG	9-TAGCCCTG	10.920527	-254.052914	0	T:12012.0(19.51%),B:9885.5(16.11%),P:1e-110	Tpos:2480.3,Tstd:3593.9,Bpos:702.8,Bstd:439.0,StrandBias:0.0,Multiplicity:1.50
0.001	0.001	0.001	0.997
0.997	0.001	0.001	0.001
0.001	0.001	0.997	0.001
0.001	0.997	0.001	0.001
0.001	0.997	0.001	0.001
0.001	0.914	0.001	0.084
0.001	0.058	0.001	0.940
0.001	0.001	0.997	0.001
>GCCTSAGG	10-GCCTSAGG	10.068204	-246.999913	0	T:8796.0(14.29%),B:6976.2(11.37%),P:1e-107	Tpos:2120.0,Tstd:3254.2,Bpos:707.4,Bstd:419.4,StrandBias:-0.0,Multiplicity:1.25
0.001	0.140	0.858	0.001
0.001	0.997	0.001	0.001
0.001	0.997	0.001	0.001
0.001	0.001	0.001	0.997
0.112	0.427	0.340	0.122
0.997	0.001	0.001	0.001
0.001	0.001	0.997	0.001
0.001	0.001	0.997	0.001
>GCCACACC	11-GCCACACC	9.953163	-219.832685	0	T:7584.0(12.32%),B:5979.6(9.75%),P:1e-95	Tpos:2003.7,Tstd:3102.2,Bpos:704.9,Bstd:411.9,StrandBias:-0.0,Multiplicity:1.27
0.242	0.001	0.756	0.001
0.001	0.997	0.001	0.001
0.001	0.997	0.001	0.001
0.713	0.285	0.001	0.001
0.001	0.997	0.001	0.001
0.604	0.001	0.394	0.001
0.001	0.997	0.001	0.001
0.001	0.997	0.001	0.001
>CGAGCRCT	12-CGAGCRCT	8.275341	-215.184853	0	T:6157.0(10.00%),B:4725.0(7.70%),P:1e-93	Tpos:2250.5,Tstd:3351.3,Bpos:712.0,Bstd:433.3,StrandBias:-0.0,Multiplicity:1.20
0.074	0.899	0.018	0.009
0.017	0.178	0.710	0.095
0.810	0.067	0.082	0.041
0.028	0.072	0.879	0.021
0.071	0.537	0.057	0.335
0.364	0.102	0.486	0.047
0.029	0.846	0.108	0.017
0.013	0.007	0.023	0.957
>GCCACACC	13-GCCACACC	8.349419	-177.340151	0	T:15437.0(25.08%),B:13449.2(21.92%),P:1e-77	Tpos:2143.0,Tstd:3218.6,Bpos:704.5,Bstd:409.9,StrandBias:0.0,Multiplicity:1.35
0.311	0.001	0.687	0.001
0.274	0.724	0.001	0.001
0.153	0.829	0.017	0.001
0.885	0.099	0.015	0.001
0.001	0.916	0.001	0.082
0.529	0.044	0.269	0.158
0.136	0.819	0.044	0.001
0.001	0.984	0.014	0.001
>TCACTYTG	14-TCACTYTG	10.382157	-173.677910	0	T:7755.0(12.60%),B:6302.4(10.27%),P:1e-75	Tpos:2228.7,Tstd:3140.0,Bpos:706.9,Bstd:440.5,StrandBias:-0.0,Multiplicity:1.27
0.001	0.001	0.001	0.997
0.001	0.997	0.001	0.001
0.997	0.001	0.001	0.001
0.001	0.997	0.001	0.001
0.001	0.001	0.001	0.997
0.107	0.389	0.001	0.503
0.001	0.001	0.001	0.997
0.001	0.001	0.997	0.001
>CCTGGAAC	15-CCTGGAAC	10.683660	-155.908004	0	T:15068.0(24.48%),B:13218.0(21.54%),P:1e-67	Tpos:2438.2,Tstd:3570.8,Bpos:699.9,Bstd:439.4,StrandBias:-0.0,Multiplicity:1.68
0.001	0.997	0.001	0.001
0.001	0.997	0.001	0.001
0.001	0.001	0.001	0.997
0.001	0.318	0.680	0.001
0.001	0.001	0.997	0.001
0.997	0.001	0.001	0.001
0.997	0.001	0.001	0.001
0.001	0.997	0.001	0.001
>AAACAAAC	16-AAACAAAC	10.553484	-136.934587	0	T:13190.0(21.43%),B:11542.9(18.81%),P:1e-59	Tpos:2110.1,Tstd:3168.0,Bpos:691.5,Bstd:443.8,StrandBias:0.0,Multiplicity:2.82
0.997	0.001	0.001	0.001
0.997	0.001	0.001	0.001
0.997	0.001	0.001	0.001
0.001	0.997	0.001	0.001
0.997	0.001	0.001	0.001
0.997	0.001	0.001	0.001
0.997	0.001	0.001	0.001
0.401	0.597	0.001	0.001
>AAGTGCTG	17-AAGTGCTG	8.236954	-112.837700	0	T:10276.0(16.69%),B:8928.6(14.55%),P:1e-49	Tpos:2319.8,Tstd:3362.8,Bpos:701.5,Bstd:436.6,StrandBias:-0.0,Multiplicity:1.37
0.700	0.100	0.100	0.100
0.700	0.100	0.100	0.100
0.100	0.100	0.700	0.100
0.100	0.100	0.100	0.700
0.100	0.100	0.700	0.100
0.100	0.700	0.100	0.100
0.100	0.100	0.100	0.700
0.100	0.100	0.700	0.100
>GCCTGGGG	18-GCCTGGGG	10.385288	-99.733362	0	T:9468.0(15.38%),B:8244.0(13.44%),P:1e-43	Tpos:2312.9,Tstd:3544.0,Bpos:708.9,Bstd:417.7,StrandBias:-0.0,Multiplicity:1.31
0.001	0.001	0.997	0.001
0.001	0.997	0.001	0.001
0.001	0.997	0.001	0.001
0.001	0.001	0.001	0.997
0.130	0.183	0.596	0.091
0.001	0.064	0.934	0.001
0.097	0.001	0.901	0.001
0.001	0.001	0.997	0.001
>CGCGSTRG	19-CGCGSTRG	7.168284	-93.792049	0	T:13027.0(21.16%),B:11662.1(19.01%),P:1e-40	Tpos:2157.3,Tstd:3140.8,Bpos:722.5,Bstd:420.8,StrandBias:0.1,Multiplicity:1.48
0.238	0.760	0.001	0.001
0.001	0.001	0.997	0.001
0.001	0.606	0.003	0.390
0.001	0.385	0.613	0.001
0.001	0.537	0.388	0.074
0.001	0.003	0.001	0.995
0.417	0.072	0.453	0.058
0.228	0.029	0.625	0.118
>CAGAGTGA	20-CAGAGTGA	10.803048	-52.754162	0	T:10108.0(16.42%),B:9185.3(14.97%),P:1e-22	Tpos:2412.4,Tstd:3595.5,Bpos:691.9,Bstd:431.8,StrandBias:0.0,Multiplicity:1.38
0.001	0.997	0.001	0.001
0.967	0.001	0.031	0.001
0.001	0.001	0.790	0.208
0.997	0.001	0.001	0.001
0.001	0.001	0.997	0.001
0.001	0.001	0.001	0.997
0.001	0.001	0.997	0.001
0.997	0.001	0.001	0.001
>GGGCGGGG	21-GGGCGGGG	9.315955	-49.616472	0	T:10201.0(16.57%),B:9302.9(15.16%),P:1e-21	Tpos:2074.5,Tstd:3026.4,Bpos:691.4,Bstd:367.5,StrandBias:-0.0,Multiplicity:1.85
0.001	0.001	0.957	0.041
0.094	0.001	0.637	0.268
0.001	0.001	0.875	0.123
0.001	0.967	0.031	0.001
0.001	0.136	0.516	0.347
0.123	0.001	0.875	0.001
0.044	0.032	0.899	0.025
0.188	0.001	0.810	0.001
>GCCACWCC	22-GCCACWCC	8.287416	-41.248591	0	T:14463.0(23.50%),B:13513.5(22.03%),P:1e-17	Tpos:2182.5,Tstd:3361.0,Bpos:696.8,Bstd:416.0,StrandBias:-0.0,Multiplicity:1.34
0.032	0.001	0.966	0.001
0.331	0.584	0.047	0.038
0.001	0.781	0.038	0.180
0.606	0.340	0.053	0.001
0.001	0.900	0.001	0.098
0.472	0.001	0.080	0.448
0.001	0.997	0.001	0.001
0.001	0.946	0.052	0.001
>GHGMCACC	23-GHGMCACC	7.367310	-0.039025	0	T:3853.0(6.26%),B:3947.1(6.43%),P:1e0	Tpos:2137.4,Tstd:3083.2,Bpos:708.7,Bstd:413.0,StrandBias:0.1,Multiplicity:1.10
0.001	0.017	0.911	0.071
0.384	0.279	0.013	0.324
0.001	0.005	0.984	0.010
0.413	0.364	0.001	0.222
0.333	0.596	0.001	0.070
0.677	0.098	0.218	0.007
0.043	0.645	0.242	0.070
0.006	0.653	0.330	0.011
>GGAGGCAG	24-GGAGGCAG	10.990279	-0.030792	0	T:18817.0(30.57%),B:18969.4(30.92%),P:1e0	Tpos:2418.5,Tstd:3615.3,Bpos:701.9,Bstd:429.6,StrandBias:0.0,Multiplicity:1.74
0.001	0.074	0.924	0.001
0.001	0.001	0.997	0.001
0.997	0.001	0.001	0.001
0.001	0.001	0.997	0.001
0.001	0.001	0.997	0.001
0.001	0.997	0.001	0.001
0.997	0.001	0.001	0.001
0.001	0.001	0.997	0.001
>TTTTTTTT	25-TTTTTTTT	8.236954	0.000000	0	T:17810.0(28.93%),B:21339.6(34.78%),P:1e0	Tpos:2529.5,Tstd:3425.8,Bpos:696.6,Bstd:444.9,StrandBias:0.0,Multiplicity:2.06
0.100	0.100	0.100	0.700
0.100	0.100	0.100	0.700
0.100	0.100	0.100	0.700
0.100	0.100	0.100	0.700
0.100	0.100	0.100	0.700
0.100	0.100	0.100	0.700
0.100	0.100	0.100	0.700
0.100	0.100	0.100	0.700
